10985 8846
1 10001
2 10002
3 10003
4 10003
5 10004
6 10005
7 10006
8 10007
9 10003
10 10008
11 10009
12 10010
13 10011
14 10007
15 10012
16 10003
17 10013
18 10014
19 10011
20 10015
21 10016
22 10017
23 10003
24 10018
25 10019
26 10016
27 10020
28 10007
29 10021
30 10022
31 10003
32 10003
33 10023
34 10003
35 10003
36 10020
37 10003
38 10024
39 10025
40 10003
41 10026
42 10011
43 10027
44 10028
45 10007
46 10029
47 10003
48 10030
49 10003
50 10031
51 10032
52 10033
53 10034
54 10035
55 10036
56 10003
57 10033
58 10003
59 10009
60 10037
61 10038
62 10007
63 10039
64 10040
51 10041
65 10003
66 10034
67 10042
68 10043
69 10044
70 10045
71 10046
72 10047
73 10048
74 10007
75 10017
76 10003
77 10003
78 10003
79 10003
69 10049
80 10050
81 10048
82 10051
83 10052
84 10033
85 10053
86 10054
87 10055
88 10056
89 10057
90 10058
91 10003
92 10059
93 10060
94 10008
95 10032
96 10047
97 10007
98 10061
99 10003
100 10032
101 10006
102 10031
96 10062
103 10063
104 10064
105 10065
106 10033
85 10007
107 10066
108 10019
109 10067
110 10066
111 10020
112 10003
113 10068
102 10069
114 10006
115 10039
116 10070
117 10071
118 10003
119 10072
120 10073
121 10051
122 10074
102 10075
123 10076
124 10026
125 10077
126 10006
102 10078
127 10057
128 10079
129 10039
130 10080
131 10033
132 10070
133 10081
134 10054
135 10033
136 10016
102 10082
137 10033
138 10083
139 10055
102 10084
80 10085
140 10032
141 10086
142 10010
143 10003
144 10073
145 10006
146 10017
147 10011
148 10003
149 10011
150 10087
151 10016
152 10047
103 10060
153 10088
154 10003
155 10020
156 10089
157 10090
158 10039
159 10011
160 10073
161 10091
162 10003
163 10092
124 10058
164 10093
158 10094
75 10032
165 10095
102 10096
166 10097
167 10098
102 10099
168 10005
169 10100
170 10039
171 10101
172 10102
173 10007
174 10103
175 10104
176 10033
177 10105
178 10050
179 10011
180 10003
181 10077
182 10032
183 10008
184 10106
185 10107
186 10108
187 10076
188 10109
189 10007
164 10085
190 10110
191 10108
192 10016
193 10111
194 10112
195 10039
196 10022
197 10004
198 10032
199 10113
200 10114
190 10115
201 10020
202 10116
203 10037
193 10117
204 10002
205 10033
206 10007
207 10073
208 10118
209 10033
210 10090
211 10003
212 10003
213 10047
214 10119
215 10120
216 10003
178 10073
217 10121
218 10011
219 10033
113 10122
220 10123
221 10033
222 10070
174 10124
109 10007
223 10032
224 10047
225 10087
170 10034
226 10125
227 10088
219 10126
227 10127
228 10115
229 10128
230 10129
231 10033
232 10034
233 10130
234 10131
235 10047
236 10132
237 10077
238 10088
239 10003
240 10034
241 10007
242 10085
243 10025
244 10133
245 10026
246 10134
247 10091
248 10049
249 10094
250 10087
251 10098
252 10135
253 10136
254 10055
196 10137
255 10011
256 10003
257 10003
193 10138
258 10017
259 10071
260 10003
261 10110
262 10020
263 10003
264 10034
265 10033
266 10003
267 10007
246 10030
196 10017
268 10071
269 10093
270 10032
271 10007
272 10011
273 10071
274 10034
275 10011
276 10139
200 10045
277 10065
278 10047
279 10052
280 10003
281 10003
282 10140
282 10141
283 10016
284 10142
285 10010
286 10014
287 10007
288 10143
158 10032
289 10064
290 10003
291 10144
292 10020
22 10145
293 10097
294 10007
295 10146
296 10073
297 10032
109 10020
298 10035
299 10054
300 10147
301 10093
302 10148
61 10093
303 10149
285 10020
304 10011
305 10150
306 10004
307 10003
166 10151
308 10073
309 10093
310 10114
311 10071
312 10033
313 10152
314 10022
315 10007
316 10087
317 10003
318 10007
319 10033
320 10020
321 10003
322 10153
323 10025
324 10010
325 10133
326 10003
80 10154
94 10155
327 10156
328 10033
133 10093
329 10003
330 10003
331 10003
332 10007
333 10093
334 10003
219 10129
335 10032
336 10020
337 10033
338 10022
339 10144
340 10003
341 10033
342 10119
343 10033
344 10004
296 10093
345 10104
346 10020
347 10033
348 10157
349 10033
193 10020
272 10054
158 10025
327 10053
350 10158
351 10033
352 10007
209 10055
353 10159
354 10160
355 10047
356 10007
242 10161
357 10162
358 10003
359 10112
360 10045
361 10003
362 10047
178 10163
363 10054
364 10071
365 10073
75 10007
362 10164
366 10087
367 10052
242 10165
368 10097
369 10166
285 10167
362 10168
370 10011
22 10169
371 10007
372 10030
373 10170
362 10171
374 10003
359 10077
362 10172
375 10013
376 10108
377 10173
362 10174
378 10003
379 10003
380 10003
381 10175
382 10007
36 10051
383 10071
384 10070
385 10003
85 10032
386 10011
387 10096
388 10152
389 10007
390 10176
391 10033
392 10047
284 10177
104 10178
393 10149
394 10179
395 10152
396 10033
160 10001
397 10057
398 10154
399 10003
400 10180
401 10007
402 10003
403 10003
404 10033
405 10079
242 10058
327 10086
406 10007
407 10050
408 10077
400 10181
409 10040
410 10039
357 10182
411 10012
412 10034
200 10183
413 10033
414 10004
353 10053
415 10077
416 10007
417 10147
418 10006
419 10101
420 10025
421 10148
422 10047
423 10127
424 10090
66 10032
425 10045
426 10033
390 10184
363 10033
427 10183
428 10110
429 10033
430 10003
431 10003
338 10032
432 10007
338 10034
350 10033
433 10004
434 10185
435 10186
436 10033
437 10007
438 10007
439 10187
440 10003
441 10011
298 10034
442 10188
443 10022
444 10026
445 10012
446 10033
447 10033
448 10033
449 10003
450 10189
451 10190
111 10073
452 10191
453 10097
454 10003
455 10050
456 10162
457 10055
456 10192
458 10062
456 10193
459 10194
460 10033
456 10195
314 10028
461 10015
462 10036
463 10196
1 10073
464 10173
465 10003
466 10197
467 10047
468 10037
469 10077
393 10198
470 10184
471 10032
472 10179
347 10199
473 10032
474 10011
411 10200
475 10201
200 10202
476 10060
477 10051
478 10007
479 10093
381 10203
480 10204
481 10003
412 10177
482 10205
483 10206
484 10207
279 10053
485 10208
486 10011
487 10191
488 10033
489 10169
490 10209
491 10035
492 10007
242 10162
493 10034
494 10038
495 10155
122 10093
496 10057
497 10055
498 10016
472 10057
499 10028
500 10115
501 10210
502 10108
503 10054
504 10087
300 10003
505 10047
506 10033
507 10055
508 10135
509 10003
510 10011
511 10211
512 10055
513 10035
514 10066
515 10212
516 10003
517 10003
518 10093
519 10071
520 10213
521 10066
522 10039
523 10065
524 10214
525 10215
500 10216
526 10034
527 10035
528 10037
529 10047
530 10032
531 10217
532 10007
533 10011
254 10017
534 10218
535 10042
294 10006
508 10034
536 10033
537 10032
538 10016
491 10034
539 10010
540 10219
541 10220
542 10007
393 10020
543 10033
544 10079
522 10032
226 10221
545 10022
546 10196
167 10208
226 10114
547 10222
548 10223
549 10177
550 10224
381 10225
551 10093
552 10226
553 10011
530 10034
554 10055
555 10149
556 10065
557 10003
558 10034
559 10004
560 10008
469 10016
549 10077
561 10011
562 10007
563 10003
564 10011
565 10034
566 10003
567 10227
568 10033
569 10003
570 10228
571 10003
497 10033
572 10003
530 10035
27 10180
573 10033
574 10147
575 10087
576 10085
577 10053
578 10003
579 10025
580 10229
581 10032
475 10177
582 10007
583 10007
584 10122
585 10034
586 10119
587 10230
588 10034
589 10231
590 10094
591 10003
592 10003
593 10007
594 10232
595 10004
596 10233
597 10008
598 10003
576 10234
599 10020
600 10235
601 10007
602 10236
603 10057
604 10121
605 10003
596 10007
606 10032
607 10003
608 10003
609 10007
610 10237
611 10016
612 10238
613 10072
614 10071
393 10229
22 10148
615 10239
616 10031
617 10017
618 10032
619 10240
620 10007
621 10007
113 10241
622 10152
623 10087
624 10071
625 10173
626 10033
296 10001
627 10040
373 10242
628 10033
629 10243
630 10033
631 10007
188 10033
530 10039
632 10160
633 10007
634 10244
635 10155
636 10003
637 10245
638 10003
639 10032
640 10033
641 10246
642 10087
643 10077
644 10020
645 10033
345 10247
646 10248
647 10091
579 10249
648 10007
649 10007
650 10196
237 10115
242 10112
458 10164
651 10077
652 10152
653 10077
654 10250
655 10139
656 10230
657 10251
164 10252
656 10163
658 10119
659 10147
660 10032
524 10092
656 10253
661 10007
543 10008
662 10254
663 10003
664 10093
665 10003
666 10004
656 10255
667 10251
668 10256
669 10003
654 10093
670 10047
671 10257
672 10033
673 10007
674 10258
675 10003
242 10259
654 10217
676 10260
296 10261
677 10003
678 10007
679 10020
680 10119
681 10033
392 10164
682 10262
683 10001
684 10033
685 10147
686 10263
687 10065
688 10033
689 10264
690 10034
691 10033
207 10033
50 10017
692 10148
693 10071
694 10212
695 10176
381 10163
696 10034
596 10265
697 10092
698 10036
699 10266
700 10007
701 10033
702 10003
699 10239
703 10267
704 10007
705 10155
706 10007
707 10003
708 10016
709 10007
518 10175
75 10268
178 10269
710 10241
711 10033
242 10093
712 10196
654 10073
713 10008
714 10270
715 10011
545 10252
716 10271
717 10007
718 10033
594 10032
719 10071
720 10272
265 10054
721 10020
722 10003
723 10031
724 10273
725 10143
726 10037
136 10045
727 10003
728 10269
729 10020
730 10274
731 10110
732 10040
733 10011
734 10275
735 10033
30 10229
736 10007
737 10020
596 10054
738 10276
739 10017
740 10033
741 10003
742 10007
743 10277
744 10278
745 10186
746 10007
747 10068
748 10011
749 10033
674 10279
750 10071
296 10154
751 10136
752 10280
577 10281
753 10007
599 10016
754 10262
755 10107
756 10011
757 10050
758 10075
759 10003
760 10065
761 10135
762 10033
763 10031
764 10077
765 10155
460 10282
709 10057
766 10020
767 10017
768 10283
769 10003
50 10284
770 10033
676 10093
771 10127
772 10039
724 10017
771 10088
773 10285
22 10073
774 10011
725 10203
775 10282
776 10007
777 10264
778 10105
779 10180
780 10020
781 10006
782 10038
783 10127
784 10286
785 10033
786 10147
787 10032
372 10007
323 10050
788 10032
789 10007
790 10287
791 10077
792 10288
793 10122
794 10191
795 10034
796 10052
797 10289
798 10061
799 10185
800 10093
801 10007
791 10290
802 10007
803 10011
472 10291
804 10047
805 10057
806 10256
799 10047
807 10278
536 10037
808 10160
809 10034
810 10088
811 10077
812 10003
813 10292
814 10115
815 10293
816 10184
817 10294
818 10033
819 10191
820 10177
821 10003
822 10295
823 10003
824 10033
825 10011
826 10147
808 10296
827 10036
828 10278
829 10108
830 10159
831 10033
832 10039
833 10007
834 10039
835 10297
836 10149
760 10093
837 10007
838 10087
724 10298
577 10016
839 10122
840 10077
172 10093
841 10003
842 10033
843 10299
844 10300
451 10055
845 10122
753 10013
846 10033
847 10282
848 10139
849 10189
850 10149
851 10093
852 10087
853 10011
854 10003
855 10064
856 10011
296 10008
857 10175
858 10301
102 10302
839 10051
859 10052
860 10065
849 10303
858 10304
861 10025
862 10016
863 10007
864 10032
865 10016
785 10016
866 10003
867 10305
868 10017
869 10003
870 10007
871 10306
872 10003
113 10020
873 10091
874 10003
875 10298
842 10060
813 10154
242 10007
876 10003
877 10003
878 10064
879 10274
880 10061
422 10113
881 10026
882 10307
883 10049
802 10057
884 10020
885 10011
886 10011
887 10006
888 10007
339 10308
889 10003
890 10033
875 10020
891 10309
892 10039
893 10310
894 10144
895 10256
892 10032
896 10043
897 10066
898 10151
899 10219
900 10273
901 10033
892 10034
902 10020
903 10006
904 10007
242 10311
905 10033
906 10039
907 10039
908 10153
909 10071
910 10011
911 10034
568 10211
912 10122
296 10312
577 10313
725 10314
913 10007
862 10315
914 10039
915 10316
916 10034
348 10317
781 10033
917 10007
918 10071
919 10003
920 10003
921 10003
922 10318
923 10159
924 10051
925 10266
926 10319
927 10108
928 10021
929 10119
930 10033
242 10073
410 10257
931 10320
932 10032
933 10007
934 10089
935 10321
936 10233
937 10011
938 10006
939 10003
940 10025
926 10322
941 10323
942 10011
943 10033
944 10133
597 10122
945 10324
284 10205
946 10007
102 10325
947 10039
948 10079
949 10011
950 10032
951 10055
952 10326
953 10327
862 10215
954 10008
111 10093
955 10032
956 10006
725 10328
957 10007
958 10205
959 10323
577 10093
960 10055
961 10020
962 10119
963 10147
964 10112
965 10106
966 10007
867 10329
967 10217
543 10055
965 10053
968 10006
969 10007
970 10147
813 10177
971 10071
972 10060
973 10091
974 10020
975 10071
209 10009
976 10020
977 10238
978 10254
979 10209
813 10050
980 10055
981 10033
982 10147
980 10033
50 10330
983 10331
984 10147
985 10191
986 10032
171 10048
314 10034
873 10332
987 10003
988 10020
989 10282
411 10122
990 10007
991 10333
429 10334
992 10040
993 10316
994 10033
995 10057
996 10335
997 10073
998 10336
999 10032
1000 10121
1001 10297
998 10337
1002 10003
298 10057
998 10338
1003 10017
1004 10248
1005 10034
1006 10010
978 10064
1007 10339
928 10130
1008 10011
1009 10003
1010 10033
1011 10007
1012 10034
998 10340
1013 10003
1014 10341
1015 10147
1016 10342
1017 10011
195 10032
1018 10003
171 10343
1019 10071
1020 10003
1021 10073
1022 10004
1023 10057
1024 10197
1025 10007
1023 10007
1026 10091
757 10093
1027 10030
935 10344
1028 10007
1029 10345
1030 10003
1031 10177
757 10177
1032 10007
1033 10346
1034 10011
1035 10082
1036 10003
194 10279
862 10163
1031 10347
1037 10034
1038 10005
1039 10348
1040 10003
1041 10021
1042 10033
160 10020
1043 10033
1039 10276
1044 10033
907 10349
1045 10003
200 10350
1046 10071
996 10351
1047 10033
1048 10009
1049 10087
1050 10033
1051 10058
1039 10352
1052 10097
1053 10017
474 10025
1054 10006
264 10008
207 10093
181 10073
1055 10087
495 10067
748 10353
1056 10033
954 10032
1057 10186
1058 10003
435 10354
1059 10171
193 10163
400 10355
1060 10356
1061 10009
407 10093
1062 10033
1063 10003
1064 10055
1057 10285
1065 10108
1066 10127
1067 10007
1068 10043
1069 10057
1070 10039
1071 10087
1072 10357
1073 10162
1074 10358
1075 10003
1076 10008
1060 10359
1073 10182
1077 10289
1078 10007
1073 10360
193 10230
1079 10341
1080 10361
1081 10068
1082 10027
1083 10177
1084 10007
1085 10032
200 10066
1086 10147
1087 10362
1088 10050
1089 10087
1090 10032
1091 10016
713 10353
1092 10177
1093 10003
1 10016
1070 10363
1094 10364
1095 10365
111 10033
1096 10177
1097 10366
934 10025
1098 10289
1099 10006
1100 10025
1101 10045
1102 10139
1103 10057
1104 10211
1105 10025
1106 10034
1107 10011
1108 10007
1109 10098
1110 10019
264 10126
1111 10032
1112 10047
1113 10165
92 10147
1114 10194
1115 10033
1116 10064
1117 10367
1118 10034
102 10333
1119 10053
555 10032
1087 10368
1120 10011
1121 10129
1122 10052
934 10277
1123 10369
1124 10370
1125 10051
1126 10007
538 10169
1127 10007
1113 10371
1128 10066
1129 10003
1130 10055
1131 10003
1132 10055
1133 10007
637 10143
102 10372
1134 10007
1135 10290
1136 10007
996 10373
1137 10032
1073 10166
1138 10374
1139 10008
1140 10375
1141 10007
1142 10181
1143 10017
1144 10091
1145 10094
1100 10065
1146 10073
1147 10020
1148 10013
1149 10139
1150 10092
1151 10013
1152 10177
1153 10003
687 10008
1154 10008
1155 10020
1156 10046
1157 10093
1158 10088
1159 10185
1160 10197
1161 10073
791 10216
193 10008
1162 10196
1163 10122
1079 10091
1164 10037
1165 10073
1166 10178
1167 10097
1168 10168
1169 10129
1170 10007
1171 10376
1172 10008
1173 10011
790 10377
1174 10032
494 10254
1175 10007
1176 10007
579 10378
1177 10004
1178 10379
1179 10058
1051 10230
1180 10380
1181 10147
1182 10007
1183 10148
1113 10304
1146 10064
1180 10169
1184 10007
445 10085
477 10177
1185 10194
1186 10274
264 10032
703 10381
1187 10382
477 10215
1188 10006
1189 10055
1190 10147
1191 10383
1192 10384
1193 10032
1194 10230
868 10353
1195 10260
1196 10139
1197 10007
1198 10385
1199 10196
477 10073
1191 10047
996 10386
1200 10063
1201 10037
1191 10062
1202 10387
1203 10219
1204 10007
522 10388
1205 10007
1123 10389
1206 10006
1207 10051
687 10057
1208 10047
1209 10006
1210 10277
1211 10003
1165 10390
1212 10012
1213 10016
1214 10149
1215 10007
1216 10032
1148 10039
1217 10003
111 10016
1218 10077
1219 10051
1220 10217
1100 10032
1221 10212
1222 10065
1223 10087
498 10079
914 10155
1224 10071
1225 10391
1226 10387
1227 10007
1066 10392
1228 10119
247 10343
1080 10073
1207 10058
1229 10393
1230 10003
1231 10071
1232 10011
1233 10195
1234 10109
1235 10003
1236 10394
1237 10003
1238 10093
1239 10093
1240 10098
1241 10007
1238 10073
577 10212
1242 10165
1243 10108
781 10053
1244 10395
1245 10091
1246 10003
1247 10047
1248 10033
1249 10396
420 10397
1250 10088
1251 10003
1252 10039
1253 10055
1254 10071
1255 10205
1256 10065
1257 10398
1258 10020
61 10007
1259 10007
1260 10024
1261 10399
972 10400
1262 10003
1263 10007
1257 10073
1264 10033
1265 10214
1266 10401
1267 10008
193 10402
1268 10003
1269 10399
1072 10217
1270 10077
1271 10149
1272 10032
1273 10003
1233 10403
1233 10404
1042 10121
1274 10013
1275 10405
1276 10217
1277 10003
1278 10003
1233 10406
1279 10118
111 10034
1280 10204
1281 10149
415 10020
1282 10311
1283 10047
1284 10003
1285 10003
1286 10033
1287 10017
1288 10004
1125 10091
1289 10227
1290 10034
1291 10039
1292 10032
1293 10033
1294 10171
1168 10047
300 10066
1295 10407
1296 10408
1297 10389
1298 10264
1299 10003
1300 10264
1301 10003
1302 10049
1303 10032
604 10409
133 10175
1304 10091
1305 10033
1306 10228
1307 10088
1308 10158
1263 10410
1309 10033
1310 10119
1311 10011
1312 10411
1313 10020
1314 10027
882 10093
1315 10044
1316 10412
1317 10003
629 10077
1318 10003
1238 10238
1319 10003
1320 10007
1321 10047
1322 10196
1076 10413
1323 10220
1179 10026
1324 10047
718 10025
1325 10230
1297 10204
1326 10414
1327 10153
1328 10003
1329 10415
1330 10217
1331 10211
1275 10103
1332 10009
1333 10007
1334 10083
1335 10139
1336 10011
1337 10003
725 10416
1338 10006
1339 10217
1340 10219
1341 10219
1342 10025
1343 10417
1060 10418
1344 10108
1345 10016
166 10033
1346 10033
1347 10034
138 10025
1291 10034
1348 10298
1349 10033
247 10077
1311 10077
1275 10047
1350 10058
1351 10148
1352 10147
1353 10033
1354 10032
1355 10034
1356 10318
1357 10037
520 10155
1358 10070
596 10093
1359 10266
102 10083
1359 10239
1360 10419
934 10235
1361 10101
1362 10047
1164 10033
1363 10147
1364 10278
1365 10420
1366 10141
586 10246
1367 10244
1368 10007
1369 10003
1370 10421
1371 10422
1372 10032
1266 10001
1373 10091
1374 10039
1375 10025
1376 10003
102 10423
1195 10092
102 10424
1377 10033
57 10097
1378 10003
1379 10003
1171 10425
1380 10426
102 10135
1381 10034
1361 10055
1382 10003
102 10076
1244 10227
861 10007
102 10140
1330 10427
1178 10164
102 10071
1383 10003
1384 10011
882 10053
1385 10428
1386 10007
1387 10003
102 10429
1388 10033
1389 10007
1390 10150
1391 10028
1392 10205
1307 10430
1393 10331
1394 10155
156 10007
102 10431
1395 10116
1396 10008
1397 10098
1398 10033
1399 10006
1400 10020
1401 10114
1084 10432
1402 10033
1355 10134
1403 10433
1404 10394
1405 10003
1406 10064
1183 10434
1407 10034
1367 10435
1408 10032
1409 10073
1410 10047
1411 10122
816 10016
1412 10043
1413 10278
1414 10073
1415 10093
1355 10436
1416 10007
1417 10007
1418 10437
1419 10003
1420 10003
1421 10163
1422 10020
1423 10165
1424 10034
1308 10033
1425 10003
1426 10219
1111 10034
1316 10112
1427 10039
1428 10033
725 10438
1429 10026
1402 10291
1430 10032
839 10306
381 10388
957 10439
1431 10031
1432 10003
1433 10003
733 10033
1434 10259
1435 10045
1436 10091
1437 10230
599 10210
1438 10183
1439 10033
1440 10003
61 10440
1441 10007
1442 10034
1443 10073
1444 10409
1445 10441
103 10079
781 10034
122 10101
1446 10007
1367 10442
1447 10007
1448 10443
1316 10091
1449 10007
1060 10074
1450 10047
1451 10149
1452 10020
1442 10035
1453 10271
1454 10052
1155 10061
1455 10273
1456 10332
1457 10016
1458 10428
1171 10247
1459 10211
1371 10444
1367 10177
1460 10147
1461 10003
1462 10055
1253 10033
1340 10147
1463 10278
1325 10115
1464 10413
1465 10413
1466 10445
1467 10446
1468 10375
1469 10064
1470 10447
1471 10323
1472 10077
1367 10448
1473 10044
1367 10051
1031 10398
1474 10265
1475 10003
1445 10007
1367 10449
1476 10003
1207 10145
1477 10037
1478 10003
1207 10380
1479 10021
1480 10339
1481 10403
1111 10450
1482 10144
1483 10055
122 10073
1484 10003
1485 10003
261 10032
1486 10149
1487 10055
102 10451
217 10452
1488 10453
1117 10177
1489 10073
725 10433
1431 10017
1490 10007
683 10093
1491 10034
1307 10454
1492 10003
1289 10455
1493 10015
1494 10456
1495 10037
1496 10302
1415 10051
802 10030
1497 10033
1498 10349
1499 10208
1500 10118
1501 10457
1502 10087
158 10020
788 10017
1503 10047
1504 10011
1505 10003
1506 10033
1111 10065
1507 10162
1508 10192
1508 10195
1508 10170
1509 10033
1510 10073
1511 10077
1512 10034
1513 10458
1514 10014
253 10459
1515 10007
1171 10086
785 10055
1111 10073
667 10393
1516 10263
1517 10433
1518 10003
1519 10316
1520 10460
1521 10016
1283 10168
1522 10032
1523 10461
1524 10359
1525 10087
1526 10065
1527 10462
1528 10007
1510 10077
1529 10007
1530 10033
798 10463
1531 10178
1532 10003
1533 10047
1534 10229
1367 10464
1535 10011
1006 10033
1367 10016
1536 10162
1536 10465
1537 10127
1538 10234
236 10373
27 10247
1537 10392
1539 10041
1540 10008
1496 10433
1514 10047
1541 10154
1542 10033
1101 10033
27 10212
560 10238
1524 10466
1543 10467
1543 10195
1544 10003
1545 10003
1546 10151
959 10001
983 10039
788 10016
1547 10033
691 10055
1548 10091
1549 10007
1550 10020
1551 10033
370 10290
1552 10007
1550 10059
1553 10178
634 10456
1554 10019
683 10177
1555 10011
1556 10154
1557 10033
1558 10047
983 10468
231 10054
1291 10273
1559 10003
1560 10020
1561 10177
1562 10075
1563 10034
1481 10103
1564 10008
1565 10011
345 10073
393 10469
131 10093
1468 10093
1566 10196
102 10198
1567 10139
1568 10032
1524 10073
151 10048
1569 10470
1570 10471
1571 10003
1570 10472
1572 10473
1573 10020
1570 10474
1464 10238
1526 10039
1574 10009
1548 10022
1575 10017
1576 10073
1577 10007
1578 10475
1579 10087
1580 10073
1569 10155
1578 10204
1553 10093
1581 10164
1096 10050
102 10458
1582 10021
1574 10033
88 10212
265 10476
1583 10238
1584 10007
1585 10453
1529 10212
882 10088
1442 10020
1586 10016
102 10477
1587 10189
683 10238
1588 10034
1589 10407
1415 10177
1590 10003
1591 10014
1592 10478
1593 10054
1594 10073
1595 10144
560 10033
1596 10017
1597 10282
1598 10479
1599 10139
1600 10083
1601 10003
1602 10007
1060 10057
740 10129
1603 10024
1604 10003
1605 10008
794 10114
1606 10339
1569 10225
102 10480
1607 10481
1494 10007
1588 10482
1291 10106
1608 10015
1609 10079
1548 10347
1610 10076
1588 10349
1526 10149
1171 10483
1611 10003
1612 10003
1613 10055
1614 10003
1615 10003
1616 10034
892 10006
1617 10087
1618 10007
1619 10484
1620 10105
1621 10056
1459 10129
1442 10016
1569 10177
1622 10003
1623 10032
1624 10282
1625 10330
1626 10362
1569 10051
1627 10003
1628 10003
1629 10007
1630 10153
1631 10007
1632 10011
1633 10026
577 10357
1634 10147
393 10152
1635 10003
1636 10339
1637 10011
1638 10031
1639 10244
1640 10485
1641 10047
1221 10032
1642 10066
1569 10093
1643 10003
1641 10389
1189 10033
109 10001
1644 10149
784 10108
767 10212
882 10312
1645 10033
1646 10266
1647 10034
1646 10239
1648 10006
1298 10007
193 10093
1649 10025
1641 10405
349 10025
1172 10020
1640 10025
1650 10007
1589 10009
226 10135
1641 10368
1481 10342
1586 10231
556 10033
1651 10288
1652 10398
1653 10486
1654 10010
1472 10010
1655 10487
1656 10047
381 10488
1657 10033
589 10148
1658 10223
1659 10162
1660 10087
1661 10024
1662 10089
1663 10032
1664 10011
29 10144
1665 10034
393 10260
1481 10161
1661 10054
1666 10003
1667 10259
1115 10223
1668 10149
1669 10087
1670 10073
1671 10007
1672 10489
1496 10033
907 10085
1673 10070
1674 10148
1675 10007
1676 10007
193 10051
1677 10036
1678 10007
1679 10034
1680 10007
1395 10490
1238 10055
1681 10007
1682 10033
1481 10474
907 10016
1683 10039
1684 10033
38 10479
1685 10020
1187 10034
1686 10003
1626 10472
1510 10463
868 10428
1687 10091
1688 10007
1689 10147
1690 10289
1691 10003
1692 10070
1586 10447
1693 10491
1694 10492
1329 10165
1695 10033
1056 10121
1481 10493
667 10494
1696 10204
1662 10109
1697 10461
1698 10294
1699 10495
1700 10408
1701 10496
1682 10055
1276 10147
445 10051
1702 10033
1361 10001
1703 10497
1704 10498
1696 10499
1705 10196
1706 10500
1526 10197
1707 10110
1708 10003
1709 10086
1710 10003
1711 10032
1712 10501
393 10273
1713 10007
1714 10007
1715 10083
1716 10003
1717 10032
1481 10502
1718 10110
577 10245
1719 10003
1626 10503
1720 10033
1721 10020
1722 10032
1100 10504
1723 10077
1724 10009
1725 10149
1726 10306
1727 10505
1728 10006
1729 10051
1481 10506
1520 10093
1730 10016
991 10507
1731 10093
1732 10047
1733 10003
1734 10033
1735 10122
1531 10033
1736 10020
1737 10508
1738 10008
1739 10487
1740 10034
207 10177
661 10211
236 10020
882 10052
1741 10115
1742 10047
1743 10196
1744 10016
1729 10073
1652 10052
1745 10033
1746 10033
1747 10306
1748 10003
1329 10509
1171 10094
1749 10086
1750 10349
1751 10003
1752 10075
1291 10053
1753 10003
1754 10035
594 10039
1755 10204
1749 10510
1756 10033
38 10010
1757 10310
1758 10189
1759 10003
1645 10073
1760 10152
1761 10153
577 10349
1762 10418
1291 10418
95 10186
1763 10039
781 10001
1764 10052
480 10171
1481 10511
1765 10003
133 10007
781 10093
1766 10003
1095 10033
1767 10039
1395 10155
1768 10025
1769 10211
1770 10090
172 10512
1771 10011
1772 10125
1773 10003
236 10175
1000 10381
1774 10033
1775 10025
111 10177
38 10316
1776 10011
102 10513
1777 10032
1750 10428
1307 10020
1778 10514
102 10515
1778 10516
1291 10232
102 10517
1779 10149
1780 10003
102 10060
1781 10091
102 10088
1782 10003
977 10351
1783 10269
1526 10093
1784 10039
102 10127
1785 10149
599 10440
1786 10009
1787 10128
1788 10081
1789 10003
1790 10191
1791 10273
1792 10070
1793 10121
1794 10036
1795 10003
1796 10064
1312 10518
1797 10003
1798 10011
1536 10519
1799 10033
1800 10149
1801 10003
1802 10040
1803 10039
1694 10516
1804 10003
1805 10003
1056 10409
1806 10085
1528 10023
1100 10055
1807 10491
1808 10020
1809 10003
236 10049
788 10008
1810 10033
1811 10033
248 10035
1812 10115
1813 10007
1814 10039
1815 10011
489 10027
1816 10016
1817 10016
1818 10059
1819 10520
286 10047
1820 10369
1821 10047
1822 10369
1823 10177
1526 10073
788 10039
1824 10521
1825 10020
1826 10093
1822 10195
1827 10025
1828 10247
156 10214
1829 10003
1799 10055
1735 10244
1830 10025
1831 10020
1832 10052
1311 10522
1288 10065
613 10085
1833 10003
1834 10003
1835 10151
1836 10523
1837 10003
1838 10003
1694 10315
1839 10073
1840 10017
1097 10462
1841 10003
1395 10010
1252 10275
400 10020
1842 10003
977 10007
1069 10355
1843 10070
1526 10053
1844 10003
1845 10149
1846 10510
1847 10313
599 10433
1848 10033
1839 10033
577 10524
426 10294
483 10460
1520 10155
1849 10003
1850 10034
1851 10033
1852 10003
1853 10007
1854 10437
1855 10066
1856 10037
1857 10003
1171 10187
1858 10188
929 10076
1859 10413
1860 10003
1506 10151
1861 10003
1862 10525
1863 10042
1864 10003
1865 10474
369 10526
1169 10033
1866 10199
1867 10007
1868 10071
1869 10149
996 10119
1870 10016
1871 10003
1872 10009
156 10037
1873 10003
577 10409
1874 10119
135 10077
1875 10003
1876 10527
1820 10528
1877 10003
1878 10349
1819 10132
1763 10073
1879 10003
1880 10219
1679 10028
1881 10025
1388 10240
1882 10003
1883 10003
1884 10003
1885 10007
1886 10139
1887 10052
1888 10003
1889 10033
1194 10155
1890 10179
1891 10071
1892 10006
544 10039
1893 10109
1665 10053
731 10007
1115 10175
1894 10236
1895 10033
1641 10165
1896 10058
1897 10033
544 10032
1898 10477
1899 10055
1900 10003
1901 10529
1819 10236
1902 10003
1903 10042
1904 10236
1905 10182
1905 10162
1905 10170
1569 10215
1906 10159
1907 10077
1908 10097
1442 10033
1909 10154
1910 10154
1911 10016
1912 10003
1913 10007
1914 10003
181 10115
1125 10122
1915 10092
924 10230
1916 10339
1917 10003
480 10161
1918 10016
1919 10496
1920 10041
1100 10020
1921 10003
1922 10139
1923 10530
1924 10002
1925 10003
1926 10052
1927 10003
1928 10003
1929 10110
1911 10020
1929 10013
1930 10016
1931 10033
498 10073
1932 10003
1933 10003
1904 10181
1934 10016
1194 10279
1935 10030
1936 10033
1658 10025
1937 10003
1194 10448
1938 10531
253 10016
1939 10149
1194 10177
1940 10532
1941 10007
1942 10007
1375 10033
102 10533
1943 10339
1944 10003
1945 10187
1826 10307
1647 10028
1946 10407
102 10534
1947 10020
1948 10003
1316 10215
444 10058
1172 10039
1949 10073
1950 10065
1951 10395
1952 10003
882 10086
1953 10003
102 10040
85 10041
1954 10103
480 10146
1569 10122
1955 10196
1956 10016
1957 10339
1958 10003
1959 10007
1960 10032
1947 10212
1961 10219
1520 10535
1962 10003
1916 10032
1963 10003
1353 10450
1964 10003
1965 10032
1966 10033
1967 10265
1892 10022
1968 10039
1969 10105
1970 10033
1945 10067
1905 10536
728 10537
1971 10439
1972 10003
560 10055
1973 10033
1974 10006
1295 10061
1975 10159
1976 10378
1977 10003
1593 10033
1978 10003
788 10357
1569 10462
1979 10017
1980 10003
1981 10020
1526 10007
1796 10008
1982 10538
1983 10071
85 10034
1984 10539
1985 10053
1986 10003
1987 10034
747 10377
1526 10041
1988 10033
1989 10033
1990 10026
1991 10065
1992 10003
1993 10054
922 10020
1994 10003
1826 10179
1995 10033
1996 10055
1997 10008
1998 10033
1999 10003
2000 10016
1295 10540
2001 10087
2002 10003
2003 10003
718 10295
445 10033
2004 10020
2005 10032
2006 10093
1238 10177
2007 10003
1455 10289
1506 10199
2008 10032
1865 10001
2009 10003
788 10053
2010 10033
2011 10003
2012 10003
2013 10003
2014 10007
1935 10057
2015 10323
2016 10003
2017 10071
2018 10073
2019 10541
2020 10021
2021 10542
1056 10150
2022 10020
1256 10259
1044 10154
2023 10003
1905 10543
2024 10020
2025 10003
2026 10289
2027 10003
2028 10009
483 10088
2029 10007
388 10427
977 10330
2030 10003
2031 10093
1062 10020
1910 10387
2032 10003
2033 10007
2034 10041
283 10248
2035 10164
2036 10007
1989 10409
2037 10496
947 10032
2019 10222
2038 10003
2039 10045
2040 10233
2041 10032
1536 10315
1864 10066
1979 10544
2042 10006
156 10004
2043 10007
1238 10054
2044 10020
947 10052
2045 10003
1847 10281
2019 10073
2046 10020
2047 10003
922 10039
2048 10026
1990 10058
2049 10065
2050 10545
2040 10051
2051 10003
2052 10033
2053 10407
1915 10129
2054 10003
1291 10022
2055 10033
2056 10003
2057 10003
2035 10146
2058 10349
1238 10050
190 10007
2059 10003
2060 10003
2061 10003
2062 10011
1442 10073
1825 10008
2063 10505
2035 10303
2064 10032
2065 10032
2066 10088
2067 10003
2068 10050
2069 10011
2070 10058
2071 10254
2072 10003
2068 10546
2073 10033
156 10056
2074 10016
2019 10091
193 10085
2075 10041
2076 10279
656 10051
2076 10177
388 10289
2077 10110
2065 10039
2078 10547
2079 10217
2076 10265
2075 10039
2080 10003
2081 10003
2082 10007
2083 10003
2084 10003
2085 10036
2086 10067
2087 10524
2088 10266
2089 10007
2090 10003
2091 10033
2092 10020
705 10033
1817 10020
490 10008
2093 10058
2094 10548
2095 10253
135 10179
2096 10549
2097 10190
2098 10077
2099 10039
2100 10003
2101 10033
2063 10550
2102 10056
2103 10039
13 10273
2104 10149
2105 10003
2088 10093
1750 10149
2106 10492
2019 10077
2102 10133
2035 10405
2107 10020
2108 10153
2109 10039
102 10551
2110 10006
2111 10069
2112 10552
2113 10553
2114 10244
2115 10007
2019 10112
253 10119
2116 10003
1520 10051
102 10554
1413 10098
900 10041
2117 10127
2118 10474
2119 10003
102 10555
1979 10045
947 10041
2120 10003
102 10205
193 10546
2121 10003
2092 10073
2122 10033
135 10260
2123 10357
2124 10254
2125 10133
2126 10003
2127 10073
2128 10032
2129 10016
2088 10261
102 10041
2130 10118
102 10145
2112 10409
157 10556
922 10139
102 10044
102 10433
1750 10034
2131 10557
102 10387
2101 10025
102 10196
2132 10032
2008 10034
2133 10008
2134 10073
102 10558
2135 10559
2136 10003
102 10560
2137 10235
2138 10003
2139 10003
1872 10020
2140 10561
2141 10562
1527 10265
2142 10098
1905 10340
1520 10563
2143 10003
2144 10058
1329 10342
1935 10006
2088 10564
2144 10026
1242 10304
2145 10055
2146 10298
1593 10055
788 10034
2147 10032
2148 10003
1823 10565
2149 10032
2150 10240
2110 10039
1935 10020
2151 10407
2152 10003
2153 10003
2127 10020
1242 10369
1489 10020
2154 10087
536 10149
2155 10003
2124 10064
2156 10073
2014 10112
2157 10127
2158 10041
2159 10177
2160 10430
2161 10003
2162 10033
2163 10016
2088 10073
2164 10060
2165 10036
2166 10016
2167 10064
2168 10008
2169 10003
2170 10161
2171 10166
2172 10511
1596 10020
2173 10026
619 10039
1817 10073
2174 10008
2175 10032
2176 10064
1919 10093
2177 10467
1520 10091
2093 10406
2178 10033
2179 10003
1489 10484
2180 10003
2181 10071
2182 10003
2183 10510
2042 10035
656 10215
2184 10003
2185 10058
788 10033
2186 10003
2187 10071
2188 10032
2189 10071
1084 10006
2097 10566
102 10567
2190 10086
2191 10013
2192 10094
2193 10003
1904 10427
2194 10264
2195 10041
2196 10422
1242 10514
2197 10073
2198 10559
2199 10007
2200 10003
2201 10298
577 10206
2202 10033
2203 10003
2204 10032
2205 10003
862 10162
2206 10003
2207 10033
2208 10155
2209 10007
2210 10055
2211 10568
2212 10033
936 10077
2213 10094
2214 10033
2151 10033
2172 10155
2215 10047
1919 10177
1213 10214
1667 10033
2216 10032
2217 10087
2218 10033
2219 10052
2220 10005
2221 10003
2222 10003
1989 10223
2223 10149
2224 10027
2225 10047
2226 10289
1520 10157
2227 10071
2228 10217
2229 10129
2230 10003
2231 10153
2145 10149
2232 10003
2233 10091
2234 10007
2235 10003
2233 10122
2236 10016
2237 10529
293 10009
2174 10055
253 10416
2238 10091
1910 10176
1667 10199
2239 10003
2210 10073
2240 10041
2241 10528
2242 10011
284 10033
2068 10016
249 10036
2068 10017
2243 10117
1192 10488
2244 10033
2245 10196
2246 10149
2063 10153
2247 10057
2248 10003
2249 10339
1616 10053
2250 10003
2093 10026
2251 10164
494 10316
2252 10003
2253 10003
2254 10003
2255 10003
2256 10240
1192 10261
1192 10138
2257 10073
2258 10094
2259 10569
2237 10073
2260 10003
2251 10511
2162 10108
458 10570
2079 10032
2257 10051
2261 10093
494 10112
2262 10036
2257 10177
102 10408
2263 10003
2185 10311
2264 10339
2044 10119
2265 10003
2266 10020
2267 10208
1987 10041
747 10122
2268 10041
102 10247
1192 10279
2269 10033
2270 10003
2271 10003
2272 10033
2273 10011
2274 10146
2124 10019
2275 10003
2276 10147
2075 10065
102 10571
2277 10003
2278 10086
2279 10273
1520 10112
2274 10234
2280 10053
2281 10003
2279 10418
2282 10148
2283 10471
2284 10016
2285 10032
1520 10010
2286 10003
2192 10036
2287 10572
102 10343
2288 10003
1192 10471
2289 10091
2290 10071
2291 10003
2261 10051
2292 10003
2217 10047
2293 10017
2241 10499
2294 10033
2295 10573
2296 10242
2297 10003
2298 10003
2299 10574
2300 10007
2301 10003
2302 10032
1616 10032
2303 10003
2304 10007
2305 10003
2306 10033
2307 10041
2308 10349
2309 10071
2310 10196
1539 10094
2077 10039
1539 10036
2311 10041
2191 10036
2312 10295
2282 10008
2313 10017
2241 10161
2314 10032
922 10073
2315 10003
2316 10508
2317 10088
2318 10020
2319 10196
2320 10003
2321 10019
2322 10125
2323 10003
2324 10003
2325 10144
2144 10340
2326 10011
2327 10375
2328 10187
894 10021
2329 10042
2118 10492
2144 10165
2330 10003
2144 10371
2331 10003
2332 10003
1703 10330
2333 10003
2334 10008
1744 10054
2335 10003
2336 10552
2280 10105
2079 10039
2337 10238
2338 10055
2339 10575
2340 10003
2341 10003
2342 10036
2343 10339
2344 10558
1750 10032
1066 10510
2345 10474
2346 10033
1066 10086
2345 10492
2347 10011
2348 10323
2349 10076
816 10176
383 10020
2345 10362
1526 10357
2350 10125
2345 10403
2348 10045
2351 10033
2345 10283
2352 10029
2353 10020
2354 10003
2355 10020
135 10177
2356 10108
2357 10003
2358 10047
2283 10576
2359 10003
2360 10105
443 10036
2361 10003
2362 10460
1213 10426
2363 10047
2233 10033
2364 10033
1910 10184
2363 10014
2188 10073
193 10255
1548 10565
2365 10039
2366 10011
2367 10577
2368 10039
2369 10008
2370 10108
2371 10326
2372 10003
2373 10204
2374 10127
2375 10003
2376 10039
2377 10003
2092 10031
2378 10033
1894 10539
1115 10126
2379 10071
2380 10010
2381 10020
2382 10003
2135 10339
2383 10255
2384 10008
2385 10080
2386 10063
2387 10003
2241 10371
2388 10033
2389 10003
2390 10191
2391 10033
2392 10547
2393 10041
2394 10370
2395 10066
2396 10003
2397 10003
2398 10119
2399 10003
2400 10003
2401 10243
2402 10063
2403 10086
2404 10073
2405 10003
2406 10005
2407 10149
2406 10129
2408 10003
2325 10021
2409 10003
2410 10156
2411 10003
2412 10266
2413 10003
2412 10239
1788 10578
2414 10003
2415 10022
2416 10039
1236 10232
1183 10445
2417 10148
2412 10073
2418 10003
2419 10579
2420 10084
2421 10147
36 10580
2422 10016
2423 10070
2424 10003
2425 10149
2426 10108
2427 10020
2428 10020
2429 10532
2053 10033
1236 10039
2006 10230
2063 10091
2063 10122
2430 10033
2431 10088
2432 10003
102 10581
102 10582
2433 10009
102 10235
2434 10583
2435 10003
2431 10454
762 10228
2436 10192
2437 10310
2172 10584
102 10569
1100 10001
2438 10535
279 10247
102 10090
2439 10033
2440 10197
2441 10318
102 10191
2442 10003
2443 10071
2444 10060
2445 10025
2446 10039
1750 10052
102 10556
2447 10020
102 10585
2448 10246
771 10430
719 10555
2362 10008
2449 10275
2450 10339
2360 10125
2451 10051
2451 10052
102 10586
2452 10003
102 10263
2453 10439
2454 10041
2455 10003
2456 10003
2457 10039
2458 10036
2459 10055
2438 10215
2103 10032
2460 10034
2461 10003
2462 10003
2463 10008
2464 10003
2451 10462
2465 10135
2466 10196
2467 10003
193 10215
2468 10587
2469 10011
2470 10052
2471 10229
2472 10003
1824 10588
2438 10589
2473 10205
2474 10003
2468 10464
2475 10033
2476 10051
2063 10177
2477 10177
2478 10003
1945 10129
604 10097
2436 10162
2479 10020
2480 10003
2481 10090
2482 10177
580 10346
2483 10540
1966 10210
2484 10048
1468 10177
2485 10034
835 10007
2486 10003
2487 10114
2488 10590
2311 10149
2489 10159
2490 10077
2491 10071
2492 10177
2493 10033
2494 10086
2495 10003
1750 10053
1253 10535
2496 10196
2497 10020
2498 10020
2499 10007
2500 10039
2501 10529
914 10273
2502 10003
2503 10091
2504 10149
208 10537
2505 10196
2506 10087
2507 10003
2508 10017
2509 10414
2510 10003
2511 10055
2512 10003
1146 10050
2513 10003
2514 10020
1305 10065
2482 10073
1171 10238
2515 10082
2516 10110
2517 10032
2448 10257
1894 10462
2518 10003
2322 10108
2519 10148
2520 10032
2521 10149
2522 10003
1526 10153
383 10016
1894 10591
2523 10003
2524 10016
208 10073
1750 10085
2525 10009
2526 10003
2527 10033
68 10505
2528 10003
135 10592
2362 10042
2488 10549
965 10349
1146 10225
2529 10139
2530 10154
2531 10003
2532 10094
2532 10036
2533 10032
2534 10593
2103 10073
2492 10093
2535 10339
2536 10068
2362 10112
2537 10035
202 10234
834 10032
2538 10003
2539 10196
2103 10093
2540 10119
2541 10594
2542 10003
2543 10160
2544 10439
2545 10007
2537 10418
2546 10595
2547 10033
2118 10403
1229 10259
2548 10553
1894 10279
2549 10017
2550 10007
2551 10126
1894 10596
2552 10323
2362 10122
2553 10003
2554 10071
2555 10039
2556 10373
2557 10506
602 10597
2557 10165
2558 10033
2559 10505
2560 10074
2557 10474
2557 10015
2561 10039
2562 10007
2563 10018
2564 10196
2565 10241
2566 10290
2567 10154
2568 10055
2563 10094
2063 10016
1448 10025
882 10177
2569 10182
2570 10087
2571 10122
2572 10196
2573 10086
2574 10139
2575 10033
1146 10085
2576 10149
2557 10415
2577 10003
2557 10598
965 10232
2578 10071
2322 10450
2579 10087
2103 10033
2580 10599
2581 10339
2582 10600
2583 10584
2584 10071
137 10137
2585 10365
2557 10601
2559 10550
2557 10514
2586 10003
1551 10177
2587 10003
2588 10602
2589 10108
2590 10077
2591 10003
2592 10503
2593 10003
2557 10511
208 10155
2594 10051
1878 10039
2289 10065
2595 10177
102 10603
2117 10581
2563 10020
2596 10239
102 10604
2597 10020
2598 10133
102 10605
102 10606
2599 10045
2600 10033
2599 10183
2601 10212
102 10607
2602 10295
2285 10298
2603 10450
2604 10085
2605 10032
488 10260
2582 10091
2583 10608
2568 10033
2606 10003
2197 10033
2571 10609
2607 10016
2608 10148
2557 10384
2609 10020
102 10125
2610 10033
2611 10003
965 10357
2612 10109
2511 10009
102 10610
2613 10003
2614 10241
2615 10053
2616 10003
2492 10611
2557 10172
2617 10511
2618 10057
2618 10612
2079 10139
2619 10058
2620 10034
2621 10003
2622 10025
2623 10546
1496 10086
2624 10009
2625 10230
1183 10388
2626 10027
2557 10342
2627 10196
2628 10016
657 10001
2557 10472
2499 10177
2629 10003
2630 10339
2631 10071
2632 10075
676 10211
2633 10196
2117 10392
2612 10020
2634 10032
2635 10357
2636 10524
2637 10190
2638 10003
2639 10070
2557 10613
2640 10034
2641 10007
2188 10512
2106 10506
2642 10017
2643 10007
2644 10033
683 10265
602 10177
2645 10007
1548 10008
2191 10034
2207 10122
2646 10003
2647 10506
2648 10211
2649 10003
2650 10092
2651 10242
2652 10003
2653 10032
2654 10105
2655 10357
2344 10088
965 10159
2135 10181
2557 10614
2656 10032
102 10615
2657 10171
2658 10204
1253 10233
2617 10185
2077 10418
488 10091
2659 10419
2660 10395
1220 10007
2557 10503
2661 10339
2662 10010
683 10307
2557 10170
2289 10054
2663 10033
2664 10003
2651 10616
1200 10060
1128 10091
2665 10026
2073 10524
2617 10465
2666 10003
2667 10448
2668 10003
2669 10011
1894 10386
2363 10379
2670 10031
2671 10617
2672 10058
2557 10528
2673 10007
2674 10008
2617 10362
2675 10010
2676 10370
2677 10087
2678 10033
1527 10033
2679 10003
2680 10003
2681 10215
2682 10003
2683 10003
2684 10034
2672 10026
2685 10054
2686 10003
2687 10020
1894 10618
2688 10033
2623 10085
2689 10060
2690 10036
1146 10093
512 10619
1073 10613
2617 10124
2557 10404
2557 10620
2691 10003
2692 10003
373 10467
2693 10087
2694 10175
1750 10001
2695 10177
2696 10581
2697 10003
2698 10071
2699 10594
2700 10003
1366 10154
2701 10147
2702 10003
2617 10389
2703 10020
2704 10003
2675 10621
2705 10305
2706 10039
306 10263
2675 10163
2626 10026
2675 10230
2707 10032
2708 10007
2709 10088
2617 10015
2710 10268
2711 10016
2705 10547
2492 10316
2712 10003
2617 10474
1548 10556
2713 10366
907 10357
2714 10177
2569 10170
2715 10003
2716 10003
2717 10054
2592 10608
2582 10463
2718 10033
2719 10003
2720 10390
2721 10149
1894 10496
2722 10612
2723 10056
2557 10195
2476 10622
1087 10506
2724 10541
2725 10092
2726 10033
1941 10006
102 10623
2727 10003
2728 10020
2729 10057
2537 10039
2672 10457
2730 10003
2731 10017
2617 10174
2732 10624
2733 10088
2110 10050
2404 10093
2674 10032
2651 10528
2734 10034
2735 10006
2736 10055
2651 10340
2737 10033
2738 10165
2709 10013
2739 10003
2651 10613
2675 10351
102 10184
2541 10149
617 10065
2544 10006
2740 10088
2741 10039
996 10049
2742 10016
2131 10625
2743 10003
2744 10032
2492 10020
2651 10195
2745 10392
2736 10407
36 10175
2746 10622
2747 10510
2748 10244
2749 10626
2651 10360
2750 10054
2651 10162
2751 10033
2752 10003
2753 10121
2754 10050
1894 10627
1551 10073
2651 10369
2493 10121
2755 10003
2756 10087
2237 10108
2746 10628
2714 10051
2651 10192
2757 10629
2758 10602
2759 10056
2549 10630
2760 10003
2482 10026
1165 10631
2761 10447
2762 10003
2734 10357
2763 10003
2672 10406
1115 10006
1419 10066
2674 10482
2764 10153
2765 10034
2766 10119
2745 10088
2767 10089
2768 10033
102 10331
2557 10161
2769 10089
2770 10632
2771 10007
2772 10010
2773 10056
996 10537
2774 10071
2775 10007
2776 10006
2776 10007
2212 10109
2777 10479
1667 10055
2778 10182
208 10016
740 10633
2776 10181
2779 10502
2592 10475
2780 10058
2492 10634
2781 10003
102 10635
897 10335
2782 10032
2783 10133
2784 10003
2785 10039
2786 10402
2787 10636
2075 10017
2788 10020
2789 10130
2557 10509
2790 10318
835 10073
2791 10035
2792 10267
2780 10026
2557 10492
2793 10154
2794 10152
102 10278
2795 10039
2745 10086
2796 10637
2687 10349
1046 10108
1366 10136
2075 10638
2797 10003
2798 10462
2799 10033
2714 10093
2800 10020
2801 10012
2802 10039
2075 10036
2803 10639
2804 10238
2805 10132
1975 10149
2778 10616
2075 10094
2806 10003
2807 10211
1411 10260
1069 10093
1199 10039
996 10065
2808 10242
2500 10071
2809 10039
1087 10474
2810 10607
2811 10032
2812 10003
2813 10181
2814 10114
2674 10034
208 10339
2815 10003
2816 10027
2658 10006
2592 10368
773 10621
1835 10640
2817 10017
2818 10063
2819 10052
2820 10584
2674 10020
2821 10084
1819 10041
2492 10236
1652 10016
617 10055
2822 10007
2738 10162
2823 10641
2040 10268
2824 10383
2825 10486
2720 10448
2695 10033
2826 10033
2734 10039
102 10642
2734 10137
2827 10159
2828 10003
2829 10077
2830 10389
2831 10087
2832 10030
2833 10033
373 10362
2696 10187
2556 10386
289 10643
2834 10382
2835 10003
2777 10071
2836 10020
2837 10003
2830 10171
2838 10117
1694 10166
2839 10003
2569 10601
1894 10261
2840 10324
208 10020
2841 10053
2842 10033
2843 10091
2429 10644
289 10058
2844 10056
2845 10240
2626 10169
2846 10073
2847 10003
1894 10215
2848 10003
2796 10645
466 10055
2849 10003
2850 10003
1508 10369
2754 10041
2830 10204
2851 10007
2852 10031
2392 10152
2830 10014
1569 10186
2853 10021
2105 10098
2854 10066
2766 10033
2855 10093
2808 10616
2804 10324
2856 10006
2857 10003
2858 10033
2830 10368
773 10093
2123 10034
2859 10007
2860 10054
882 10357
725 10523
1548 10370
2861 10266
2862 10088
2863 10196
2864 10073
2865 10039
2866 10460
2867 10003
10 10033
2868 10200
2869 10091
602 10051
156 10646
2870 10496
2861 10239
2871 10003
2872 10003
2544 10007
2623 10647
2873 10555
2874 10039
2875 10033
2876 10339
2877 10037
2870 10343
2795 10034
2878 10077
2705 10157
2879 10055
2880 10001
2881 10093
2882 10020
2477 10343
2883 10004
2884 10177
2885 10086
2886 10003
2884 10093
2887 10238
2888 10017
2889 10556
2392 10041
1652 10181
2890 10071
36 10177
2891 10007
2892 10457
2893 10052
309 10288
580 10428
2894 10020
2895 10003
2896 10087
2897 10003
1858 10602
2898 10007
2899 10185
2900 10003
2569 10620
2899 10383
2901 10189
2902 10034
725 10339
1361 10033
2903 10216
2904 10093
2905 10108
2906 10527
2907 10556
2908 10033
2909 10128
2910 10195
2884 10073
2911 10003
2912 10018
164 10398
2913 10212
545 10055
1790 10066
2914 10003
2915 10196
2916 10032
1569 10034
2917 10011
2918 10003
2919 10003
2006 10163
2920 10128
2921 10033
2879 10648
2922 10006
2923 10039
2924 10016
2925 10217
2926 10032
1997 10034
2927 10106
2928 10221
2929 10383
2930 10260
2931 10510
1807 10291
2744 10034
2932 10003
2933 10020
2929 10185
242 10621
2934 10649
1997 10232
2935 10003
2936 10084
2937 10003
2938 10287
1395 10312
2939 10003
2176 10355
2940 10583
2941 10020
2694 10297
545 10220
242 10177
1395 10347
2942 10033
2943 10302
2944 10064
1878 10053
862 10177
2945 10041
2846 10177
2946 10003
2910 10242
2694 10010
2947 10003
2945 10039
2422 10431
611 10006
1878 10017
2948 10055
2925 10088
2949 10003
2950 10031
2951 10089
2952 10087
2888 10033
2953 10374
2945 10032
2861 10073
2954 10650
164 10177
862 10448
1894 10651
102 10176
2176 10644
2955 10016
254 10037
2956 10144
2957 10091
2938 10535
2958 10032
2959 10091
2960 10071
2961 10003
2392 10175
2962 10446
2963 10103
2964 10034
2273 10217
2965 10149
2966 10003
1824 10497
2967 10196
2759 10079
2968 10007
2614 10269
2969 10039
1926 10032
2923 10026
1694 10001
2970 10008
2971 10007
1640 10652
2933 10653
2916 10298
1152 10154
2544 10409
2972 10088
2973 10034
2972 10086
1214 10163
2972 10510
2972 10430
2972 10392
102 10494
1361 10073
2479 10453
2974 10290
2975 10654
2976 10087
2977 10003
2978 10003
2979 10087
2980 10242
2746 10051
2981 10003
2982 10254
2728 10048
1060 10655
2983 10559
2984 10323
2985 10052
2986 10003
2987 10066
2910 10467
2988 10003
2938 10386
2989 10367
1377 10061
2990 10007
2991 10013
36 10448
2992 10427
2071 10033
2993 10003
2744 10039
2994 10003
2884 10656
1640 10033
2995 10003
2996 10149
2997 10191
2998 10008
102 10245
2999 10472
3000 10247
3001 10020
2744 10017
3002 10400
2063 10448
3003 10657
102 10319
1823 10658
36 10236
1548 10318
2063 10279
2742 10020
3001 10123
3004 10036
3005 10007
773 10659
3006 10075
2811 10034
1626 10161
3007 10003
3008 10071
3009 10162
3010 10047
3009 10182
3011 10032
3010 10171
3012 10020
2738 10502
725 10138
3013 10033
3014 10025
3010 10234
2714 10448
2744 10137
1214 10010
3015 10457
2922 10013
3016 10184
3017 10448
1587 10358
1004 10090
3018 10003
3019 10118
3020 10077
3021 10003
3022 10642
3001 10236
3023 10003
3024 10003
3025 10039
1073 10528
3026 10501
3027 10035
3028 10380
3029 10003
3030 10008
1996 10033
3031 10310
3032 10003
3033 10460
3034 10032
2957 10644
3035 10007
3036 10091
3037 10318
2954 10432
3038 10033
3039 10003
1165 10660
3040 10020
3041 10147
1919 10448
2944 10033
1625 10025
3042 10047
3043 10387
3044 10070
2912 10310
242 10186
3045 10007
3046 10093
3025 10034
3047 10244
922 10135
2445 10524
3048 10007
3049 10321
3050 10196
2040 10197
3051 10007
3052 10177
3053 10196
3054 10661
3055 10019
996 10138
3056 10289
3057 10311
3058 10037
3059 10004
3060 10020
3061 10593
3062 10003
3011 10039
3063 10035
3064 10135
3065 10407
3066 10057
3067 10003
3068 10472
3069 10185
2311 10033
3065 10031
940 10235
3070 10033
2422 10040
2975 10016
3052 10261
3071 10070
25 10033
3072 10183
3073 10149
3074 10373
3075 10196
1032 10147
3013 10085
3076 10092
3077 10003
3074 10662
1367 10651
2950 10574
199 10047
1171 10136
1367 10233
3078 10054
1890 10032
2941 10211
3079 10003
3080 10165
3081 10017
483 10296
310 10223
3082 10521
3083 10077
2079 10149
1705 10033
3084 10073
3085 10003
3086 10406
3043 10334
1904 10453
3087 10663
3088 10186
3089 10428
1910 10016
3090 10020
3091 10149
1823 10111
3092 10003
3093 10003
3094 10612
3095 10279
2625 10001
3096 10173
2626 10119
3097 10003
2884 10265
2307 10664
3042 10383
2830 10047
3098 10011
2625 10138
1060 10093
3099 10003
2530 10033
2227 10119
2070 10026
3100 10348
1836 10665
552 10346
363 10064
3001 10442
2915 10034
2950 10212
3101 10003
1910 10160
3102 10637
3103 10077
552 10238
3104 10098
3105 10003
3106 10341
3107 10011
3102 10417
3108 10003
3109 10036
3110 10375
3052 10255
3111 10003
3112 10092
1584 10091
3113 10003
3114 10020
881 10058
491 10093
3115 10666
3116 10033
3117 10034
3118 10003
3119 10161
3120 10007
3121 10003
552 10025
3122 10039
3123 10017
3087 10039
3124 10204
2565 10667
1493 10637
3125 10177
3126 10122
3127 10073
3128 10033
3129 10047
3130 10358
2350 10552
3131 10196
3013 10065
3132 10227
3133 10073
3134 10093
3135 10008
3136 10219
3137 10663
3138 10073
3139 10030
3140 10020
3141 10093
3080 10182
3142 10073
3143 10176
3144 10033
3130 10162
3145 10036
3146 10531
3147 10148
3148 10003
3149 10177
2964 10041
252 10007
751 10002
3150 10281
3151 10454
3152 10092
3153 10668
3154 10091
3155 10033
3119 10598
3156 10133
3157 10033
3130 10360
3158 10196
3159 10003
3130 10338
219 10108
3160 10007
511 10669
3161 10487
867 10255
3162 10213
3163 10033
3130 10195
3164 10177
3165 10026
1220 10020
3130 10340
3166 10003
3167 10070
3168 10015
3130 10182
3169 10552
132 10437
2582 10012
3170 10238
851 10017
2158 10036
576 10077
1054 10007
2590 10007
3171 10055
2565 10130
3172 10073
3173 10073
2746 10412
3174 10055
3175 10007
2761 10020
3094 10179
3100 10093
3176 10037
3177 10055
3178 10003
3179 10370
2950 10184
1076 10020
2072 10061
867 10287
3180 10034
3181 10007
3182 10007
3183 10017
2171 10638
196 10187
3184 10232
3127 10050
3185 10071
3186 10077
3187 10016
88 10016
3188 10073
3172 10034
3189 10047
1493 10342
3190 10357
3191 10003
3192 10071
3193 10003
102 10121
3194 10071
3190 10039
2801 10670
102 10671
3195 10003
3196 10147
3100 10672
3182 10110
3197 10468
3198 10065
1984 10057
3199 10003
3188 10112
1949 10093
3200 10003
3201 10034
102 10673
3202 10535
2585 10183
102 10217
3203 10003
102 10619
2590 10091
862 10398
102 10670
3169 10302
3204 10071
1548 10215
3205 10003
3206 10007
2162 10020
856 10455
2158 10032
3207 10414
2741 10421
3208 10007
3209 10115
3210 10033
644 10447
3211 10266
3212 10035
851 10032
3213 10087
3214 10003
102 10522
3215 10087
102 10114
3216 10003
3217 10060
3211 10239
102 10202
3218 10019
102 10214
3219 10034
1005 10388
3220 10003
3221 10003
3222 10077
2767 10033
3223 10298
3057 10382
3224 10003
1444 10152
2646 10071
851 10034
1894 10535
3225 10519
3226 10033
3227 10076
3228 10153
512 10033
3229 10007
1878 10125
3230 10006
3165 10058
3231 10033
3232 10118
3233 10071
3234 10143
3235 10032
716 10130
3227 10264
2913 10416
3236 10034
922 10041
3237 10003
3238 10114
3239 10020
3057 10007
3138 10416
3127 10001
3240 10674
3241 10071
3242 10020
3169 10675
3037 10033
3243 10033
940 10437
3244 10163
3245 10119
3246 10032
3209 10229
960 10033
3057 10336
3247 10091
3010 10616
1586 10098
3248 10536
3249 10054
3250 10148
1626 10614
3251 10056
3252 10054
3253 10011
3254 10033
3255 10016
289 10026
3256 10034
3257 10262
3258 10368
2853 10122
3259 10298
1878 10450
242 10039
3260 10003
3198 10032
145 10035
3261 10108
3262 10147
3263 10620
1145 10041
3197 10175
1625 10284
3264 10033
3265 10003
3266 10007
3267 10003
2816 10169
996 10111
3268 10076
3172 10093
3269 10380
3270 10130
3271 10055
3238 10494
3272 10529
3273 10040
3274 10003
2869 10341
1367 10261
3275 10003
3276 10644
3277 10004
3057 10013
3278 10414
3279 10232
3280 10581
3281 10032
1367 10138
3135 10118
3282 10455
3283 10070
3284 10034
2040 10152
199 10015
102 10676
2373 10234
1427 10041
3285 10058
417 10034
2537 10032
3286 10009
3169 10152
3287 10073
3288 10034
3285 10026
738 10020
3289 10051
3290 10657
3291 10677
3292 10216
3293 10003
3294 10135
3295 10678
3138 10032
3296 10007
3257 10321
3297 10003
3298 10149
3299 10413
3300 10032
835 10245
3301 10298
1411 10563
3302 10143
3303 10438
3304 10003
3305 10032
2304 10039
3306 10088
3307 10034
3285 10349
3308 10007
3309 10033
102 10119
3310 10003
1894 10660
1493 10384
3311 10371
3312 10090
3084 10016
3264 10051
3285 10444
1894 10111
3313 10679
3314 10034
3315 10648
3313 10680
3316 10064
3317 10034
3313 10681
1856 10004
3313 10230
3318 10031
3319 10034
3320 10253
3321 10008
1367 10225
491 10006
3322 10003
3010 10162
3323 10429
3324 10380
1367 10230
3325 10003
3326 10003
3327 10003
242 10051
1367 10085
3328 10421
3263 10682
2888 10593
3329 10168
3330 10404
3331 10056
3332 10033
3333 10007
3334 10154
3335 10039
3336 10077
3285 10093
3337 10020
3138 10050
3338 10007
3339 10007
3340 10375
3341 10297
2956 10398
3342 10033
3343 10096
3344 10007
2544 10034
3345 10319
1763 10041
2304 10032
3346 10525
3347 10007
236 10138
3294 10007
3348 10020
3349 10003
856 10657
3285 10683
673 10238
3350 10191
3351 10371
3352 10056
3353 10073
3354 10053
3355 10047
3356 10039
3128 10238
1051 10026
194 10684
1493 10474
3318 10306
1894 10663
3357 10525
3358 10058
3359 10003
3356 10032
3169 10349
3360 10007
3361 10020
3356 10034
3362 10034
3363 10007
3364 10050
1157 10050
2913 10685
977 10077
3365 10153
1367 10255
3366 10418
2604 10050
3367 10020
3368 10003
3369 10039
3351 10614
3369 10032
3370 10073
3371 10003
3372 10460
3370 10051
3373 10051
3374 10149
3375 10686
1984 10332
3376 10331
3172 10020
3377 10038
3378 10032
3246 10687
3316 10055
3138 10149
3379 10033
3380 10318
3381 10073
3358 10184
3377 10115
3382 10034
3383 10164
3370 10236
3384 10266
3385 10007
3386 10033
3285 10688
3052 10051
3383 10047
3000 10633
543 10054
996 10132
3352 10004
3387 10177
3388 10071
3389 10091
3285 10356
3390 10251
3358 10460
2913 10106
3391 10011
3392 10003
3393 10007
3394 10047
1750 10689
3395 10003
3396 10690
3397 10142
2956 10031
3398 10091
3399 10008
2721 10125
3264 10073
2625 10073
3400 10619
3401 10691
3351 10234
3402 10003
3285 10288
3284 10039
102 10128
3403 10020
3366 10687
3404 10003
2583 10172
3405 10052
3383 10171
1060 10039
1291 10289
596 10010
242 10015
1586 10323
1390 10077
2729 10034
3173 10130
2075 10058
3406 10033
3407 10244
3408 10055
3409 10071
3351 10161
3410 10335
200 10048
1390 10050
3411 10003
3412 10003
3413 10003
1367 10692
1367 10001
3414 10593
3010 10601
3415 10051
2095 10166
3416 10003
2642 10366
3417 10455
3138 10085
3399 10050
3013 10020
530 10593
3418 10079
285 10398
3419 10003
3351 10342
3081 10212
3110 10163
3420 10106
2938 10117
3169 10359
3421 10036
893 10007
3399 10073
3422 10003
3423 10034
847 10093
1746 10045
3424 10003
3425 10407
708 10045
3426 10032
489 10056
3285 10466
3316 10012
1367 10163
3357 10472
1060 10034
3427 10034
3360 10177
797 10007
1031 10010
2913 10039
3264 10093
3428 10098
2625 10117
3429 10108
745 10135
2748 10027
3430 10007
602 10016
3431 10105
1524 10025
3432 10003
3433 10007
3434 10020
2942 10091
102 10313
2834 10375
102 10693
3435 10413
1021 10271
3436 10077
827 10041
3437 10003
3438 10032
102 10309
1626 10528
2913 10152
2721 10053
3110 10138
3439 10003
3440 10010
3441 10087
3442 10003
3443 10177
2599 10006
2938 10001
3444 10694
545 10027
2095 10445
1349 10016
3445 10020
1807 10033
3397 10240
3446 10039
3447 10196
3448 10034
659 10004
2884 10041
3449 10071
3450 10213
3358 10026
3360 10282
3448 10032
2569 10161
2913 10028
3451 10039
3452 10091
3169 10695
996 10016
3453 10055
3454 10065
2842 10094
3455 10007
3456 10054
905 10055
1360 10187
3457 10003
3458 10473
1367 10093
2913 10034
2492 10396
3459 10007
2249 10219
3405 10544
3460 10052
3461 10007
3462 10077
3463 10298
2888 10691
1694 10073
3464 10084
3465 10055
3466 10075
242 10157
543 10020
3467 10033
3468 10540
3469 10278
3470 10007
3471 10002
279 10154
1436 10114
3472 10487
3360 10175
2992 10064
3473 10460
3474 10007
3475 10011
3476 10223
3477 10033
3478 10582
3479 10229
3480 10031
3110 10253
3481 10410
3482 10415
3483 10033
242 10688
1171 10072
3484 10128
3473 10197
2913 10638
3485 10104
36 10442
2721 10450
3486 10007
936 10020
1512 10239
3487 10071
3488 10450
3489 10007
3490 10020
3456 10073
3285 10300
725 10537
3491 10065
3110 10077
3492 10003
3493 10003
3494 10007
3495 10055
2842 10147
3496 10177
3497 10195
3498 10149
3499 10162
3499 10170
3500 10092
3501 10019
1894 10396
325 10056
3502 10196
3503 10060
3504 10108
3505 10055
123 10073
3279 10152
3506 10033
3507 10003
3476 10448
3508 10007
3509 10049
3510 10696
3511 10247
3512 10003
242 10230
543 10093
3513 10033
3514 10079
3515 10033
3516 10358
945 10089
3517 10033
1548 10236
1367 10396
3518 10003
3519 10003
1750 10152
3520 10003
810 10127
2376 10034
102 10508
2416 10697
3521 10135
3522 10698
2426 10549
1894 10316
3523 10508
1367 10699
641 10115
2943 10020
3452 10101
3524 10034
3525 10148
3526 10687
1165 10255
122 10117
3527 10003
3528 10038
1092 10463
3463 10256
3529 10446
3530 10535
3531 10009
3452 10243
3480 10073
3532 10060
3533 10036
3534 10450
3528 10001
3535 10523
3536 10033
3537 10211
3538 10034
3539 10186
3540 10071
3301 10159
3541 10088
3542 10056
3543 10022
3544 10208
3545 10447
3546 10003
1652 10409
3547 10414
3548 10077
2770 10060
166 10197
977 10016
3549 10297
1896 10311
3550 10195
788 10298
3551 10031
3226 10143
774 10007
1233 10608
3183 10032
3552 10289
3183 10039
3553 10045
3554 10030
3555 10112
3556 10179
2144 10700
3557 10013
3558 10701
3555 10122
3521 10007
2144 10682
3553 10183
2144 10457
3559 10033
3399 10055
3560 10297
3553 10184
3561 10003
3562 10071
3563 10032
2588 10020
3564 10007
3553 10323
3565 10007
3331 10227
3116 10064
3566 10121
753 10056
3361 10032
3567 10109
183 10270
3536 10578
3568 10016
3521 10034
3569 10032
862 10197
354 10279
1342 10033
347 10130
3570 10006
3510 10182
423 10085
1274 10030
3571 10003
441 10025
3572 10034
3573 10122
3574 10026
2150 10093
3575 10143
3572 10039
1894 10138
2536 10073
2943 10428
3576 10026
691 10215
2318 10033
3577 10147
3183 10034
3578 10208
3579 10031
412 10108
61 10112
242 10091
3580 10007
3581 10007
3582 10369
3452 10463
3572 10032
132 10376
3169 10669
3583 10638
3555 10332
3584 10053
1060 10085
200 10073
2885 10020
3585 10152
3586 10157
3587 10266
3588 10595
122 10163
3589 10065
3590 10108
3567 10033
3591 10090
3087 10073
3592 10003
3593 10058
996 10349
3593 10026
123 10136
3406 10064
3594 10051
2311 10002
472 10298
3595 10702
3596 10460
3597 10086
3598 10055
3599 10196
3600 10007
3452 10332
3601 10703
3602 10569
2053 10073
3594 10177
3573 10316
3603 10310
2913 10626
1391 10034
3476 10177
3585 10217
3604 10177
1326 10065
3605 10357
2892 10165
3606 10011
3607 10195
3608 10032
3609 10034
3610 10020
3611 10017
3612 10016
3458 10017
3613 10055
3614 10003
800 10033
3615 10020
3616 10368
3617 10310
3616 10165
200 10001
3331 10410
3116 10669
3618 10632
3619 10339
3620 10039
2885 10138
3621 10382
1548 10123
3622 10333
3623 10020
102 10282
3415 10512
530 10041
790 10007
3624 10108
3625 10065
3626 10070
1517 10093
3616 10021
3594 10093
3620 10135
1623 10349
3627 10033
1598 10055
102 10704
3604 10157
102 10280
3401 10641
725 10335
3628 10145
3446 10230
3629 10282
3616 10162
102 10147
3630 10088
61 10032
3594 10020
3631 10020
773 10359
795 10045
1996 10522
1818 10055
1395 10602
3632 10073
3393 10033
3633 10131
3634 10020
3616 10358
3635 10019
3636 10454
3637 10034
3636 10088
3638 10048
1395 10255
3639 10007
2923 10020
2058 10033
1326 10017
498 10009
811 10025
3640 10032
3486 10038
788 10409
3641 10009
3574 10536
1165 10236
3642 10036
3643 10055
1687 10339
3644 10003
3645 10085
3646 10003
472 10212
1529 10110
3647 10438
3648 10037
3649 10094
835 10016
3365 10020
1364 10060
3595 10371
3650 10392
3651 10033
1060 10155
3652 10033
3653 10003
1878 10032
3169 10212
1548 10135
3654 10047
3655 10047
3656 10349
3657 10007
3620 10006
3658 10007
2860 10050
2280 10418
2860 10211
1817 10177
862 10039
200 10115
3659 10082
3660 10011
3661 10552
3662 10133
2403 10392
3663 10584
3313 10705
3664 10007
3665 10079
2488 10070
3620 10032
1496 10073
2625 10093
2097 10211
3495 10143
3666 10033
2862 10454
3574 10015
427 10114
3667 10028
3446 10051
3668 10020
3669 10003
3670 10032
577 10017
2306 10139
3671 10003
1233 10182
2053 10122
3672 10466
3673 10003
3674 10007
3552 10022
3675 10032
1165 10449
3676 10108
3620 10410
3677 10034
3678 10036
1194 10706
940 10278
3679 10037
3615 10053
3680 10033
3681 10238
3682 10177
3595 10614
3683 10278
3684 10032
1570 10707
3685 10003
3686 10296
1548 10343
3687 10033
3688 10323
3689 10020
3690 10114
3691 10032
3692 10066
3693 10003
3694 10196
1367 10309
3695 10494
3444 10059
3169 10470
2362 10154
95 10288
3696 10148
3697 10033
3698 10039
3699 10010
3700 10208
3701 10030
3405 10529
3702 10039
3703 10003
3704 10003
1367 10462
3705 10708
1295 10050
2261 10073
3706 10077
2403 10127
2261 10077
3707 10556
3708 10208
3709 10007
1894 10448
480 10525
3710 10573
781 10039
3711 10149
3712 10171
3713 10003
175 10033
3714 10077
3712 10164
3715 10003
3307 10212
3716 10339
3717 10003
3712 10525
2662 10114
472 10034
3712 10511
3712 10526
230 10033
3712 10576
199 10525
3718 10007
3719 10003
3720 10033
3712 10516
3452 10215
3721 10011
898 10212
2913 10448
427 10016
3722 10055
3723 10020
3574 10526
3724 10054
412 10055
3725 10108
3726 10461
3727 10002
1894 10091
3728 10617
3729 10071
1893 10033
3730 10033
3731 10053
3732 10009
1367 10265
3733 10359
2913 10073
3734 10016
3735 10123
415 10578
1165 10215
3736 10241
3737 10709
2176 10112
3738 10710
3739 10003
3736 10068
3668 10310
3740 10385
3632 10179
1238 10065
3741 10003
3742 10153
2537 10007
3743 10093
3744 10033
1489 10196
3745 10254
3670 10175
3346 10113
3746 10057
3360 10223
200 10219
3747 10003
3346 10337
3748 10711
1551 10016
3749 10052
3750 10077
3751 10033
3752 10003
234 10187
3753 10034
3754 10003
3755 10070
3756 10524
1377 10098
3458 10205
2350 10020
3309 10213
3757 10020
3758 10003
3759 10206
3415 10359
3760 10266
3760 10239
3761 10602
2280 10661
3762 10126
1894 10440
1463 10069
3763 10020
3764 10149
1529 10013
3765 10003
3766 10119
102 10632
3329 10047
3767 10071
3738 10033
2923 10033
1258 10017
1395 10564
3197 10086
3169 10106
1878 10034
3768 10335
3769 10558
3770 10033
3771 10077
3772 10064
2808 10712
1238 10398
3773 10017
1916 10034
3774 10073
1233 10342
3775 10035
3774 10115
1200 10016
3718 10435
3776 10189
3777 10343
3778 10034
3779 10007
3780 10011
3781 10055
1569 10448
3782 10003
3743 10163
3783 10713
3784 10605
3748 10057
3785 10006
3786 10112
538 10310
3787 10003
1892 10053
3127 10020
3788 10211
3789 10152
3790 10109
3723 10073
3791 10196
3792 10675
1781 10055
3793 10157
1920 10007
3794 10071
1569 10307
3795 10186
3793 10486
3796 10055
3410 10255
3797 10007
3798 10133
3799 10047
3800 10039
3574 10643
3801 10120
2058 10073
95 10155
3802 10418
3803 10007
3804 10065
3805 10003
3806 10299
1781 10122
3807 10032
3808 10026
3809 10002
3810 10696
3811 10047
3812 10016
3813 10007
3814 10414
1060 10073
3815 10007
494 10033
3810 10714
3735 10020
3816 10003
1157 10715
2805 10289
3817 10007
3818 10007
3819 10003
2188 10065
1395 10647
3820 10003
3821 10148
1367 10010
1781 10073
3822 10703
2031 10716
3823 10064
3824 10163
3825 10441
3826 10144
843 10033
3827 10007
102 10349
3828 10319
3829 10007
1474 10016
3127 10177
3830 10033
3831 10025
3832 10149
3034 10095
3833 10003
3834 10242
102 10323
3222 10667
3835 10009
3836 10003
3795 10539
3837 10035
834 10033
1626 10493
166 10428
3838 10093
3839 10634
494 10332
3840 10007
3841 10104
3842 10033
3843 10717
3844 10003
3845 10184
1325 10202
3846 10003
3847 10097
3848 10073
3849 10097
3850 10498
1548 10535
3270 10191
3851 10112
1038 10129
3852 10359
1165 10718
3853 10508
726 10212
423 10205
3854 10093
3855 10077
3814 10093
2268 10091
3197 10181
3856 10129
3857 10257
3858 10033
3706 10541
1894 10537
2344 10127
391 10008
3859 10238
3743 10398
3860 10719
2941 10150
3861 10388
3862 10717
3863 10053
3864 10033
3865 10006
3865 10035
3866 10034
1807 10720
3867 10703
3868 10323
973 10122
3127 10175
3869 10007
3870 10003
3871 10097
190 10229
3872 10061
3873 10093
3526 10022
1894 10721
3874 10020
3875 10267
3876 10497
3248 10465
3877 10335
3878 10149
3526 10106
3382 10013
193 10175
3879 10087
161 10057
122 10236
3880 10498
3839 10033
1348 10020
3881 10003
2134 10093
2975 10020
2689 10063
1348 10212
3452 10290
3882 10075
3873 10122
3883 10698
3884 10032
3885 10290
3452 10115
3549 10103
3248 10475
3248 10162
3886 10594
3887 10011
142 10270
3750 10023
842 10279
3888 10581
3889 10003
3890 10004
3891 10003
3789 10310
3892 10722
671 10111
3893 10003
3894 10069
2150 10032
3873 10077
3066 10175
3549 10165
3895 10380
3759 10017
3681 10033
3896 10157
3897 10147
3898 10143
1367 10287
3899 10297
2768 10058
3784 10626
3900 10139
3549 10234
3901 10244
3526 10232
3902 10723
683 10033
1150 10724
3903 10003
3904 10003
1165 10396
3549 10067
3905 10071
3906 10039
3907 10003
1919 10033
2888 10641
3452 10077
3549 10073
3491 10725
3908 10007
3909 10112
3910 10034
3911 10055
3912 10023
1740 10030
1569 10039
3315 10005
1569 10032
3197 10039
3913 10003
3914 10726
3915 10085
3916 10210
3917 10088
3918 10007
174 10371
1745 10074
3919 10055
3920 10353
2601 10039
3921 10045
2744 10388
2261 10033
3922 10007
3759 10366
2318 10177
3923 10007
3372 10055
3924 10525
224 10727
2150 10034
3925 10310
2938 10051
641 10211
3926 10077
928 10165
3927 10531
3928 10155
3929 10152
3926 10112
3930 10728
3931 10034
3932 10020
3933 10409
3357 10204
2482 10020
2894 10033
3934 10071
3935 10093
3936 10052
3937 10108
3938 10003
3939 10033
279 10017
1894 10564
3917 10454
1367 10729
3940 10428
3941 10093
3942 10547
3943 10457
3944 10020
2422 10114
3945 10033
3946 10315
3947 10020
3621 10033
3784 10032
3948 10007
3871 10033
3949 10233
3950 10037
3951 10730
3924 10362
3952 10033
3953 10123
2901 10026
3924 10283
3946 10465
3954 10675
3941 10051
3955 10020
3942 10154
3956 10007
3357 10389
2403 10033
3957 10731
3958 10345
3821 10227
1823 10051
3959 10045
1624 10148
3960 10558
3961 10493
3962 10034
3960 10088
38 10055
3963 10020
3964 10524
3103 10033
928 10406
3965 10003
3966 10003
1642 10003
3308 10038
3967 10097
3968 10026
3969 10071
3970 10253
3960 10454
917 10054
3971 10076
3927 10033
3972 10009
3973 10007
3974 10087
3975 10434
3976 10007
3970 10163
1233 10165
3970 10085
1623 10289
3523 10448
3977 10033
3978 10003
3979 10038
1165 10177
3980 10020
3981 10219
3523 10177
3982 10148
3528 10115
3736 10243
3983 10732
2464 10236
3984 10011
323 10011
61 10091
3357 10165
3985 10003
3986 10665
3488 10646
3897 10033
3975 10034
3987 10154
3988 10508
3989 10055
3873 10244
3488 10159
3990 10375
2817 10032
2825 10056
3987 10366
3982 10008
50 10039
3991 10003
3992 10153
2951 10033
75 10039
1894 10244
3993 10025
3994 10003
3954 10349
3995 10003
3996 10033
3997 10270
3998 10070
3999 10502
4000 10088
4001 10003
4002 10033
4003 10555
659 10034
1919 10460
4004 10034
4005 10020
3531 10054
3852 10041
3342 10020
2552 10055
242 10260
4006 10007
3744 10089
4007 10003
4008 10203
3047 10353
4009 10733
4010 10007
3743 10734
1165 10051
3357 10171
4011 10122
4012 10064
3941 10179
4013 10254
4014 10003
4015 10047
4016 10410
4017 10391
1640 10310
4018 10044
3523 10023
4019 10652
4020 10447
4021 10052
3999 10735
3960 10423
4022 10016
2854 10016
4023 10341
4024 10441
2744 10053
1892 10002
2930 10446
4025 10016
4026 10736
4027 10366
3376 10254
4028 10033
3556 10737
4029 10034
4030 10644
1185 10077
4031 10020
4032 10527
4033 10073
664 10285
4034 10738
4023 10222
3999 10113
102 10446
1693 10033
1823 10396
1260 10443
4035 10183
4036 10439
242 10535
285 10535
4037 10234
4038 10602
1728 10739
4036 10006
2625 10255
4039 10053
4040 10740
4041 10310
3825 10521
2647 10741
4042 10007
102 10504
650 10449
2625 10085
1898 10065
4043 10073
1233 10475
4044 10016
4045 10177
3960 10086
4036 10418
3468 10375
1920 10137
4046 10011
1960 10045
3999 10047
1468 10016
1244 10008
3270 10091
4047 10260
3999 10383
4048 10742
4049 10026
4050 10007
4051 10014
3784 10357
3376 10529
470 10180
3188 10726
4052 10003
4053 10106
4005 10180
4054 10396
4055 10033
4056 10245
4057 10177
3917 10588
4058 10204
1038 10122
4059 10047
4060 10008
4061 10087
4058 10014
285 10413
470 10020
4062 10527
3848 10016
4063 10312
3933 10090
4036 10039
1266 10055
4064 10007
3201 10286
4065 10351
3930 10368
4066 10529
4067 10003
3823 10646
2625 10261
3781 10054
3943 10189
4068 10414
4069 10007
3574 10472
943 10055
4070 10003
3930 10182
2229 10332
3611 10020
4071 10257
4072 10302
3759 10671
4073 10087
3743 10055
4074 10171
1151 10030
4075 10033
3874 10085
4076 10375
4077 10457
1132 10254
4078 10033
494 10686
4079 10269
4080 10039
1596 10447
4081 10665
4082 10003
3930 10234
4083 10014
1830 10077
2607 10017
4084 10204
458 10499
3361 10126
4085 10033
1468 10378
458 10171
4058 10389
4086 10074
1165 10269
4087 10003
3153 10033
2110 10054
4088 10584
4089 10003
3788 10265
4090 10013
2724 10130
4091 10003
208 10017
4074 10047
3930 10161
4092 10039
2350 10033
4086 10047
845 10091
4093 10034
4094 10064
4095 10122
4096 10150
654 10169
4095 10743
4097 10033
1791 10094
3632 10057
1414 10243
654 10027
4098 10197
4099 10033
4100 10007
4035 10016
4101 10212
3874 10605
3768 10052
4102 10071
1024 10055
4103 10033
4104 10119
4105 10540
3287 10054
4095 10016
3013 10407
4106 10047
4009 10359
779 10034
4107 10184
3425 10033
4108 10512
4109 10033
4110 10238
1290 10039
4108 10093
4111 10559
4112 10034
3103 10341
4113 10007
4114 10744
4115 10071
4116 10003
819 10055
3874 10051
1165 10178
2224 10169
4117 10745
4118 10046
4119 10535
4120 10636
1551 10501
3468 10077
3788 10375
4121 10105
4056 10268
4122 10076
4123 10121
494 10115
4124 10125
4125 10007
4126 10033
4127 10055
3087 10034
4128 10260
2346 10177
1540 10388
3452 10122
4129 10007
4130 10020
4131 10064
4132 10033
4133 10366
4134 10033
475 10033
82 10065
4068 10017
4135 10033
4136 10212
75 10053
4137 10108
1540 10006
236 10596
1540 10030
4138 10159
4139 10541
3595 10047
4140 10007
4141 10011
4142 10070
4143 10003
4144 10071
4145 10162
873 10017
4146 10032
4147 10047
4148 10746
4149 10054
4145 10506
4150 10021
2318 10073
4151 10011
4152 10011
4153 10002
2893 10017
4154 10691
15 10033
4155 10003
4156 10472
1165 10016
915 10747
1548 10592
4157 10007
3482 10368
4158 10264
199 10748
1698 10460
2585 10299
4159 10033
4160 10003
4161 10015
2625 10539
4162 10306
3914 10008
1791 10106
4163 10731
3172 10016
4134 10254
2653 10039
4130 10073
4164 10003
4165 10034
4112 10133
4166 10056
4167 10033
4168 10032
4169 10032
2380 10073
2628 10051
4170 10007
359 10427
3954 10030
3860 10749
4171 10033
4172 10147
4173 10446
4174 10541
4175 10087
4176 10007
2477 10065
4105 10033
4120 10058
4177 10034
4035 10045
4178 10510
3425 10055
2318 10093
3899 10750
425 10016
4179 10073
4180 10071
362 10601
3036 10332
4181 10206
4178 10127
4179 10266
4182 10098
4178 10088
3510 10405
2636 10033
4183 10456
4184 10003
4185 10093
3721 10071
2097 10194
3874 10033
4186 10588
4187 10032
4181 10073
4188 10227
4189 10007
1022 10046
4190 10684
4191 10056
4192 10033
4193 10077
1163 10751
1391 10057
4194 10154
4195 10130
4196 10003
4197 10191
102 10126
1624 10343
4198 10033
4199 10034
4200 10003
4201 10003
4058 10047
4202 10016
4203 10752
4204 10007
4205 10115
4206 10077
4207 10055
3035 10093
4208 10007
1616 10039
3153 10025
3999 10570
4209 10046
4210 10145
4210 10380
4211 10011
4212 10037
4213 10003
1248 10020
4214 10636
2145 10033
4215 10088
3560 10279
54 10744
3103 10563
4216 10357
4217 10008
788 10142
4218 10003
765 10032
4219 10037
4220 10055
1754 10450
1948 10513
4221 10073
4186 10500
1528 10017
3346 10727
765 10034
4222 10034
4223 10709
2388 10268
3064 10282
4224 10071
4225 10003
728 10115
4226 10033
4166 10147
1404 10114
1172 10053
765 10039
4227 10064
4228 10001
839 10021
4229 10350
4230 10011
4231 10055
4232 10339
2380 10093
3127 10390
3921 10372
4233 10087
4234 10468
2075 10028
765 10093
2711 10298
4235 10032
1866 10033
4236 10147
4111 10121
4237 10196
4238 10309
765 10085
3595 10525
1356 10060
4239 10108
4240 10055
2380 10050
1898 10006
765 10177
4241 10006
4056 10319
4242 10033
862 10051
4243 10555
3999 10337
4244 10282
4245 10110
4246 10059
4247 10007
3915 10307
4248 10020
4176 10175
674 10486
4249 10033
765 10448
2448 10619
185 10704
4250 10503
4251 10003
1998 10025
4252 10207
4253 10474
604 10217
4254 10007
3103 10222
4255 10032
4226 10593
348 10717
3736 10409
4256 10155
3141 10016
111 10048
4257 10003
4258 10665
4259 10033
4260 10003
4261 10007
4262 10047
4263 10085
4264 10088
2141 10201
4265 10031
4266 10216
2552 10184
2306 10134
4267 10016
4262 10234
4084 10047
288 10114
4171 10357
4268 10129
765 10026
4136 10034
4269 10003
4264 10127
4056 10022
2870 10077
2147 10020
4270 10008
4271 10073
4272 10033
1845 10196
2864 10263
4273 10003
4274 10753
4262 10362
69 10034
4018 10020
4275 10033
3172 10071
4276 10007
4277 10047
4278 10089
4279 10050
230 10754
4280 10031
4281 10077
4246 10020
4282 10014
4283 10511
15 10055
381 10013
1915 10064
4284 10007
27 10041
4285 10020
4286 10034
4250 10542
27 10065
3388 10592
4287 10359
4288 10003
3686 10020
4289 10160
4250 10165
4176 10755
3468 10177
4290 10718
674 10116
2380 10215
4291 10027
4292 10460
4293 10223
4290 10093
4294 10008
4295 10041
4296 10359
4297 10549
230 10055
4298 10003
3104 10075
4299 10003
4300 10071
4301 10110
1466 10702
4049 10406
381 10001
4302 10033
3579 10037
4303 10087
4146 10349
4304 10055
4305 10034
4306 10146
1935 10663
4198 10065
2307 10020
4307 10003
2530 10155
4308 10003
3700 10077
404 10223
2380 10085
4309 10054
4296 10683
3376 10055
977 10299
2941 10750
290 10177
4310 10007
4311 10173
4312 10196
4313 10117
22 10007
2261 10091
4314 10602
381 10073
4315 10007
4316 10415
3574 10506
2868 10756
4317 10031
3645 10541
4318 10020
4319 10110
4320 10071
2185 10026
3509 10057
4287 10225
4321 10108
4322 10757
3295 10091
3722 10155
4323 10109
2866 10407
4324 10219
3971 10052
2599 10184
536 10190
3397 10033
3702 10006
4325 10758
2069 10114
3225 10759
4326 10087
4228 10760
4327 10033
2198 10353
779 10137
1113 10682
4328 10128
4329 10033
335 10439
4330 10726
4331 10513
2075 10053
4332 10008
4101 10045
1238 10197
4333 10011
1113 10189
1113 10303
2392 10761
2069 10016
4084 10168
381 10762
4334 10413
4335 10048
3147 10433
335 10034
4336 10724
4337 10007
4338 10148
4339 10033
758 10077
4340 10007
1280 10472
3970 10763
4341 10065
4248 10048
3490 10219
3970 10764
3295 10036
4342 10007
1113 10026
95 10135
1113 10058
4343 10345
4344 10760
2882 10053
4345 10033
4346 10007
4347 10091
1862 10492
4348 10007
1469 10208
4349 10682
1528 10013
4350 10073
3971 10037
4351 10466
4352 10007
4353 10192
4024 10106
3397 10007
4354 10045
4355 10007
4356 10007
4357 10003
753 10055
4358 10649
3921 10677
357 10340
4245 10041
1466 10156
4359 10007
4360 10003
4361 10108
590 10039
2508 10077
4362 10039
4363 10765
4364 10091
4365 10003
4366 10098
3722 10033
3066 10592
2924 10306
4367 10077
1060 10157
4368 10428
2508 10073
4369 10493
4370 10071
4371 10540
4372 10007
1024 10212
4369 10584
4373 10041
3691 10039
4374 10278
50 10016
1229 10051
2508 10332
682 10704
4373 10032
4375 10034
788 10450
4376 10037
4016 10245
4377 10033
3748 10086
788 10766
4378 10055
4369 10474
898 10028
4379 10511
1483 10020
2069 10077
4112 10056
4380 10006
2508 10011
1530 10055
4381 10007
2571 10255
4382 10033
3971 10264
1707 10031
4383 10326
4384 10767
3399 10033
4385 10033
3397 10020
2135 10039
3574 10516
1238 10008
2974 10382
4386 10168
1466 10768
3574 10406
3915 10225
4387 10003
4388 10003
2924 10055
4389 10769
4390 10033
4391 10033
4272 10122
4392 10031
4259 10055
4393 10186
4394 10003
1172 10450
798 10033
4395 10050
3574 10492
4396 10084
4397 10478
3921 10310
1707 10007
3691 10035
4398 10119
4399 10071
4400 10070
4401 10003
4402 10033
4036 10035
3400 10011
4272 10077
1229 10093
200 10703
4056 10091
4403 10071
4404 10020
4405 10003
4406 10330
3269 10169
3284 10032
4407 10007
4408 10003
4248 10093
4409 10013
4410 10054
4176 10236
4411 10003
2777 10037
635 10341
4412 10110
4413 10537
4414 10384
4415 10077
4416 10007
4417 10108
4418 10122
4419 10266
4420 10071
4421 10057
4422 10108
4423 10414
4424 10056
1466 10040
576 10584
4425 10007
4426 10034
3683 10275
808 10033
4427 10217
4105 10770
4419 10239
4428 10555
4426 10056
4413 10771
4429 10109
4016 10064
4430 10070
4369 10389
4431 10772
4414 10759
3789 10357
373 10171
4432 10230
4433 10033
4369 10598
3284 10065
4434 10039
4435 10765
4191 10129
4396 10427
4436 10007
4429 10092
1267 10773
4437 10004
873 10112
4438 10050
4223 10033
4439 10055
4440 10030
4432 10085
4441 10380
3979 10030
3036 10073
4056 10290
4442 10032
4443 10596
231 10055
4444 10676
4049 10165
4413 10774
3207 10017
4432 10225
1943 10079
2448 10121
4445 10119
4446 10017
547 10309
4447 10007
1466 10065
3659 10020
1598 10065
3444 10151
4448 10065
4449 10440
3873 10539
1497 10056
4450 10033
4063 10328
4451 10414
4130 10017
4444 10041
3873 10316
3759 10413
3683 10033
4452 10093
4453 10003
4049 10162
4049 10182
4454 10547
4455 10264
3728 10429
4456 10003
4457 10033
2384 10034
3130 10165
4458 10225
4459 10147
4049 10696
3724 10033
4460 10003
4461 10114
4462 10728
4463 10216
3873 10332
4421 10408
4396 10053
3733 10466
4464 10347
4465 10453
4466 10011
1404 10031
4467 10127
242 10584
164 10591
4393 10093
4468 10056
4469 10450
4470 10467
577 10159
4471 10691
3796 10033
4443 10001
3169 10720
4472 10055
4473 10037
4289 10135
2110 10073
731 10013
3873 10456
4248 10212
3990 10373
3060 10065
2541 10775
3990 10051
1512 10266
4474 10290
4475 10071
4476 10070
1233 10162
4245 10035
4049 10234
4477 10006
164 10106
4178 10053
4478 10071
3953 10447
171 10244
4479 10089
1233 10369
4480 10284
4481 10141
3890 10056
4482 10098
4483 10009
4484 10039
498 10033
171 10073
4485 10298
3990 10233
4486 10115
3476 10039
4186 10221
1466 10123
2982 10194
4486 10007
3036 10244
248 10094
171 10669
3953 10053
3990 10261
1651 10155
4487 10003
4488 10035
4489 10071
164 10051
4464 10297
4490 10289
2768 10073
3476 10041
2295 10155
4491 10003
4223 10055
753 10245
4492 10047
4493 10003
4494 10071
4495 10011
3169 10032
36 10366
2144 10311
4496 10036
4496 10094
412 10493
3953 10626
3110 10050
1984 10112
4497 10033
4248 10073
4498 10033
4499 10149
857 10160
4500 10128
4501 10016
2804 10346
242 10719
4502 10450
4503 10648
1202 10109
4504 10071
1349 10017
1160 10010
22 10177
4505 10003
4506 10159
4498 10054
2821 10098
248 10036
972 10091
4507 10088
3953 10088
1995 10344
242 10636
4049 10519
4508 10006
4262 10014
4509 10195
3370 10265
2768 10055
4510 10007
4511 10056
4512 10542
4470 10014
900 10073
2717 10055
4444 10020
4513 10023
4121 10776
4514 10366
4515 10013
4516 10016
4517 10091
4518 10289
4519 10007
381 10258
857 10186
3169 10663
4520 10087
4138 10689
3672 10039
4186 10490
3990 10010
4521 10007
4522 10075
4523 10007
4524 10064
4525 10087
2747 10423
4526 10007
4527 10447
4138 10020
4528 10407
4529 10212
4530 10360
4216 10022
102 10045
4531 10088
4532 10077
4101 10380
4083 10168
1524 10010
4344 10022
762 10407
1466 10427
1984 10316
4481 10638
1154 10023
4533 10076
4534 10016
4535 10035
4534 10020
791 10489
4480 10223
4536 10003
4537 10033
4538 10104
4539 10003
4540 10196
4101 10017
1684 10349
4541 10087
4344 10638
4542 10087
3186 10091
1128 10032
4543 10006
4435 10020
2509 10648
4544 10020
4509 10340
1396 10665
4545 10008
1233 10511
368 10090
3990 10530
3090 10006
3983 10410
3137 10688
1827 10290
4546 10011
22 10668
4547 10047
3949 10600
4437 10777
2395 10588
4548 10087
3169 10122
3990 10341
1935 10035
4549 10047
4550 10003
4551 10187
4552 10443
4553 10003
4554 10010
4555 10778
4163 10187
3990 10222
4509 10338
124 10162
4556 10016
4557 10007
4558 10407
731 10035
50 10177
4559 10016
4115 10177
4560 10380
4561 10053
4562 10071
4563 10060
900 10177
483 10779
4564 10003
4239 10190
1524 10449
4565 10133
4430 10691
1524 10236
1257 10033
3110 10564
4566 10063
2112 10238
4560 10145
4567 10173
1238 10017
1474 10273
4568 10210
3376 10780
1788 10408
3953 10095
2475 10633
4569 10725
4176 10065
4570 10271
4571 10003
4474 10463
1233 10015
4572 10071
3169 10444
3662 10033
941 10011
4573 10162
3321 10093
970 10148
102 10277
4574 10033
4575 10007
4481 10588
4576 10003
4577 10003
27 10030
4578 10039
4579 10087
4580 10537
788 10041
4229 10032
226 10219
419 10448
4581 10003
4582 10626
4583 10020
749 10717
419 10177
4584 10033
1776 10106
1282 10058
4585 10459
3779 10273
3875 10016
4586 10781
4578 10135
4587 10454
4588 10071
4578 10034
4589 10033
4590 10071
4253 10368
3953 10349
4591 10003
1481 10371
2924 10057
1935 10134
4592 10003
4593 10048
731 10115
4578 10032
1481 10728
4594 10026
3734 10033
1355 10073
4595 10446
4435 10163
4596 10047
1130 10378
4573 10234
4597 10033
4057 10025
4598 10071
1305 10055
4599 10008
2825 10055
1239 10033
2768 10506
4358 10033
4600 10148
2924 10077
4509 10782
4601 10762
4602 10003
4603 10478
4604 10013
1143 10007
4605 10003
4606 10026
4607 10177
4608 10407
4609 10033
4610 10037
4611 10553
4612 10071
4509 10783
3443 10784
135 10054
4613 10740
4614 10065
1154 10119
4285 10122
4615 10020
595 10282
4509 10369
2720 10488
4600 10265
4616 10007
4238 10785
1421 10010
4617 10011
928 10468
4241 10039
4618 10034
4619 10108
3650 10088
839 10037
4604 10035
4620 10786
4083 10204
4621 10267
4622 10031
139 10033
2804 10033
4623 10031
4624 10046
4625 10071
4626 10033
4435 10235
4627 10632
1588 10035
2404 10054
4604 10007
3070 10093
4628 10055
4629 10624
4532 10055
4630 10330
3939 10084
4631 10007
3595 10171
4603 10178
4632 10006
4573 10182
4604 10041
2173 10017
4633 10052
3488 10055
102 10299
4634 10091
4635 10080
4636 10064
4614 10211
3681 10025
858 10358
4601 10344
4637 10009
4638 10093
1462 10058
4639 10007
4640 10033
2110 10450
102 10650
2880 10002
4641 10033
4642 10019
2063 10462
4643 10003
4644 10033
4304 10033
547 10312
2516 10571
2799 10054
3060 10093
3142 10064
3505 10009
109 10112
4645 10007
1588 10094
4402 10194
1109 10508
3770 10056
1588 10039
4219 10056
1459 10179
4646 10020
2071 10633
4647 10087
1866 10586
4648 10033
4649 10691
4049 10405
4650 10033
4009 10093
724 10212
4241 10022
4651 10129
4304 10177
1380 10143
4212 10097
4652 10143
1469 10150
724 10035
4653 10526
142 10007
713 10398
4654 10555
4655 10196
4212 10033
4656 10036
4657 10056
2820 10682
4658 10007
3857 10006
2307 10787
4659 10027
4660 10478
181 10335
4660 10178
3066 10020
4661 10555
4662 10071
2623 10335
4663 10071
4395 10033
4016 10788
4368 10033
18 10758
4628 10073
788 10056
4664 10025
4665 10407
2881 10756
1043 10055
4666 10039
4667 10087
767 10052
4668 10007
2101 10205
4669 10463
4670 10071
4671 10143
4672 10071
577 10296
1357 10056
4673 10007
4486 10407
4674 10073
781 10106
2737 10479
4675 10003
295 10161
3688 10037
4676 10189
4677 10033
4678 10017
4679 10047
3375 10020
4680 10007
3743 10789
4681 10007
4682 10020
4683 10034
85 10039
4683 10032
1329 10368
3694 10367
4684 10323
461 10026
4685 10614
3971 10565
4686 10020
4687 10077
900 10034
4688 10061
2848 10325
4689 10060
4690 10016
4691 10049
4514 10147
4692 10330
4238 10790
4693 10073
2465 10232
3308 10006
3748 10102
295 10584
4390 10064
4689 10108
345 10007
2307 10252
1926 10026
3435 10089
4694 10032
4695 10020
4696 10521
2963 10311
4697 10047
3946 10708
3163 10055
3796 10056
1654 10112
4698 10219
4699 10159
4700 10011
157 10497
135 10032
595 10079
4701 10332
4702 10069
4703 10341
3348 10008
4653 10782
1364 10556
61 10332
2881 10091
4704 10106
4705 10423
4019 10033
4706 10093
4707 10007
248 10006
4708 10093
3851 10011
3557 10041
3670 10160
2207 10055
4709 10187
102 10791
4710 10239
2808 10502
2592 10162
4711 10055
4712 10197
4713 10071
4714 10501
1807 10163
1543 10189
1543 10735
1807 10085
4715 10007
4696 10441
1543 10242
4432 10163
4578 10380
461 10457
4716 10707
345 10034
461 10406
3946 10584
4717 10054
4718 10033
4719 10302
4720 10205
177 10032
3316 10375
4721 10007
1774 10054
4722 10277
4283 10234
295 10525
4723 10450
4724 10144
1744 10378
4725 10349
4726 10653
2569 10467
4727 10007
4313 10033
4558 10033
4728 10087
4729 10016
4730 10358
163 10190
2628 10071
4373 10025
4731 10039
177 10039
1289 10017
2437 10055
4016 10160
295 10503
4262 10204
4732 10431
4733 10050
4734 10121
1283 10171
4735 10637
4736 10093
4694 10054
2295 10050
4737 10003
1005 10035
4738 10087
3169 10716
2295 10154
4739 10033
73 10298
4740 10009
2517 10269
4741 10020
461 10162
2779 10613
4742 10230
2065 10375
404 10057
4743 10064
1400 10039
4391 10075
4744 10003
404 10122
4745 10128
687 10032
2368 10020
3946 10474
3834 10616
3056 10155
4746 10106
4747 10256
4748 10781
710 10007
3218 10378
2592 10234
4749 10434
4750 10033
1154 10025
193 10297
4016 10196
301 10033
4735 10614
4751 10003
158 10101
4752 10230
4503 10792
4753 10147
2650 10235
4735 10311
4754 10501
4735 10576
4748 10073
4755 10020
4705 10510
73 10001
4024 10663
357 10528
3169 10011
4756 10313
4757 10033
773 10153
4758 10066
3962 10273
4258 10205
4759 10564
1238 10155
4760 10091
4648 10407
4761 10084
4762 10128
4763 10080
4764 10501
4528 10020
4765 10460
4268 10033
461 10637
4766 10211
4767 10061
1155 10001
3490 10114
4079 10031
4768 10054
4769 10003
4770 10105
4771 10055
686 10091
773 10666
2717 10077
784 10114
4772 10506
4773 10033
4774 10510
4775 10039
4776 10087
461 10405
4653 10601
357 10193
73 10215
4777 10793
2438 10117
1788 10310
4778 10003
4779 10051
4780 10196
4781 10056
4324 10323
4782 10032
1289 10219
4568 10150
4783 10033
4784 10026
4785 10034
4786 10011
4787 10153
4788 10007
4789 10033
552 10212
3577 10056
4790 10526
477 10794
4666 10298
4790 10165
4791 10686
4792 10007
4754 10153
724 10034
4791 10115
270 10660
4793 10118
3920 10060
4794 10055
4481 10134
4795 10196
3783 10057
4796 10007
2808 10358
3783 10101
495 10649
3486 10073
4797 10222
1026 10050
1730 10008
4798 10003
4799 10047
1006 10539
1467 10176
1084 10115
4800 10471
483 10031
4735 10368
4801 10055
4802 10097
4803 10061
4800 10368
3598 10033
168 10025
484 10033
596 10220
4760 10073
1286 10050
4372 10229
3793 10341
4804 10033
1638 10147
3842 10112
4805 10253
4806 10057
1348 10077
3885 10216
4012 10024
4414 10371
4807 10088
357 10336
4808 10003
4809 10512
4414 10311
4810 10204
4811 10007
4812 10003
4811 10110
4813 10665
945 10033
22 10795
3375 10796
4814 10020
590 10273
1462 10547
3977 10073
577 10672
4815 10091
4057 10008
4618 10039
4816 10077
570 10317
4735 10389
4752 10290
4817 10075
4818 10119
4819 10091
4057 10440
2910 10797
4820 10055
2852 10122
4821 10055
4364 10615
4578 10212
4822 10003
4797 10077
197 10055
4186 10638
4279 10077
4823 10108
4578 10298
4824 10047
3068 10417
4825 10181
1575 10126
590 10032
4826 10130
4787 10007
4827 10181
3577 10076
3169 10309
4828 10007
4829 10007
4830 10285
4831 10552
2569 10475
570 10407
4832 10108
4800 10643
4833 10119
4834 10007
2569 10608
102 10252
4835 10047
4026 10055
4836 10035
102 10648
102 10798
171 10123
4835 10234
495 10052
102 10799
4837 10171
102 10766
4791 10563
4600 10112
4836 10006
4838 10273
4839 10032
4840 10541
4841 10012
1732 10186
75 10159
820 10039
4842 10323
4843 10027
4844 10035
4252 10800
4845 10003
4846 10149
4847 10016
4848 10003
4849 10098
4850 10032
4851 10001
4852 10147
4853 10013
4653 10475
4854 10238
4850 10093
4855 10153
4856 10093
4857 10033
4858 10008
4057 10462
4481 10289
4859 10337
1462 10428
4856 10512
4860 10058
3552 10262
4861 10245
1973 10020
4840 10382
22 10574
2807 10522
172 10556
1393 10018
4862 10057
4726 10032
4863 10007
4864 10020
4864 10073
443 10468
4865 10086
844 10033
3348 10413
226 10267
3743 10230
4866 10007
4212 10009
4867 10447
4746 10053
4868 10204
4466 10433
2569 10735
3022 10224
4869 10613
4664 10005
4870 10295
4424 10450
1348 10196
996 10020
4871 10006
4840 10206
3497 10369
1570 10492
4872 10098
1570 10368
765 10152
193 10651
4873 10121
3552 10197
570 10008
22 10034
2650 10033
1749 10693
4874 10801
4875 10268
2656 10212
4876 10065
4877 10014
219 10654
1973 10093
4878 10008
4879 10670
4174 10091
4880 10039
4881 10057
843 10055
138 10055
4882 10003
4883 10496
219 10648
2328 10037
4746 10131
4884 10390
4885 10011
1570 10405
996 10488
4886 10802
4732 10016
1170 10032
4887 10584
4888 10030
3560 10033
1140 10263
3317 10035
4889 10313
4111 10112
4890 10289
3842 10064
461 10471
4228 10520
4891 10135
4892 10025
4893 10357
4894 10584
4895 10050
4896 10032
4897 10003
4898 10026
4894 10803
4866 10057
4063 10010
4899 10121
4887 10492
4895 10020
4191 10452
4900 10211
4901 10003
4902 10151
580 10065
4903 10055
4904 10077
4881 10122
4844 10034
585 10055
3505 10073
4887 10165
4905 10007
1747 10332
2881 10200
4906 10016
1290 10048
4907 10006
1520 10203
4908 10527
4909 10081
4910 10460
4911 10007
788 10697
3808 10311
720 10077
4111 10332
4912 10140
4913 10054
4914 10562
4915 10055
4916 10033
4917 10639
2982 10007
4426 10039
4918 10334
4919 10212
4895 10039
4903 10254
4920 10299
2295 10491
1572 10033
4921 10109
4040 10073
4026 10151
4820 10648
4830 10621
4922 10709
3801 10031
4923 10032
4887 10637
4924 10033
3287 10462
460 10056
4660 10524
4019 10223
4925 10003
22 10206
4887 10506
4926 10032
4887 10342
4760 10230
4927 10047
4887 10384
4906 10017
4928 10147
3543 10176
2853 10600
4929 10076
1327 10066
784 10150
4930 10278
4729 10177
4931 10269
4932 10007
4933 10366
726 10186
4934 10086
4935 10196
4057 10065
4936 10274
2853 10091
4937 10212
1156 10159
1064 10344
102 10413
2101 10725
4938 10123
4939 10108
3899 10344
4701 10218
554 10187
4439 10008
4940 10125
4941 10389
3089 10039
4942 10522
4943 10042
1094 10267
4712 10804
4944 10003
36 10085
4209 10034
4945 10033
3309 10670
4191 10119
1160 10091
1970 10217
3253 10033
4946 10238
4947 10414
3549 10132
758 10033
4948 10446
4949 10205
4653 10172
2737 10805
4026 10097
4950 10177
4951 10033
1788 10443
4952 10127
873 10022
4953 10098
4681 10048
4954 10087
3230 10034
4955 10033
4956 10212
3961 10058
405 10212
4957 10153
4958 10148
3026 10716
4877 10047
861 10456
242 10236
4847 10045
4959 10806
3549 10728
4849 10061
61 10177
4960 10205
4961 10065
4962 10070
1570 10714
1587 10303
4963 10051
4964 10256
4965 10143
3287 10197
781 10273
252 10038
4966 10283
4967 10055
4968 10251
210 10426
4969 10007
4439 10033
4970 10033
4906 10033
3137 10359
4971 10041
4972 10807
3537 10206
4941 10528
4973 10089
4974 10007
4975 10013
2508 10176
4976 10759
3586 10009
4977 10007
3997 10057
4978 10808
2969 10008
4979 10034
3480 10306
682 10312
3821 10017
952 10590
546 10147
209 10407
1183 10215
1112 10146
4787 10091
1362 10014
1625 10055
4980 10047
1540 10163
4981 10214
4323 10005
4982 10055
4983 10007
4984 10408
2881 10290
4985 10809
585 10210
4242 10055
4880 10217
4265 10284
2549 10114
4941 10161
3169 10357
4986 10450
4987 10546
4988 10092
4105 10648
4989 10077
4970 10214
102 10454
3188 10093
4990 10149
4991 10006
3779 10323
4992 10055
94 10073
1140 10547
2670 10055
4071 10731
4813 10400
13 10251
125 10260
4961 10050
3979 10093
3821 10366
3979 10155
3249 10540
4993 10032
4349 10707
4094 10033
2197 10093
500 10006
2477 10375
50 10073
3971 10048
4994 10033
2744 10008
219 10810
94 10020
2259 10282
1777 10177
4995 10128
4996 10032
1072 10179
1207 10026
3578 10433
4997 10765
1434 10382
3218 10077
4265 10020
4998 10011
4999 10216
3188 10694
5000 10176
5001 10077
4876 10051
5002 10127
4844 10039
549 10449
4726 10039
549 10051
549 10448
4844 10137
2737 10009
882 10689
5003 10731
4993 10418
4961 10073
5004 10033
14 10447
2207 10179
2840 10270
5005 10347
5006 10053
613 10177
3686 10811
5007 10147
5008 10061
2817 10212
1130 10099
1130 10206
3896 10208
5009 10007
5010 10032
3068 10165
3316 10309
1390 10033
788 10453
4216 10232
1776 10131
5011 10159
3332 10055
713 10244
5012 10003
2236 10032
3896 10064
5013 10033
5014 10290
5015 10340
3656 10385
2536 10126
4240 10019
5016 10150
5004 10055
3036 10016
2283 10584
4900 10023
1580 10761
3448 10211
3549 10332
5017 10042
3598 10238
5018 10007
3823 10033
18 10301
786 10056
102 10812
4787 10011
4077 10026
5019 10171
5020 10077
5021 10033
5022 10039
5023 10011
5024 10047
5025 10209
4883 10152
4759 10016
5026 10064
285 10073
5027 10035
5028 10032
2536 10119
858 10474
2238 10211
5029 10033
5030 10106
5031 10034
5032 10702
3360 10133
5033 10033
3046 10033
5034 10007
5035 10086
5036 10033
5015 10113
1329 10503
5037 10009
4890 10041
4961 10020
5038 10187
5039 10086
936 10123
1059 10499
4855 10077
1487 10033
5040 10034
5041 10032
4804 10071
4071 10033
443 10013
1289 10008
4690 10045
2402 10033
4856 10813
5040 10039
5042 10273
5043 10119
4203 10212
3137 10093
4235 10152
4033 10020
5044 10155
1033 10033
221 10361
5045 10087
5046 10007
5047 10077
5048 10032
5049 10115
5050 10033
5051 10011
2210 10033
5002 10088
5052 10061
5053 10016
2151 10646
5054 10003
5055 10114
1373 10486
4695 10123
2174 10033
3137 10402
5055 10278
5056 10011
5057 10003
5050 10109
181 10491
4587 10468
5058 10098
5059 10413
5016 10054
5060 10149
5061 10061
5062 10388
127 10033
5063 10065
4203 10020
862 10539
5064 10332
4690 10020
5065 10032
269 10033
5066 10007
4759 10462
5067 10020
68 10550
5068 10298
3137 10416
5069 10007
5067 10177
1434 10290
4748 10416
1033 10055
5070 10332
4587 10159
5071 10054
1926 10034
3137 10347
5072 10033
5073 10031
5015 10337
1723 10167
4040 10460
5074 10056
5075 10033
5076 10088
4981 10033
5077 10714
5078 10387
5077 10620
4950 10051
102 10108
5079 10020
5080 10340
5081 10003
5082 10032
5083 10007
5084 10080
4651 10011
5085 10032
5086 10055
4690 10033
4826 10248
4941 10506
845 10177
5087 10011
4963 10117
3821 10409
5047 10122
4024 10039
5088 10147
5089 10108
5043 10612
5090 10033
5091 10079
1456 10757
5092 10041
5093 10032
1598 10230
50 10446
5094 10032
4344 10129
4819 10649
5095 10032
4931 10057
5096 10007
5097 10017
5098 10104
5099 10486
5100 10006
5101 10085
5102 10178
1702 10456
4062 10055
5103 10003
5064 10112
5104 10003
5105 10249
1101 10097
4112 10208
1109 10061
4323 10491
5106 10115
3736 10300
1192 10404
5106 10222
5107 10055
5108 10219
5040 10065
2336 10217
587 10054
5109 10141
1004 10725
3823 10223
178 10001
5110 10089
3663 10014
3538 10039
5111 10243
5050 10346
5112 10093
443 10410
5113 10033
862 10179
4026 10541
5112 10001
1159 10047
5114 10281
5115 10039
996 10212
4997 10814
5116 10551
599 10064
3656 10666
5117 10147
5113 10025
5118 10211
4431 10210
1487 10625
4855 10011
862 10297
5119 10071
4390 10206
5120 10115
3604 10019
5121 10034
5122 10346
857 10135
4283 10062
412 10057
5123 10326
1872 10054
1589 10020
1057 10348
5124 10194
4057 10033
1494 10048
5125 10007
996 10175
5126 10016
5127 10014
1192 10506
5128 10457
314 10212
1192 10815
82 10691
587 10020
5129 10816
5063 10449
4946 10033
5130 10033
1519 10236
3970 10177
5131 10007
3970 10448
3478 10114
219 10709
4850 10177
518 10316
4378 10230
1455 10006
1776 10032
1327 10324
3885 10039
5132 10054
886 10129
2504 10039
3172 10310
5133 10542
5134 10077
996 10115
5135 10817
5136 10420
5137 10003
1548 10427
5138 10033
5139 10016
5140 10003
5141 10007
5142 10065
4183 10210
5143 10073
4253 10472
5144 10071
1249 10498
4018 10093
5145 10178
1702 10238
2144 10584
1411 10279
4330 10790
845 10541
5146 10803
5147 10006
5148 10033
507 10238
5128 10076
5149 10149
767 10236
4484 10032
3897 10034
5150 10297
2070 10033
1690 10215
5151 10056
767 10177
1474 10253
5134 10112
5152 10007
38 10020
5153 10153
5154 10039
4347 10075
4018 10273
5148 10450
451 10211
5071 10055
5044 10177
5155 10420
4263 10160
5107 10331
301 10407
5156 10033
862 10359
4528 10155
5157 10003
5158 10054
1548 10395
5159 10396
767 10085
5160 10073
5161 10139
5162 10149
5163 10217
511 10115
724 10085
5164 10149
5165 10070
3661 10040
1435 10125
5166 10026
1839 10297
862 10155
178 10101
3899 10033
