10985 9015
5847 10245
6477 10545
246 10134
3796 10033
275 10011
8432 10034
2801 10012
690 10034
3436 10077
4828 10007
4066 10034
9773 10453
5099 10097
9305 10007
567 10227
543 10033
775 10282
7548 10235
644 10020
1099 10006
4210 10169
9540 10033
9034 10007
3569 10032
4210 10380
4987 10085
4725 10147
8009 10033
4251 10003
166 10012
108 10019
3382 10034
1560 10020
8188 10013
9973 10177
2394 10370
1011 10007
136 10045
3889 10003
3372 10055
6797 10007
555 10149
2191 10034
2207 10633
5108 10219
4123 10031
9943 10032
4963 10003
2713 10033
1792 10070
1678 10007
6769 10032
151 10016
1540 10270
559 10056
1094 10267
942 10011
795 10137
4923 10032
9015 10033
9973 10122
864 10032
8896 10036
1204 10007
404 10050
9779 10032
6537 10056
8896 10094
4421 10057
3342 10020
844 10153
3970 10255
8046 10010
6232 10007
6304 10007
4112 10133
6632 10500
1 10001
592 10003
5981 10007
9645 10252
3103 10033
2998 10037
9333 10047
6364 10047
3808 10026
4057 10033
9757 10003
486 10011
8825 10089
4222 10324
3103 10151
4981 10089
9810 10147
7590 10071
7454 10007
2296 10242
5198 10007
577 10017
6503 10056
120 10073
9964 10112
153 10088
3362 10034
6498 10017
2198 10008
6145 10256
1205 10007
460 10033
9690 10003
956 10006
6170 10053
840 10077
6471 10007
1793 10055
142 10007
8795 10574
3970 10386
9792 10135
696 10034
1122 10052
4045 10020
5331 10017
3970 10085
1219 10051
3169 10065
8817 10007
1008 10011
8576 10173
3887 10011
4484 10039
921 10003
1792 10143
1378 10003
4309 10054
1383 10003
5614 10446
6809 10679
6744 10004
879 10274
9698 10033
8148 10122
129 10039
9826 10011
9964 10077
4376 10037
8196 10282
5200 10039
4513 10027
4986 10007
6222 10008
8332 10186
9004 10047
8053 10011
8320 10003
6566 10148
4565 10133
6810 10033
1117 10367
4174 10057
363 10033
5155 10420
3883 10466
857 10135
6618 10047
8712 10351
5248 10316
7504 10777
1125 10217
8042 10033
1446 10007
478 10007
6170 10039
1880 10219
6646 10318
5253 10003
7361 10298
3516 10166
4905 10007
8730 10318
8889 10033
7145 10006
8905 10003
8447 10038
9495 10007
1219 10073
1208 10047
1536 10465
1555 10011
2336 10552
9923 10032
8467 10032
3858 10033
5994 10034
9721 10017
6159 10254
637 10016
6339 10033
8032 10007
8995 10003
8026 10033
913 10007
3026 10020
1472 10123
6047 10267
4137 10070
8795 10212
9998 10016
758 10033
6915 10032
2558 10033
514 10147
410 10006
9103 10020
1740 10273
3970 10236
166 10151
127 10057
723 10031
241 10007
1170 10007
3742 10153
7990 10007
311 10071
7889 10033
9939 10012
8589 10003
1576 10073
9500 10007
370 10011
758 10011
4873 10121
1240 10011
6593 10943
6555 10045
1415 10073
724 10034
14 10007
4728 10087
3753 10034
443 10013
7540 10011
5280 10147
1337 10003
1207 10058
9490 10140
1572 10033
1465 10413
8013 10077
5050 10407
268 10071
4812 10003
5938 10011
8249 10088
4634 10245
964 10112
332 10007
659 10034
8428 10093
2969 10147
136 10016
1266 10055
6626 10009
2973 10034
9907 10045
3176 10037
1538 10511
7286 10007
1464 10413
4367 10077
3015 10406
8386 10749
5233 10153
3612 10057
1373 10290
1793 10064
7018 10097
5899 10254
742 10007
4715 10007
7069 10282
7620 10196
8221 10147
6239 10559
767 10008
724 10298
3500 10385
4639 10007
543 10008
1991 10238
8872 10456
1 10016
9939 10016
3084 10245
8870 10038
1582 10021
5999 10088
4680 10007
555 10032
9898 10011
9984 10064
8900 10370
6543 10219
3231 10033
4244 10282
6296 10009
3346 10584
3858 10038
3562 10071
8860 10037
579 10025
6498 10414
6337 10007
1469 10064
9564 10085
9580 10003
786 10056
4477 10007
5742 10090
5346 10672
9996 10032
919 10003
9909 10122
1020 10003
3742 10093
6069 10047
887 10006
3200 10003
4484 10056
4484 10052
9504 10011
6604 10143
5189 10032
3945 10033
3970 10305
6865 10357
432 10007
4484 10032
7666 10061
162 10003
9132 10017
496 10057
5081 10003
9516 10034
333 10032
2391 10147
5642 10195
437 10007
3500 10092
1160 10054
9508 10177
5331 10025
2718 10055
9993 10034
6265 10007
4829 10491
127 10077
6422 10326
7167 10005
6752 10077
6200 10034
2164 10215
336 10020
61 10079
6234 10179
5240 10385
3294 10007
2853 10144
4981 10033
9410 10447
3666 10033
5350 10053
4675 10003
9377 10020
9564 10093
5194 10032
4734 10367
4996 10032
8092 10034
2828 10003
1616 10034
6865 10020
8381 10153
7432 10007
6551 10105
4391 10071
8638 10368
1625 10284
5048 10032
5919 10070
5173 10037
258 10039
5364 10163
1172 10039
5335 10007
581 10032
8250 10047
8288 10073
42 10011
9015 10393
5063 10114
4241 10006
5058 10070
960 10033
5275 10149
3666 10009
5773 10393
3474 10007
766 10020
4338 10104
6877 10097
3175 10007
1175 10007
1109 10049
6340 10007
9973 10230
187 10076
404 10057
4860 10406
8400 10020
958 10738
185 10219
5204 10073
7716 10077
496 10177
7398 10007
3739 10003
9586 10141
9981 10033
444 10026
305 10153
9516 10039
3169 10212
2463 10008
407 10073
2517 10032
9978 10034
7839 10311
5143 10088
124 10026
3293 10003
1440 10003
352 10007
6354 10033
1057 10285
9973 10016
6775 10007
61 10072
1237 10003
531 10217
7537 10033
577 10269
8900 10251
304 10011
3965 10003
3494 10007
2772 10010
2391 10056
9431 10221
1496 10034
8046 10547
1559 10003
3309 10213
3657 10007
7417 10245
841 10003
1238 10215
9973 10091
9562 10010
8389 10086
124 10058
9973 10241
5005 10020
1044 10393
9516 10212
6502 10075
9939 10407
9012 10007
8046 10073
9992 10055
1238 10260
9223 10162
6450 10007
5902 10032
7558 10156
9695 10370
9223 10340
58 10003
4774 10510
7897 10366
1147 10282
1124 10370
5316 10115
1238 10091
6354 10122
6069 10164
4059 10168
4210 10496
8052 10064
8729 10003
955 10032
9017 10032
9728 10177
1457 10016
6391 10154
584 10091
1303 10032
1238 10177
8542 10077
9932 10035
1098 10289
1464 10238
9114 10033
5159 10215
9981 10701
857 10175
5159 10117
5050 10346
9794 10413
1724 10009
5092 10147
682 10019
3608 10032
9973 10057
1689 10450
2508 10176
6809 10032
4595 10446
1317 10003
212 10003
3296 10007
5231 10375
7570 10011
4912 10670
333 10093
8243 10147
982 10147
9223 10336
2599 10045
1417 10007
1172 10017
5293 10011
2587 10003
9295 10528
2599 10555
4473 10037
1239 10093
7134 10006
3278 10414
102 10372
1277 10003
3862 10025
2008 10298
1459 10211
9223 10493
5063 10133
1512 10030
9723 10147
87 10033
7994 10147
4383 10176
3453 10091
9793 10199
5228 10007
2599 10183
3169 10380
2853 10091
8195 10001
21 10115
8256 10034
4799 10047
770 10033
3317 10053
2624 10009
8092 10149
6980 10054
9516 10056
2008 10034
6482 10219
837 10007
1003 10017
6542 10303
2391 10016
6152 10139
506 10033
8542 10112
6830 10041
489 10056
7852 10007
3662 10033
1238 10016
524 10129
6817 10407
9459 10033
7546 10767
834 10033
2920 10128
4270 10020
2210 10073
6627 10016
9410 10346
7235 10147
1929 10013
127 10115
2325 10144
758 10119
1929 10110
5295 10033
6750 10229
4159 10033
9481 10148
3799 10014
7189 10009
5433 10033
5251 10155
5039 10510
1468 10873
767 10017
4824 10047
145 10006
2043 10007
6669 10093
5744 10077
6561 10011
5744 10112
145 10298
5050 10055
221 10025
9878 10020
8172 10245
4913 10033
4252 10016
987 10003
4613 10066
1664 10011
859 10052
4860 10026
564 10011
8238 10385
9286 10033
7897 10055
1842 10003
5397 10749
328 10147
7439 10007
7472 10357
1359 10266
6975 10060
5744 10033
1289 10219
3799 10047
439 10722
38 10073
6122 10013
1359 10239
475 10033
3953 10447
6704 10019
5739 10003
3448 10053
8703 10033
2354 10003
1523 10461
603 10057
4398 10119
9931 10093
7910 10052
1140 10540
7890 10004
691 10050
2844 10056
3448 10039
1737 10443
7693 10182
3953 10579
994 10033
6542 10584
691 10073
5053 10928
282 10140
282 10141
1504 10011
2391 10065
9736 10325
691 10540
5249 10212
4785 10034
5217 10301
857 10020
9137 10902
88 10145
9487 10648
6571 10011
1091 10016
3648 10037
5444 10073
1840 10017
8120 10865
5217 10637
9981 10055
3085 10003
3953 10357
9992 10230
349 10033
7544 10248
5773 10245
7591 10032
7303 10032
4992 10923
7084 10025
3967 10097
4415 10033
7392 10003
1260 10008
2545 10007
4710 10239
4754 10153
6512 10033
9003 10116
1260 10298
1260 10212
4097 10033
5234 10105
4687 10080
1238 10093
1598 10065
1771 10011
9487 10109
8259 10033
5059 10227
7538 10016
2970 10020
438 10007
3973 10007
1434 10033
3164 10071
8721 10206
2529 10139
351 10033
1406 10020
9349 10016
4931 10711
6856 10217
8057 10568
4822 10003
794 10070
4618 10439
6387 10056
488 10033
4616 10007
2062 10011
5374 10541
6538 10055
7314 10007
8062 10121
7472 10093
8594 10052
38 10122
9320 10037
6778 10007
1024 10034
4558 10005
957 10007
8525 10007
3169 10771
6827 10032
3084 10038
31 10003
294 10007
6716 10061
8272 10033
4951 10033
5333 10032
3902 10271
9937 10011
4798 10003
458 10062
9931 10020
7755 10007
3778 10034
1157 10093
5255 10147
1232 10011
656 10085
534 10426
656 10230
6778 10006
6877 10011
1563 10034
656 10253
969 10007
7446 10593
4120 10368
5397 10129
656 10225
5519 10034
656 10051
2177 10014
656 10255
4120 10474
9051 10129
4931 10757
8018 10092
4062 10527
1055 10087
1491 10034
9863 10033
4247 10007
8599 10032
3953 10232
6728 10064
9886 10034
3953 10349
2880 10032
6859 10007
102 10078
4948 10153
560 10008
4114 10744
6617 10214
577 10212
1236 10039
1929 10006
8256 10007
32 10003
5438 10032
9151 10032
1053 10017
824 10033
4874 10483
4948 10501
4050 10229
9989 10007
5744 10073
9872 10003
1238 10398
1027 10030
8860 10584
3902 10723
1474 10073
1683 10039
8860 10803
4977 10007
3979 10030
5744 10177
656 10830
7283 10101
7525 10033
2947 10003
2074 10016
8420 10033
3747 10865
9367 10039
9764 10212
2036 10007
777 10264
8005 10028
6582 10067
5208 10025
9856 10033
6235 10039
7487 10648
1176 10007
1287 10017
1074 10358
9388 10311
8348 10003
6282 10490
5454 10147
3681 10537
2515 10082
6617 10089
166 10033
471 10032
4901 10003
7160 10073
6727 10162
803 10011
3156 10133
81 10048
8035 10003
9845 10196
75 10032
3470 10248
6680 10093
7160 10057
638 10003
1432 10003
5278 10278
297 10032
8060 10129
4931 10051
9427 10298
2247 10049
7083 10034
1572 10473
8380 10219
5164 10149
6938 10007
6846 10186
608 10003
6902 10033
365 10073
1991 10350
1776 10011
5175 10007
1472 10552
1638 10147
9223 10506
4409 10007
9743 10032
1238 10085
1722 10032
3163 10033
1535 10011
5136 10420
1950 10624
1733 10003
8674 10003
5127 10171
3849 10097
1365 10420
404 10530
3003 10657
9409 10007
7681 10041
7389 10034
3306 10088
4060 10008
1147 10016
6693 10306
1592 10478
596 10270
1133 10007
8331 10064
193 10093
7717 10003
4574 10033
5721 10047
6149 10034
6142 10063
4327 10033
2024 10020
3169 10177
8522 10096
6142 10060
1950 10065
5018 10007
2196 10575
730 10274
1120 10011
5388 10157
9950 10007
1147 10491
8987 10047
9510 10011
316 10087
5744 10050
1539 10041
911 10034
9764 10020
4299 10003
8577 10003
5109 10141
5222 10438
5034 10110
1675 10007
8548 10034
1662 10033
61 10093
5158 10262
9941 10016
2699 10313
6354 10077
1335 10139
94 10578
5688 10105
6391 10368
1160 10148
6721 10310
4931 10428
4602 10003
5123 10109
7524 10054
7285 10088
675 10003
7934 10011
7417 10075
839 10306
7232 10109
7744 10016
6817 10025
1802 10040
1151 10013
802 10212
9881 10047
1238 10496
1339 10217
2917 10011
815 10293
5497 10555
6343 10088
6391 10526
5207 10052
3667 10523
2723 10056
151 10048
9223 10700
925 10266
1358 10248
6354 10085
5481 10725
1887 10052
9541 10077
1 10073
1718 10110
1136 10007
4139 10093
1641 10204
3840 10007
2339 10299
8238 10033
102 10083
4586 10093
8223 10330
4640 10033
1339 10967
7765 10219
4558 10033
682 10011
7480 10008
1810 10033
3612 10065
38 10008
6657 10091
6365 10020
8987 10171
3647 10438
4695 10462
8237 10098
60 10037
4057 10025
8890 10010
279 10159
5221 10089
3169 10057
7987 10047
8987 10525
8550 10368
5258 10032
2813 10181
3314 10034
5261 10275
84 10033
6805 10011
102 10423
5905 10282
102 10477
7547 10491
4265 10016
5980 10222
5068 10298
1279 10118
1159 10047
8815 10346
102 10076
1159 10185
102 10140
4340 10007
910 10011
8987 10503
2521 10149
102 10071
5604 10003
2226 10289
9361 10297
6792 10814
158 10020
5069 10007
1729 10298
9285 10077
1539 10039
6926 10149
1147 10051
102 10429
796 10052
5193 10865
4815 10091
8682 10177
738 10419
4112 10147
827 10691
8490 10073
403 10003
827 10212
6896 10152
8691 10125
8746 10070
4006 10007
1728 10006
281 10003
9811 10420
2223 10149
8236 10743
577 10073
9926 10033
6907 10032
8045 10555
6953 10252
922 10020
7695 10568
8882 10011
34 10003
9073 10032
6819 10450
1347 10007
4850 10093
193 10297
6195 10160
134 10054
9880 10653
808 10186
9812 10284
9814 10568
566 10003
5482 10030
41 10192
9989 10093
8236 10077
3309 10638
2789 10130
8981 10007
9398 10020
800 10154
2304 10007
1080 10361
553 10011
9916 10033
8150 10084
8340 10033
2789 10667
5279 10020
6900 10003
1714 10007
1451 10149
3097 10003
4850 10032
8570 10343
8146 10047
6497 10003
1474 10016
3458 10473
8090 10032
7081 10462
3169 10051
5190 10032
146 10017
6884 10017
9072 10032
6744 10181
8711 10130
4995 10128
7986 10445
501 10011
1838 10003
5437 10032
2247 10057
7967 10460
4821 10073
7290 10346
9353 10073
238 10088
9434 10060
5053 10123
8815 10073
1513 10458
1728 10217
4098 10265
6546 10055
6542 10850
6213 10091
5063 10065
6122 10007
5197 10020
8278 10037
5211 10007
5088 10147
7684 10033
308 10073
5429 10003
8382 10007
7674 10032
9105 10033
7069 10147
1486 10149
5401 10006
9137 10666
7798 10197
9756 10066
1182 10007
7656 10030
5451 10149
1264 10033
7763 10407
5401 10035
9068 10033
442 10188
5087 10011
5844 10187
1264 10089
4165 10388
3416 10003
9931 10288
827 10034
1650 10007
8582 10003
6680 10153
9398 10212
8980 10033
2325 10021
360 10045
4695 10065
9005 10080
827 10030
4689 10034
4333 10011
6727 10613
5773 10698
8843 10398
2082 10007
1015 10147
3675 10032
4860 10058
8563 10039
3638 10020
5171 10093
1884 10003
5899 10364
4120 10182
96 10047
6228 10003
394 10065
4514 10147
9521 10219
5637 10217
4850 10034
571 10003
1816 10071
5260 10003
5215 10105
488 10093
1477 10037
6764 10003
7081 10051
973 10091
5105 10249
7478 10219
5130 10033
1159 10283
444 10058
7154 10055
4920 10299
21 10290
277 10065
5794 10073
5444 10085
3858 10238
1903 10042
6009 10017
7681 10902
6837 10149
6659 10122
6946 10032
7826 10151
1302 10049
1236 10054
4906 10033
2501 10529
1641 10362
8332 10530
1236 10394
7336 10073
9986 10298
9415 10452
61 10436
1836 10125
9797 10033
5071 10055
5221 10033
6009 10353
2473 10205
3831 10055
716 10271
6825 10110
3622 10638
1408 10032
3831 10407
2425 10149
9050 10342
1905 10182
2501 10033
1905 10162
1959 10007
5816 10139
5011 10159
1034 10011
8795 10765
9344 10583
6726 10047
109 10007
8717 10047
7127 10020
3426 10032
2128 10032
577 10159
1946 10440
1788 10346
1498 10349
9773 10274
9521 10538
5143 10086
7927 10465
5452 10073
5238 10053
8769 10055
1201 10037
8115 10153
159 10011
9973 10538
6815 10149
8795 10418
9911 10077
9435 10373
5300 10016
7827 10077
1647 10039
9987 10053
3084 10865
1659 10015
2695 10032
9909 10179
6822 10239
6050 10039
8004 10357
2210 10052
8476 10792
3169 10359
8249 10510
9955 10696
5441 10290
1060 10057
2039 10045
1004 10090
7656 10034
1449 10007
1518 10003
7571 10428
7927 10536
1996 10033
1708 10003
1690 10016
8027 10058
3461 10007
7572 10047
3953 10053
7088 10730
3890 10147
4281 10077
2931 10510
804 10047
2507 10003
5097 10670
5553 10330
214 10119
5519 10568
3877 10093
787 10032
2159 10032
5039 10392
970 10147
1236 10232
1679 10034
839 10122
9931 10270
2695 10122
9807 10033
9404 10392
1286 10007
7751 10049
1679 10028
1081 10123
790 10006
735 10033
91 10003
7681 10568
2320 10003
9736 10346
8555 10282
150 10087
6573 10003
3953 10034
1659 10474
6636 10826
6778 10804
5882 10007
1988 10033
5247 10087
4940 10125
3921 10105
4571 10003
5446 10692
3622 10407
9048 10003
577 10153
4768 10054
977 10462
422 10583
8769 10033
1149 10139
3169 10647
2178 10033
3622 10494
1060 10488
96 10062
7910 10073
9338 10139
3577 10147
1545 10003
1613 10155
5178 10031
9909 10073
1358 10070
9471 10389
7940 10152
4743 10865
2145 10055
3737 10217
1018 10003
9939 10194
8514 10006
5241 10349
1004 10248
4041 10257
6050 10032
7489 10071
9471 10492
9545 10003
5158 10033
7766 10796
3430 10007
7257 10033
237 10115
9760 10748
9049 10003
861 10058
9973 10093
3025 10205
1567 10139
102 10198
9590 10016
1028 10007
1613 10051
4141 10011
5381 10216
9471 10536
946 10007
9780 10091
192 10016
5916 10033
9320 10895
5591 10033
9471 10161
193 10111
1168 10047
9768 10177
1502 10087
5650 10003
2159 10177
3626 10070
7766 10704
1060 10575
9932 10152
1921 10003
9973 10223
9634 10053
9736 10016
1494 10007
9965 10313
9471 10542
41 10162
9899 10089
4583 10139
7897 10253
8790 10245
9161 10153
102 10208
5506 10030
9240 10007
9566 10033
102 10555
3169 10137
6962 10086
1905 10543
9432 10411
102 10183
762 10033
7701 10073
5172 10181
1433 10003
2245 10196
1608 10015
4854 10244
8918 10032
6402 10446
6651 10130
2366 10011
577 10057
3439 10003
9767 10073
102 10002
1809 10003
3511 10041
9773 10117
139 10033
2125 10133
9404 10086
6467 10155
122 10262
1541 10154
102 10480
9471 10406
1656 10047
1539 10034
4743 10010
9355 10033
4216 10034
8274 10011
5066 10007
5116 10129
169 10866
1000 10792
3832 10149
5519 10155
802 10013
1613 10375
4843 10027
9026 10008
5383 10071
3431 10105
450 10189
9182 10003
4249 10033
1758 10189
1721 10020
498 10064
1145 10036
1704 10498
3488 10094
8571 10007
973 10341
9736 10784
1876 10527
6467 10093
109 10112
458 10174
9722 10103
2052 10527
1326 10414
9722 10234
3488 10032
53 10034
8751 10003
2081 10003
6581 10416
4844 10439
7897 10466
5159 10925
2614 10241
9973 10649
3488 10053
4236 10079
2052 10025
65 10003
600 10235
8051 10017
6974 10017
3488 10034
1285 10003
2569 10161
5026 10064
2823 10414
5179 10153
1662 10109
1484 10003
1000 10381
3148 10003
5179 10501
4054 10050
2481 10077
379 10003
5191 10212
9039 10149
6838 10105
5119 10071
9434 10016
5083 10007
5531 10039
1740 10030
6357 10007
4459 10147
6050 10137
1620 10105
9828 10033
3672 10466
416 10091
888 10007
2113 10039
6197 10153
4028 10033
975 10071
1905 10570
7681 10155
4010 10007
1905 10165
8347 10003
9973 10539
7044 10033
3622 10473
4557 10007
2487 10054
4693 10020
412 10034
9002 10033
8160 10006
7546 10143
157 10521
1336 10011
6189 10025
6839 10472
5352 10039
5586 10007
6823 10102
6517 10514
2418 10003
7897 10279
5513 10034
5024 10047
7841 10091
5460 10032
525 10085
334 10003
7623 10071
9164 10047
520 10213
9973 10179
5916 10055
9773 10073
6890 10105
1680 10086
6517 10162
6358 10026
520 10155
2666 10003
3953 10017
7633 10159
2672 10026
1215 10007
5776 10572
6097 10034
9702 10034
8890 10093
9413 10020
8607 10547
1881 10025
6423 10007
4913 10055
6470 10007
5231 10634
9828 10022
8901 10531
57 10264
5783 10053
4683 10273
1252 10039
2347 10011
9154 10036
9441 10003
4734 10008
9483 10411
5492 10020
1104 10612
1259 10007
1452 10020
7623 10016
9025 10105
1975 10149
1571 10003
5158 10055
6823 10034
5398 10003
1940 10149
420 10025
4961 10130
6209 10229
498 10033
3365 10033
5190 10105
6209 10149
1271 10149
7534 10086
5347 10007
8982 10011
3475 10011
4839 10032
6756 10919
1219 10179
1214 10149
106 10033
6211 10147
8681 10003
1773 10003
5617 10007
6756 10486
3573 10122
7136 10033
2283 10471
9965 10779
1820 10195
6897 10160
6723 10054
9997 10073
5615 10007
8657 10092
6208 10117
7766 10203
9353 10034
1878 10034
6693 10031
2629 10003
1613 10055
3413 10003
9407 10011
5131 10007
8607 10017
4098 10010
8550 10584
3337 10123
1900 10003
8083 10016
5158 10012
4381 10007
5215 10032
169 10028
1481 10584
4497 10033
1174 10032
771 10088
260 10003
731 10035
1820 10369
5785 10284
6251 10179
582 10007
6919 10500
1600 10083
8900 10175
2098 10077
1426 10219
9661 10003
6487 10053
1781 10065
3832 10053
923 10159
4700 10011
9747 10831
320 10020
5615 10039
4076 10254
9244 10032
1614 10003
7967 10008
3704 10003
5077 10714
2672 10058
1905 10170
7628 10019
6866 10053
1481 10103
1064 10139
5159 10840
2014 10097
44 10028
7671 10477
9793 10033
6337 10034
2672 10406
9251 10234
2038 10003
6857 10032
9691 10482
68 10097
9251 10164
6258 10897
4157 10007
6797 10154
1717 10032
886 10011
6889 10007
5461 10007
420 10397
1613 10663
1633 10073
5616 10003
7523 10853
7993 10147
1738 10008
1760 10152
6882 10053
9965 10050
4041 10025
5676 10003
577 10016
6054 10440
734 10275
3630 10392
9023 10035
8894 10149
6337 10006
4688 10080
7662 10672
9585 10105
5569 10020
1075 10003
5302 10105
8083 10045
5257 10032
7446 10054
41 10920
102 10513
6975 10318
7875 10528
9970 10034
2695 10051
9575 10236
102 10515
9884 10230
283 10450
2077 10022
1064 10093
1728 10065
808 10134
7077 10032
6873 10744
102 10127
9698 10317
5065 10032
3768 10893
102 10931
4687 10077
102 10088
3007 10003
5930 10149
5355 10105
4216 10232
1613 10270
6883 10105
1730 10582
2211 10568
1226 10387
7312 10003
1481 10503
6903 10105
7485 10219
7423 10020
5979 10531
1665 10032
5719 10007
1473 10034
1905 10405
8002 10055
7487 10804
1221 10032
2614 10177
8204 10831
9579 10032
1031 10875
8358 10014
1924 10777
9435 10020
8900 10650
4687 10771
6487 10181
3 10003
1905 10511
3387 10177
2416 10697
2182 10003
7044 10399
5208 10766
4082 10020
6417 10064
5290 10033
8358 10204
9117 10622
6870 10173
3806 10299
6975 10020
1521 10016
1198 10731
5643 10039
8979 10434
5024 10315
1579 10087
3539 10587
9440 10032
257 10003
8119 10093
7006 10032
2146 10298
1630 10153
1181 10147
6251 10693
8102 10149
7606 10034
1618 10007
6886 10105
1697 10461
7144 10003
9828 10089
2436 10192
5160 10523
6817 10033
8071 10003
1757 10310
7826 10695
1812 10115
951 10238
3622 10245
9965 10020
8204 10064
4407 10086
5174 10217
8002 10054
9979 10039
9266 10034
1481 10474
646 10054
9654 10003
5210 10316
6382 10033
2528 10003
3320 10051
8900 10819
6844 10020
13 10086
1926 10052
5775 10003
6542 10340
9369 10173
5644 10105
5463 10555
9471 10457
9814 10034
5369 10017
41 10026
1420 10003
6487 10020
4638 10020
6771 10033
5183 10296
8602 10708
1430 10032
4691 10049
9353 10020
6644 10017
1338 10006
5732 10007
1575 10119
1924 10002
6985 10219
2794 10152
5165 10245
1065 10060
112 10003
1985 10053
2546 10860
5183 10093
3380 10318
2707 10032
1613 10225
1748 10003
6863 10105
2649 10003
6912 10744
4987 10457
1867 10007
9997 10051
9280 10003
9419 10499
2116 10003
9807 10016
1902 10003
9145 10731
7616 10047
1522 10032
9435 10050
9419 10584
7719 10032
7627 10032
7618 10032
964 10077
3214 10003
4781 10056
9419 10165
3100 10002
3100 10041
3941 10085
8256 10017
9419 10371
1652 10409
7302 10003
2196 10223
1878 10053
9419 10472
5336 10186
7025 10016
8002 10016
2135 10093
9419 10696
184 10034
1662 10089
7153 10346
2019 10055
2949 10003
3421 10036
9884 10073
9965 10048
1613 10020
1775 10219
9587 10003
4559 10016
5165 10462
6870 10626
8076 10032
6869 10055
2450 10339
5303 10003
1666 10003
9471 10162
3261 10108
1917 10003
1764 10052
5625 10105
9471 10182
1985 10159
7446 10073
2544 10152
2014 10115
8089 10039
1749 10693
7639 10389
5085 10032
540 10219
5472 10275
2810 10312
8580 10194
8602 10506
7825 10054
8908 10196
328 10033
1613 10054
6937 10020
5315 10032
7252 10071
2544 10299
1147 10020
7073 10007
8996 10033
644 10447
6993 10289
441 10011
9754 10003
1238 10054
6914 10032
5332 10002
9201 10196
9574 10822
2219 10052
8490 10051
5832 10020
193 10910
5887 10311
5185 10349
2218 10064
2243 10117
9253 10054
9890 10020
813 10065
1613 10177
4357 10003
2422 10040
7123 10032
9900 10265
9130 10033
9932 10020
1922 10139
172 10064
70 10045
5460 10065
3365 10155
8012 10073
9869 10204
1923 10530
772 10065
4151 10011
9571 10108
8909 10045
9219 10003
3952 10033
3564 10007
9869 10014
9146 10008
1329 10415
704 10007
5975 10025
1129 10003
6557 10026
4444 10041
828 10400
279 10053
5094 10032
8602 10026
5499 10468
6464 10017
8459 10003
6953 10032
9227 10098
2880 10181
5591 10149
7757 10003
9708 10032
3301 10298
8002 10073
2710 10215
9026 10033
8745 10034
102 10533
102 10534
7493 10003
5168 10349
9965 10565
9377 10154
9531 10003
4505 10003
1791 10017
383 10071
3600 10007
6881 10073
4135 10089
102 10040
1666 10033
2323 10003
5324 10003
5411 10032
999 10032
3051 10007
9900 10302
7092 10105
898 10034
3766 10119
6651 10618
3711 10039
1791 10094
6850 10534
4460 10003
594 10594
7850 10865
5367 10003
9308 10003
1682 10638
6985 10555
9244 10055
6260 10003
5242 10129
6928 10105
1964 10003
594 10436
2137 10235
6963 10689
6980 10033
2397 10003
9639 10136
8145 10341
6904 10082
611 10055
2270 10003
2014 10267
1803 10039
6411 10003
2858 10033
8092 10041
3511 10874
9963 10047
4811 10229
8628 10105
7577 10562
9024 10033
8450 10149
8119 10279
747 10123
5408 10003
5391 10032
8119 10157
5542 10077
8713 10179
1791 10697
577 10726
5063 10219
8757 10051
7606 10217
9753 10039
8989 10039
5326 10032
9271 10034
8119 10122
4751 10003
1198 10092
158 10039
8110 10045
2402 10375
2808 10472
158 10439
5109 10032
5751 10033
7102 10105
2194 10264
2267 10540
8989 10034
6854 10105
1593 10033
1213 10865
7099 10003
5483 10036
1613 10122
2480 10003
8109 10003
1554 10055
8047 10360
394 10093
9714 10003
9026 10065
4876 10073
7359 10003
9320 10252
9518 10039
8702 10033
6109 10653
598 10003
927 10108
7116 10033
2047 10003
5336 10008
6626 10155
5252 10007
9707 10106
5359 10034
4961 10019
5511 10032
5113 10007
7924 10180
2710 10085
7591 10039
5117 10147
2614 10269
1854 10437
7338 10155
193 10488
813 10175
7794 10077
1918 10016
8601 10003
813 10752
8755 10359
5251 10073
2033 10007
9464 10272
1788 10074
6976 10105
193 10085
6737 10019
6824 10159
2895 10003
9157 10375
2002 10003
4880 10039
2078 10547
1670 10073
8504 10003
1060 10034
3839 10177
1763 10041
1946 10530
4435 10052
1710 10003
9959 10034
5832 10123
3365 10197
2353 10020
1904 10236
6243 10285
3731 10053
3228 10153
8434 10071
2 10002
1613 10248
1772 10125
9019 10033
9084 10003
3863 10053
1867 10006
950 10032
5205 10105
6734 10094
2510 10003
5404 10357
9216 10245
8902 10032
5337 10613
580 10428
1613 10049
5804 10184
443 10036
8065 10196
322 10153
4008 10203
4409 10030
9843 10154
8339 10071
594 10032
5348 10033
7020 10020
9977 10033
8931 10017
3359 10003
1371 10444
5686 10525
2810 10325
193 10546
3752 10003
5242 10407
1946 10055
9358 10149
1441 10007
3063 10006
7659 10940
1204 10006
2562 10007
8083 10020
577 10245
9021 10626
1060 10359
7008 10053
9157 10262
2008 10093
7065 10517
2221 10003
6830 10036
282 10020
2168 10008
1622 10003
1904 10181
1965 10032
4385 10055
7346 10003
2808 10362
9609 10977
8855 10240
1613 10093
9328 10146
1668 10149
6844 10053
8253 10007
1183 10037
9167 10053
6823 10033
2342 10036
1060 10155
2275 10003
9115 10003
6929 10182
1763 10039
2753 10121
6929 10360
5551 10017
6929 10165
689 10264
2446 10007
8621 10003
5523 10003
2070 10033
6929 10371
2094 10548
7125 10047
7629 10154
5570 10033
3304 10003
1707 10110
102 10767
9077 10091
4109 10033
5030 10106
6792 10635
2591 10003
8753 10003
7656 10088
932 10032
7656 10454
1072 10008
5505 10510
1006 10692
5620 10007
1934 10016
5034 10133
2399 10003
9650 10039
2124 10064
9342 10037
2306 10737
2446 10032
7684 10248
1829 10003
1975 10041
1971 10439
6971 10003
9842 10164
8378 10003
2217 10087
102 10554
1906 10159
2421 10556
1554 10019
9358 10053
2147 10020
2109 10039
8091 10003
2239 10003
1796 10055
157 10497
5930 10039
6439 10071
7650 10529
5095 10032
2280 10418
5570 10025
1542 10033
102 10387
7455 10033
5506 10055
102 10044
1221 10212
102 10558
9271 10032
102 10560
4080 10039
2225 10234
1796 10407
2059 10003
6352 10003
3136 10219
536 10238
1781 10073
619 10039
8370 10330
7581 10073
2012 10003
1006 10033
5505 10088
2225 10047
739 10017
8407 10003
2122 10393
1893 10054
1796 10064
4387 10003
5887 10371
5649 10032
1987 10006
1623 10034
8257 10007
3458 10562
55 10036
1970 10033
9934 10032
8679 10462
1613 10132
9667 10339
5448 10022
2647 10741
2014 10112
8077 10265
7047 10032
4072 10238
1987 10034
9934 10094
1539 10094
3023 10003
2468 10063
2468 10464
3870 10003
3507 10003
8679 10093
8076 10034
4644 10033
1193 10032
7087 10032
2280 10546
5705 10558
118 10003
8647 10003
5705 10088
9752 10007
9450 10177
6508 10191
8679 10119
580 10361
2293 10017
2430 10416
1806 10073
4013 10393
4723 10016
1987 10035
5836 10265
6870 10298
2232 10003
6126 10003
383 10055
9997 10212
759 10003
4150 10021
4286 10025
1085 10032
9171 10347
8385 10003
3913 10003
577 10093
8442 10003
1139 10008
1593 10065
7629 10420
263 10003
1100 10025
5448 10153
5036 10033
8679 10448
1613 10348
8679 10177
3040 10073
1775 10066
4002 10121
5552 10032
2152 10003
1970 10065
5836 10266
9165 10113
3575 10034
5695 10003
1767 10298
6253 10003
7183 10017
193 10177
2755 10003
613 10165
2067 10003
3177 10054
2427 10020
5092 10007
1828 10247
5890 10032
102 10567
2254 10003
2523 10003
248 10028
9450 10596
6336 10153
8402 10016
1948 10235
1110 10019
2827 10159
6975 10400
3177 10055
7933 10150
9450 10279
9289 10574
7445 10034
9608 10003
5395 10105
8679 10117
8676 10318
2447 10020
2167 10238
9436 10034
482 10205
5077 10620
1137 10032
9436 10039
6927 10420
8370 10020
7933 10409
6128 10321
1510 10077
9450 10448
613 10085
378 10003
9529 10003
2100 10003
7933 10226
9814 10020
4122 10076
5639 10149
8786 10032
193 10236
2432 10003
2518 10003
9749 10298
613 10177
9899 10638
2133 10008
2381 10020
9501 10033
2037 10033
8679 10230
7933 10346
9402 10033
3987 10366
1137 10034
8317 10179
5439 10036
2175 10032
2234 10007
98 10061
2880 10020
3479 10229
6991 10159
2280 10661
7933 10025
1387 10003
6102 10182
9722 10405
7033 10646
6102 10360
6102 10195
6102 10493
6102 10166
7680 10153
7933 10238
7301 10108
1948 10003
6954 10653
7586 10323
5474 10177
562 10007
7084 10205
1835 10093
6945 10039
6059 10003
6579 10034
7933 10121
1715 10083
8679 10225
8909 10298
4641 10033
8564 10009
9795 10039
8679 10248
1158 10088
5063 10771
2498 10020
221 10361
8822 10003
5486 10177
248 10035
9876 10032
4890 10254
6626 10054
2841 10053
3809 10002
8900 10831
5498 10177
2885 10086
8800 10032
7020 10048
2016 10003
7009 10593
8608 10002
9589 10034
836 10149
7352 10678
9007 10011
5930 10196
5427 10724
4363 10765
68 10505
3026 10716
337 10033
248 10049
8679 10205
1236 10034
5480 10135
8367 10003
5520 10177
6097 10298
7752 10071
9905 10501
6925 10149
1613 10390
3101 10003
279 10247
6945 10692
9849 10039
1119 10053
1236 10106
5862 10177
2762 10003
3520 10003
7810 10052
2403 10086
491 10006
2579 10087
7001 10149
7352 10130
988 10149
9810 10602
5436 10008
102 10408
7268 10003
491 10232
3671 10003
5143 10392
4028 10555
8741 10033
5899 10268
8679 10236
4328 10128
7988 10813
1948 10066
1879 10003
5422 10105
8275 10003
2384 10017
102 10725
9263 10260
5422 10032
2619 10058
3767 10071
5664 10626
2595 10177
2845 10149
2046 10535
9726 10093
9805 10584
2108 10153
2653 10032
2392 10908
2452 10003
2412 10266
7957 10071
2412 10239
5418 10071
7606 10007
8092 10039
9192 10035
7305 10053
1262 10003
8179 10017
1736 10212
6851 10017
2412 10073
2018 10073
3833 10003
2042 10006
100 10032
2544 10039
5422 10053
9911 10260
5627 10033
6816 10159
3395 10003
2313 10017
7170 10003
8679 10215
9844 10689
7109 10278
4011 10107
9497 10774
1084 10007
6857 10039
6847 10033
1912 10003
5471 10053
8679 10052
1478 10003
6591 10615
2055 10033
9557 10003
3118 10003
2967 10196
154 10003
4662 10071
5515 10594
7005 10275
9450 10101
9356 10033
2703 10020
2051 10003
7013 10345
2367 10577
7698 10105
3986 10184
2873 10604
5490 10034
8685 10339
9773 10230
9604 10111
7023 10105
6780 10481
7279 10034
3649 10094
2683 10003
1860 10003
7305 10094
2449 10275
6875 10032
1846 10510
2252 10003
5199 10501
9158 10653
9604 10051
1762 10418
8871 10086
5053 10256
337 10150
1930 10016
1532 10003
5327 10176
5161 10139
5907 10041
8679 10596
9263 10177
7061 10033
8914 10105
5503 10149
8956 10020
491 10093
3693 10003
6988 10086
2697 10003
2392 10547
9192 10039
7377 10273
9259 10017
5628 10020
6876 10156
9648 10032
9575 10327
8679 10873
3926 10271
2299 10393
3482 10342
3482 10415
7013 10053
9818 10032
2299 10008
5254 10105
3824 10102
3930 10637
5693 10085
29 10144
1113 10598
3981 10219
5921 10033
5308 10032
1601 10003
7764 10392
3154 10066
9980 10510
2305 10003
8679 10138
9960 10327
9836 10007
7021 10125
6965 10728
5448 10175
3930 10301
9435 10177
1049 10087
965 10159
6221 10017
676 10093
9173 10016
7878 10033
2041 10032
3504 10792
3909 10235
8533 10003
5501 10003
2698 10071
1613 10611
4846 10073
64 10040
6988 10510
2138 10003
4360 10003
965 10217
674 10387
63 10039
8934 10105
5701 10037
4036 10039
2344 10088
8900 10163
9914 10105
3365 10093
7013 10149
9524 10003
273 10071
3365 10122
2709 10013
965 10232
5366 10002
1615 10003
5693 10510
1969 10105
3130 10358
3130 10165
3130 10195
3130 10360
6878 10033
2105 10066
247 10077
616 10045
2344 10125
2992 10025
2246 10149
3130 10519
2407 10149
2203 10003
3154 10649
4379 10457
4600 10020
4036 10766
3130 10584
9021 10016
3130 10536
3233 10071
3130 10182
2696 10581
8888 10033
9173 10704
3130 10162
2616 10003
5365 10053
491 10035
9980 10086
5658 10248
2387 10003
1330 10217
8204 10039
4782 10032
965 10106
4531 10086
9192 10418
965 10053
3828 10319
7715 10165
9965 10639
616 10031
8537 10003
8073 10075
2181 10071
7180 10032
8396 10033
5537 10777
5541 10032
4531 10693
8900 10718
2222 10003
613 10298
9293 10046
2332 10003
3574 10406
9489 10091
3405 10971
3574 10165
2419 10579
9970 10073
5558 10160
4127 10194
2670 10075
5319 10032
4379 10026
6386 10115
2424 10003
6500 10196
7701 10160
102 10414
832 10039
5414 10197
9584 10077
3855 10077
862 10051
3847 10097
5769 10054
9584 10122
1763 10349
5157 10003
4847 10126
2369 10034
9728 10298
389 10007
3754 10003
3371 10003
3405 10544
7638 10555
3574 10026
9980 10127
6102 10528
7132 10034
7455 10017
7021 10626
9164 10168
7629 10298
5884 10003
641 10245
2280 10034
481 10003
8204 10032
7705 10047
9584 10840
653 10077
3855 10332
102 10582
170 10034
102 10235
2301 10003
1251 10003
102 10569
7094 10186
2315 10003
7604 10011
6906 10153
8450 10011
3482 10368
1628 10003
1573 10020
6820 10160
2119 10003
102 10090
5566 10105
862 10335
8749 10149
6927 10621
4600 10355
2597 10020
1962 10003
4379 10406
102 10556
102 10585
2095 10600
2460 10034
5432 10301
7055 10149
5672 10106
5132 10093
4850 10022
8461 10003
170 10039
7013 10524
5677 10077
7449 10003
102 10263
3265 10003
2868 10529
5545 10559
8900 10236
102 10581
102 10693
5627 10178
3405 10052
5546 10104
7946 10892
3318 10456
483 10071
1963 10003
1673 10070
2145 10008
9603 10212
9818 10052
8539 10053
8492 10033
3606 10011
9603 10393
580 10008
8163 10033
7323 10466
2411 10003
8088 10019
3812 10184
1002 10003
965 10357
9205 10032
5665 10744
4102 10071
5518 10007
6811 10073
8903 10032
4572 10071
7013 10801
1932 10003
5526 10007
102 10196
9564 10057
4600 10290
2298 10003
4189 10007
2130 10118
182 10032
2265 10003
309 10359
6941 10105
957 10244
5596 10159
957 10539
2334 10008
2272 10033
2207 10033
7021 10310
309 10288
9564 10442
4392 10031
619 10240
5111 10091
5598 10339
8607 10020
4307 10003
957 10332
1405 10003
2572 10196
204 10002
5527 10003
957 10122
3596 10460
2083 10003
2123 10357
3703 10003
6995 10298
2316 10508
9818 10298
5447 10036
9077 10426
7709 10357
7107 10017
5543 10071
9786 10122
3991 10003
8900 10775
957 10416
3418 10251
781 10038
7117 10164
7117 10538
5403 10176
5568 10013
957 10112
7847 10405
5403 10323
3990 10701
5528 10039
2149 10032
7709 10626
2798 10462
6366 10003
6267 10003
9751 10003
6588 10017
5780 10289
5475 10808
9283 10264
957 10038
9077 10122
3236 10034
2172 10058
5792 10007
9435 10321
8455 10003
957 10010
7733 10183
6818 10153
1851 10033
7107 10089
9287 10032
4127 10054
1982 10058
9358 10039
4610 10037
3737 10016
6966 10088
2392 10212
934 10284
5475 10158
3478 10073
2364 10046
5682 10171
6966 10454
1460 10147
3881 10003
2668 10003
4658 10007
7564 10003
2364 10393
7629 10105
5388 10091
5495 10085
8787 10073
7041 10264
2576 10149
1845 10149
9886 10017
5682 10164
8611 10039
5599 10510
577 10409
3986 10125
4502 10108
8068 10084
4012 10064
1044 10329
4560 10245
7100 10006
5495 10621
6642 10128
2693 10087
767 10233
4043 10065
1982 10509
9603 10574
5718 10034
3109 10041
1505 10003
2513 10003
1982 10643
5495 10155
5593 10053
2165 10036
3678 10034
5405 10071
5519 10041
1250 10088
7465 10077
3155 10033
7591 10034
767 10085
4206 10445
4925 10003
767 10255
7181 10003
2080 10003
113 10393
767 10225
5818 10060
9402 10252
1986 10003
9447 10011
2880 10039
767 10448
3429 10108
8028 10047
7749 10332
6811 10039
7498 10006
7007 10278
6178 10003
2912 10310
2739 10003
678 10007
793 10122
731 10013
3048 10007
1997 10032
9843 10532
1997 10008
767 10175
2266 10020
2066 10670
3835 10205
2172 10129
767 10535
1613 10091
2924 10057
6102 10912
3195 10003
767 10261
4013 10034
8366 10003
5989 10002
5722 10357
6102 10170
5512 10055
4458 10305
3484 10128
767 10052
1857 10003
8529 10033
7749 10279
1253 10055
6063 10196
6895 10032
3198 10065
5495 10093
8761 10020
767 10386
4513 10098
751 10002
6102 10712
6102 10536
4013 10039
3418 10115
7016 10128
36 10580
930 10055
7972 10007
8925 10298
5767 10626
7973 10794
6262 10755
4013 10529
9402 10055
5682 10047
8188 10007
7973 10010
2665 10472
9357 10033
5587 10165
2772 10743
3798 10133
5587 10850
8805 10128
8959 10007
3996 10033
2580 10599
535 10042
8515 10007
8936 10462
7715 10371
6782 10360
1476 10003
7754 10139
2814 10278
930 10064
9915 10034
7973 10634
2900 10003
2557 10474
6782 10195
5621 10008
8866 10032
7771 10033
6052 10032
7638 10016
6782 10182
17 10013
9044 10026
5555 10403
8083 10354
2414 10003
2614 10122
3803 10007
6552 10006
9430 10003
3951 10070
2008 10450
3951 10080
8212 10347
5581 10572
3035 10007
2727 10003
7107 10380
2632 10075
3145 10036
3150 10153
2090 10003
5485 10003
6279 10007
2557 10741
2557 10161
4762 10128
102 10603
3408 10027
2584 10016
2557 10620
102 10604
8761 10073
5555 10389
2598 10133
8947 10003
1997 10137
102 10605
83 10052
1644 10149
5540 10519
2946 10003
2446 10418
102 10607
6782 10162
5941 10165
2980 10242
4797 10077
9402 10197
2557 10506
513 10035
7973 10203
5540 10389
8156 10196
5941 10189
5667 10221
102 10397
9320 10123
2557 10165
5941 10058
2258 10094
5555 10492
1833 10003
3408 10169
9242 10034
1926 10026
6348 10577
5582 10274
783 10127
7744 10091
9358 10032
3297 10003
9791 10003
5547 10266
6445 10148
8393 10535
5662 10577
5206 10125
3128 10055
6569 10003
538 10319
3150 10020
5495 10230
5587 10192
3189 10047
3189 10171
3189 10161
7799 10034
3005 10007
3189 10525
577 10053
3189 10499
6386 10020
6102 10783
3189 10172
6102 10613
8279 10003
6102 10782
5403 10183
9388 10058
9242 10093
2557 10682
2805 10841
4252 10048
5587 10162
3574 10162
3912 10020
2230 10003
2008 10053
2557 10803
3574 10682
6445 10008
2940 10583
5941 10234
3487 10071
5587 10360
4701 10332
4013 10149
9155 10019
5941 10637
9023 10034
7513 10007
1060 10039
6697 10252
7885 10032
8054 10197
9966 10290
5495 10167
8393 10233
6166 10395
9946 10033
3060 10196
6885 10032
7081 10612
8733 10025
980 10586
78 10003
5602 10034
7377 10020
3844 10003
8893 10073
9320 10016
7367 10033
1032 10007
7060 10162
1874 10119
5941 10471
4032 10527
2557 10601
9023 10039
2874 10039
8152 10036
9356 10088
5760 10003
7060 10528
3268 10076
2557 10472
3493 10003
5594 10471
2717 10640
2633 10196
5941 10303
3173 10130
2759 10264
3854 10041
7771 10010
1805 10003
4955 10077
7060 10368
8840 10016
8768 10052
1130 10649
5594 10516
1901 10529
7060 10492
4955 10112
6102 10371
3091 10149
5268 10033
5594 10405
6535 10309
88 10248
510 10011
5599 10086
3587 10266
8393 10163
6754 10167
8519 10258
5582 10230
5621 10227
5594 10165
2557 10509
2557 10503
6910 10093
4713 10071
7954 10003
3031 10222
2701 10147
5641 10034
5668 10073
5668 10093
3330 10403
7294 10232
7117 10516
7052 10073
3271 10407
7771 10464
7260 10064
5909 10032
2534 10593
2400 10003
2959 10105
2747 10127
8346 10032
2596 10239
1949 10236
3772 10064
881 10026
3741 10003
2961 10003
4072 10245
2976 10087
7885 10039
2356 10033
9561 10014
1949 10442
7294 10039
4119 10101
7973 10175
9435 10065
9996 10033
3319 10034
5594 10371
7771 10073
4795 10196
3574 10707
5582 10840
9946 10032
8650 10888
1635 10003
5351 10153
3004 10036
2987 10003
5830 10053
9344 10047
7052 10215
5582 10074
3066 10020
68 10043
8393 10085
2557 10613
9884 10177
7509 10020
4745 10128
9996 10407
193 10117
7113 10190
5370 10041
9344 10014
6984 10030
7867 10026
3330 10404
7065 10070
2557 10614
1554 10033
3000 10247
3027 10035
8100 10141
1367 10233
6663 10245
9380 10003
5594 10182
5417 10007
3239 10055
9514 10127
2026 10289
5124 10701
7109 10097
5032 10510
5594 10162
2380 10215
7771 10541
9968 10093
2557 10170
9564 10051
5632 10245
6397 10191
2706 10039
6768 10140
9564 10448
3089 10016
5977 10073
7065 10080
7140 10450
3964 10524
2865 10039
2557 10511
7219 10912
8716 10034
5452 10020
4411 10003
2380 10225
9358 10052
9319 10021
8713 10055
1716 10003
5989 10247
3988 10508
9237 10003
2006 10093
7771 10177
5544 10053
2380 10051
5651 10340
1367 10261
1320 10007
2557 10193
4419 10266
7072 10173
3642 10036
1052 10979
5619 10388
5878 10007
3835 10009
3037 10065
5941 10576
9866 10039
6984 10153
5651 10165
4419 10239
1814 10039
1578 10047
5434 10003
7509 10127
8650 10529
3330 10389
7164 10007
101 10006
9272 10357
9343 10281
8893 10180
4819 10091
3970 10347
7771 10077
8727 10364
102 10623
4953 10238
2860 10033
3199 10003
6917 10053
2747 10331
7771 10260
5466 10470
2546 10595
7107 10190
5466 10332
7973 10813
5846 10056
5466 10112
4971 10248
2564 10212
5960 10003
3000 10436
4356 10007
3182 10007
9706 10110
8393 10244
5759 10055
8224 10453
9688 10510
7704 10621
9971 10047
9356 10053
1955 10196
5690 10020
9706 10007
7704 10685
9973 10073
9589 10032
3281 10032
3276 10033
1776 10177
3533 10036
9064 10032
9971 10516
4155 10003
2093 10457
2093 10026
102 10184
8840 10538
5576 10007
5713 10034
504 10087
8017 10155
242 10165
3326 10003
9980 10039
4624 10046
6694 10008
9844 10106
5713 10232
928 10057
318 10007
1108 10007
6205 10003
3062 10003
1945 10217
2775 10007
9651 10033
9706 10115
1914 10003
4962 10070
7311 10105
9706 10006
771 10127
4053 10232
2508 10073
3727 10852
4516 10075
5277 10020
3990 10194
3219 10034
2369 10766
7075 10034
7038 10171
2681 10051
7834 10034
2757 10629
5752 10073
6372 10501
1380 10143
7038 10047
7117 10818
3710 10366
3125 10077
1250 10086
6258 10162
276 10139
7771 10563
5668 10538
3219 10436
3330 10613
631 10007
3276 10025
9377 10790
6957 10105
7946 10366
4283 10383
7038 10161
8405 10058
6963 10447
7390 10804
9755 10362
7524 10610
6957 10016
6984 10044
9188 10032
2201 10298
8713 10051
8998 10033
8840 10358
193 10008
9358 10073
5619 10034
6008 10408
7035 10032
102 10331
9264 10578
8463 10047
5943 10061
4663 10071
6629 10648
102 10278
4721 10007
9928 10020
6221 10002
2934 10393
102 10772
6629 10025
2853 10021
7464 10033
5452 10737
8405 10026
6240 10183
7056 10219
102 10674
3546 10003
3864 10033
5452 10354
1071 10087
5706 10447
5738 10267
2909 10128
5022 10032
5416 10367
4119 10184
1604 10003
2760 10003
7282 10310
4498 10033
5811 10212
8257 10013
4816 10055
2401 10157
7770 10071
3192 10071
7413 10136
5985 10001
8414 10033
1928 10003
7098 10298
3733 10550
1367 10535
1812 10344
4053 10349
2601 10039
2551 10126
8406 10173
7385 10073
102 10497
4966 10283
2093 10311
2836 10020
8733 10033
6183 10006
5753 10774
102 10123
3216 10003
9989 10033
8350 10039
6589 10179
6082 10125
9750 10020
1085 10008
3284 10034
1854 10345
1367 10051
9771 10076
9764 10156
512 10033
210 10090
4953 10025
3645 10393
9023 10057
819 10008
1017 10011
4626 10033
5582 10051
5746 10163
1625 10055
1706 10105
5037 10009
1313 10236
9928 10039
5582 10215
3165 10026
7709 10039
577 10313
7305 10232
6950 10045
1998 10033
6763 10801
9989 10073
5466 10747
5466 10248
5850 10033
8416 10152
5755 10701
7771 10254
5430 10196
2711 10016
5755 10271
3901 10539
2715 10003
2796 10371
6851 10008
8699 10034
9046 10088
9624 10009
1255 10205
1367 10329
3232 10240
8833 10118
9989 10135
6981 10555
5766 10087
2742 10016
8638 10014
102 10095
2796 10182
4446 10017
2861 10266
7095 10313
8193 10219
5852 10115
9941 10177
2971 10007
7771 10416
1913 10007
4053 10053
8840 10637
2796 10162
7449 10066
3663 10584
1877 10003
5771 10205
5602 10039
993 10738
7335 10013
1776 10279
6984 10638
7182 10003
9143 10071
5517 10298
9928 10034
5811 10497
9356 10086
2286 10003
3929 10053
5035 10086
4731 10034
5691 10055
1064 10017
1980 10003
2861 10239
2819 10017
2673 10007
6246 10003
5163 10217
330 10003
2502 10003
5699 10046
9511 10044
9111 10501
3929 10016
2369 10008
9171 10236
2796 10368
8840 10303
9600 10058
2565 10241
5761 10008
7374 10017
2565 10122
2945 10041
5837 10007
5521 10744
8687 10155
8135 10033
2861 10073
7260 10687
7199 10033
2369 10421
193 10051
706 10007
3903 10003
8840 10643
8017 10052
2373 10014
8070 10143
4526 10007
9965 10022
8588 10032
9093 10091
4953 10324
6984 10057
3337 10020
4624 10816
7735 10149
3793 10093
2356 10108
3929 10357
9958 10232
8840 10189
9989 10196
9928 10073
325 10056
8961 10032
924 10051
4738 10087
3034 10095
321 10003
5680 10588
5202 10039
9252 10130
3746 10057
2945 10039
4972 10057
8712 10939
924 10163
7796 10007
9884 10065
282 10065
2037 10496
3901 10290
6312 10006
9497 10298
6579 10041
1566 10196
3746 10046
2904 10093
67 10042
1367 10117
66 10032
9882 10047
1956 10238
5691 10065
2166 10125
7941 10022
6240 10045
9402 10407
9882 10171
5550 10054
8197 10003
5710 10708
5710 10614
2839 10003
5702 10155
8632 10003
6293 10011
8047 10182
8302 10003
834 10039
3555 10456
7813 10003
8604 10232
5703 10007
2641 10007
9989 10065
3417 10455
2409 10003
5768 10539
9958 10051
2990 10159
9416 10003
5752 10153
8539 10034
9967 10073
6957 10594
6240 10703
6837 10053
1949 10627
4162 10306
5702 10359
3555 10271
4227 10130
7086 10690
4468 10056
3307 10034
2851 10007
1645 10033
9111 10020
7678 10003
270 10032
7450 10082
5525 10115
2456 10003
2503 10055
5702 10621
2758 10626
4953 10033
2664 10003
7076 10135
9973 10144
2413 10003
3912 10175
9928 10052
5582 10268
9989 10393
5482 10034
5702 10132
4556 10413
7691 10035
5482 10032
4343 10345
6984 10035
1789 10003
347 10130
3555 10600
1328 10003
3237 10003
7918 10035
9958 10106
3045 10007
4556 10416
4456 10003
9991 10017
1318 10003
4953 10413
5634 10007
7928 10034
2250 10003
7076 10282
2045 10003
9973 10021
4556 10039
7626 10105
1925 10003
356 10007
3555 10112
8783 10092
392 10047
9938 10004
7785 10003
193 10462
7682 10105
2831 10087
3912 10085
5707 10410
3100 10285
3100 10672
896 10043
3912 10225
465 10003
2857 10003
4344 10760
3912 10253
8679 10321
2740 10392
8179 10800
9377 10422
3024 10003
7487 10033
5705 10086
9958 10085
8539 10393
3513 10033
6984 10016
3683 10302
7130 10091
493 10034
6488 10079
5757 10208
2968 10007
7771 10332
3912 10215
180 10003
4556 10148
7649 10714
9090 10003
2369 10450
6203 10393
3555 10698
1705 10477
4510 10007
4842 10061
3555 10375
3100 10348
9958 10177
1852 10003
4556 10105
6219 10267
2369 10053
4827 10181
7130 10541
4926 10032
8732 10049
2464 10177
8638 10525
9958 10448
3555 10122
76 10003
7632 10064
1349 10016
4750 10032
2464 10448
9359 10033
2853 10122
2464 10236
19 10011
9989 10149
3919 10033
2832 10030
3838 10007
1701 10007
1399 10006
6952 10066
4491 10003
4626 10279
4310 10007
5640 10073
3665 10079
4953 10150
8143 10006
1894 10539
2888 10058
2635 10332
7282 10326
8609 10007
3317 10034
1407 10034
7264 10015
9895 10034
7854 10400
7264 10474
9994 10047
9216 10122
5535 10073
7030 10039
9965 10073
8179 10373
2896 10087
6004 10033
7264 10014
5691 10093
7264 10748
7096 10034
2061 10003
5564 10007
2722 10612
1551 10142
1893 10055
5657 10245
9377 10082
9050 10177
935 10762
4130 10813
3523 10222
3002 10060
3111 10003
23 10003
505 10047
7771 10265
4955 10033
5669 10007
2380 10729
4652 10143
1753 10003
8976 10034
9193 10073
6633 10007
7365 10032
2166 10106
8782 10133
7829 10541
54 10035
4939 10108
9895 10137
3633 10177
7146 10584
6024 10510
9732 10414
935 10382
226 10325
1280 10204
282 10159
7146 10525
102 10176
2423 10070
4001 10003
462 10036
9272 10039
3378 10032
6937 10032
1253 10033
3633 10236
9939 10033
5100 10006
472 10034
8717 10846
4184 10003
7704 10163
6169 10798
5961 10128
5777 10007
7682 10281
3170 10427
9989 10054
7777 10148
7519 10176
9839 10054
6266 10073
3661 10552
808 10053
9658 10016
532 10007
1552 10007
9242 10148
8755 10288
2700 10003
8663 10223
8113 10006
1142 10849
9453 10073
2954 10650
3032 10003
1894 10020
2954 10432
7499 10108
1731 10281
102 10494
7440 10003
4300 10071
4515 10013
1645 10073
724 10212
2847 10003
102 10295
2971 10110
1783 10269
202 10116
2826 10033
102 10217
1743 10196
2185 10166
3372 10429
8403 10032
102 10456
5702 10065
1578 10204
6105 10368
2984 10150
9873 10100
539 10055
9640 10034
7130 10341
8526 10657
3683 10490
6630 10114
7941 10805
3171 10055
9593 10047
2373 10047
6254 10003
9171 10085
1348 10072
3592 10003
2042 10035
2233 10033
3381 10252
3765 10003
8836 10003
102 10441
3970 10329
4825 10181
8842 10010
3240 10674
102 10431
5513 10692
9665 10053
9593 10014
7483 10050
7918 10041
4243 10555
3328 10114
4335 10048
5536 10033
3058 10037
5425 10032
6937 10039
1807 10291
2759 10147
6984 10001
7510 10009
7726 10457
5605 10007
1348 10247
5006 10053
2075 10094
7491 10020
4626 10177
9121 10039
1045 10003
5658 10191
4476 10070
9989 10147
2520 10032
3119 10161
6434 10425
7183 10298
9497 10008
2599 10446
7913 10277
3420 10410
5752 10313
1539 10036
3871 10033
5823 10034
145 10035
4696 10158
8893 10020
3682 10073
8416 10788
9971 10171
6277 10066
1381 10034
5917 10133
7357 10058
2535 10339
2129 10016
9958 10039
3912 10230
764 10091
8092 10032
1197 10007
7169 10091
9980 10744
4064 10007
4382 10007
2380 10203
8598 10032
5947 10763
2291 10003
7158 10032
7169 10057
9801 10047
5061 10061
6792 10121
572 10003
5256 10313
8325 10011
2966 10003
8478 10108
7920 10336
6016 10093
2737 10091
1305 10033
9242 10211
5635 10009
5707 10034
868 10461
3453 10722
9739 10369
8399 10071
7917 10273
2742 10020
6580 10007
9620 10332
7860 10032
1187 10057
6680 10163
1539 10529
6316 10057
1834 10003
4963 10033
2984 10033
7556 10130
7216 10090
2537 10006
9989 10056
5683 10744
5700 10047
3588 10595
3119 10598
4719 10433
9873 10020
2594 10684
4576 10003
6128 10868
8759 10177
172 10033
5639 10034
6376 10003
1684 10106
4868 10047
9689 10108
4868 10204
764 10077
4486 10057
6483 10392
5820 10098
5899 10904
6475 10034
2085 10036
6483 10127
3220 10003
8735 10003
6483 10088
6329 10923
7585 10179
4868 10014
1684 10053
7787 10034
4148 10350
4868 10389
8206 10032
2953 10374
9909 10241
7772 10032
7072 10298
2212 10033
2008 10039
4868 10511
3745 10197
1195 10055
9922 10177
9671 10542
7787 10348
3917 10454
9958 10034
2260 10678
935 10686
5801 10039
3215 10087
2438 10373
7985 10133
3886 10594
5768 10143
5407 10159
8713 10065
5722 10020
4722 10277
9249 10025
2075 10039
1195 10093
993 10316
6037 10003
2075 10036
1435 10016
7361 10414
760 10065
2822 10007
5801 10072
7763 10648
2922 10006
2075 10035
6986 10032
9094 10013
1357 10037
633 10007
6935 10053
7709 10034
6198 10108
7392 10077
8955 10003
102 10908
5793 10033
3683 10197
2013 10003
4469 10423
2812 10003
6560 10173
9892 10155
5803 10637
7345 10845
1831 10944
4756 10093
8138 10377
2718 10033
5803 10368
6360 10033
8374 10003
542 10007
8409 10011
4862 10055
5803 10472
4631 10007
7740 10015
10 10008
5726 10032
8783 10562
2434 10047
1421 10010
9739 10793
7578 10502
7578 10165
3540 10091
2022 10020
3517 10055
4719 10302
1024 10008
7787 10349
7234 10028
8837 10091
7086 10045
4089 10003
8044 10936
4538 10104
3174 10055
3276 10260
6316 10034
8653 10035
7740 10708
7345 10002
2540 10119
4260 10003
3329 10047
8356 10765
2701 10777
3211 10266
609 10007
3211 10239
9054 10030
1421 10001
2075 10058
3329 10506
1376 10003
3785 10006
3221 10003
8156 10212
309 10008
7334 10006
7214 10048
6945 10006
4048 10151
8715 10148
6170 10032
760 10093
5803 10862
9295 10708
4488 10035
977 10155
6258 10182
7234 10044
8813 10055
5922 10016
7178 10007
158 10010
9965 10007
5005 10277
3427 10034
7048 10003
4575 10007
4132 10033
7532 10263
6578 10264
9000 10003
7405 10050
5767 10008
2075 10026
7975 10179
2660 10395
4023 10341
3526 10439
9312 10185
4287 10093
4290 10718
9948 10047
4525 10087
5782 10468
764 10138
2464 10634
2866 10407
1952 10003
3917 10127
6124 10088
4284 10007
3906 10039
7178 10054
9928 10177
4290 10093
3837 10135
3788 10316
1060 10073
1611 10003
5626 10039
205 10033
7569 10119
1517 10020
5727 10002
5600 10007
7254 10034
3883 10698
539 10010
9917 10017
2120 10003
5725 10007
3814 10414
9948 10161
4322 10448
9844 10053
2594 10279
7726 10192
4816 10077
8893 10085
5707 10468
6003 10051
676 10273
3356 10032
2939 10003
5407 10039
4972 10807
3453 10635
3124 10204
2830 10204
477 10051
5683 10159
3423 10034
5971 10007
7787 10672
7726 10528
9948 10171
5834 10039
139 10055
2410 10053
9517 10171
7787 10106
4119 10073
6846 10139
7124 10266
9933 10003
5801 10020
2410 10653
2779 10502
7238 10104
3953 10106
6003 10001
7124 10239
5725 10312
7135 10557
4052 10003
577 10672
5493 10038
2508 10011
4587 10468
2914 10003
2830 10014
4829 10007
4201 10003
2127 10253
5847 10119
6217 10007
5989 10057
1894 10279
7548 10429
5493 10054
3814 10017
7763 10016
8539 10008
6016 10007
9962 10020
7998 10454
3829 10007
7734 10032
596 10055
7998 10510
4605 10003
3983 10436
8480 10003
2093 10406
5886 10147
2962 10446
1060 10093
6003 10111
1005 10034
3640 10032
155 10051
2004 10020
5744 10016
9276 10035
4079 10031
6124 10086
2776 10007
5045 10087
3251 10755
2776 10006
8893 10155
7784 10013
2830 10389
159 10194
3171 10054
9932 10039
6003 10261
2264 10339
4561 10053
1325 10540
1438 10183
5951 10133
9958 10032
7148 10278
7585 10143
6356 10003
7270 10047
1894 10215
6301 10051
6038 10007
9884 10001
6371 10007
9774 10075
9511 10007
5872 10310
5331 10055
8092 10053
3814 10093
6719 10109
362 10047
103 10063
1845 10196
5909 10159
103 10060
6064 10006
577 10349
253 10233
5947 10764
4218 10003
102 10804
102 10673
362 10164
5750 10003
8142 10032
3983 10732
362 10171
6100 10038
6002 10034
839 10756
4853 10013
6100 10091
102 10806
1354 10032
7052 10051
8437 10109
7093 10882
9965 10153
6063 10387
811 10077
9957 10007
5683 10653
1949 10215
102 10114
5512 10524
3374 10149
102 10376
9739 10951
8077 10033
5296 10203
102 10202
472 10179
1801 10003
895 10256
4731 10039
7490 10159
5931 10033
6536 10073
477 10177
3420 10106
2488 10070
7205 10529
713 10297
6772 10944
4065 10351
3115 10666
2007 10003
5167 10007
7753 10003
6184 10592
3079 10003
5945 10007
1172 10232
497 10230
6353 10395
1105 10865
8893 10215
3258 10481
116 10070
1325 10445
9702 10020
102 10619
4780 10196
75 10093
2737 10012
4549 10047
3258 10516
3452 10122
2913 10053
2638 10003
6130 10020
925 10239
773 10666
2198 10033
9989 10108
418 10006
2807 10393
8252 10003
3258 10714
7784 10034
3379 10033
472 10057
9290 10105
4620 10786
1223 10087
7521 10073
3258 10234
2913 10093
9929 10008
7769 10298
1060 10552
7503 10150
4384 10767
7052 10177
2121 10003
2267 10210
427 10114
2890 10071
773 10659
1235 10003
9229 10093
3279 10816
5929 10093
3258 10103
3634 10020
6331 10034
9623 10047
3258 10405
3329 10168
9612 10017
1052 10866
2764 10153
3329 10528
5893 10053
527 10035
2816 10388
3673 10003
1517 10065
6217 10038
1909 10139
5680 10065
2852 10190
137 10033
2389 10003
2889 10534
1808 10020
8993 10405
2446 10053
3258 10499
7374 10298
158 10101
6245 10143
8993 10234
6534 10128
8350 10032
3682 10010
9764 10641
5910 10357
6204 10407
7361 10212
4467 10088
3181 10007
1807 10800
8893 10252
5071 10054
410 10148
9177 10177
8949 10033
6122 10006
1278 10003
4702 10835
2563 10073
6122 10034
664 10033
1885 10007
4554 10010
2563 10148
8812 10003
3120 10007
2469 10011
9074 10003
6576 10238
1272 10032
7249 10482
4024 10039
3018 10003
1894 10016
5871 10017
9332 10007
3396 10690
3989 10123
9469 10765
1782 10003
5784 10006
9393 10232
4937 10065
9671 10311
5874 10003
3390 10251
782 10241
5815 10269
4892 10274
7201 10007
769 10003
5112 10603
1847 10281
8795 10220
2744 10034
4231 10033
9665 10034
8108 10426
6213 10508
2913 10252
2573 10086
5877 10008
944 10056
2559 10505
7889 10491
3955 10020
3222 10865
5808 10065
1663 10032
4278 10323
8163 10055
158 10115
6603 10003
3328 10033
5633 10039
623 10825
5976 10086
4618 10034
9242 10277
5067 10128
7491 10017
2306 10139
2613 10003
99 10003
2524 10033
8893 10247
6403 10017
8235 10033
4368 10033
9193 10020
3330 10358
8949 10407
8416 10398
2559 10550
4695 10177
3748 10086
6934 10011
7227 10007
3529 10446
9909 10091
6403 10020
9393 10035
333 10539
9878 10039
6403 10787
9667 10033
2302 10032
3025 10032
5459 10034
7999 10007
102 10119
8993 10162
416 10007
143 10003
1224 10409
5067 10393
4978 10808
9034 10091
6084 10030
4112 10056
4695 10051
4911 10007
2956 10144
6190 10007
1994 10003
1793 10220
9941 10001
5609 10007
5900 10266
5680 10418
893 10007
5900 10239
6662 10034
1019 10071
1200 10063
8732 10167
9015 10017
8128 10071
6341 10007
3284 10049
3284 10044
4850 10033
6495 10007
4698 10219
1273 10003
5931 10017
842 10865
5806 10147
1102 10139
2960 10071
3330 10492
6259 10003
4554 10055
8424 10003
7030 10247
6043 10017
6613 10135
1032 10147
3279 10388
9414 10491
4173 10446
2924 10033
1904 10453
4759 10016
5927 10167
4695 10265
2027 10003
1517 10093
3486 10007
1166 10093
483 10592
8893 10539
75 10159
4611 10553
7425 10003
6225 10520
6225 10020
9958 10001
6739 10379
3486 10013
1041 10021
9152 10179
6730 10428
1160 10073
9177 10123
3134 10351
5966 10007
7305 10039
7305 10041
6463 10020
5940 10033
7505 10033
9989 10143
9773 10055
7366 10032
2087 10524
8200 10032
842 10270
7380 10004
5922 10050
6696 10007
3438 10032
2682 10003
6545 10032
1665 10034
4937 10212
1551 10501
3006 10075
9353 10036
7566 10034
6312 10007
2343 10339
4065 10093
8435 10093
3986 10310
5702 10884
7767 10554
2065 10177
2736 10368
3700 10077
8780 10003
3721 10071
2348 10323
6754 10033
4180 10071
3719 10003
9372 10020
5022 10039
158 10032
5905 10212
5900 10073
5931 10006
7245 10177
7877 10931
9443 10269
5479 10149
985 10191
6578 10036
6138 10007
8168 10039
7366 10053
6513 10033
1859 10413
4252 10211
6381 10450
1374 10039
8893 10945
5 10004
1414 10521
9450 10215
8055 10153
5666 10219
4517 10194
2669 10011
1705 10093
4947 10414
2231 10501
3953 10095
9450 10051
632 10197
229 10128
6064 10030
3336 10077
8993 10103
1850 10034
6018 10061
4461 10114
2704 10003
8030 10007
1060 10655
2663 10032
6589 10073
8315 10056
1712 10501
8360 10033
2736 10234
558 10034
3535 10523
6533 10130
8835 10003
7847 10457
3953 10626
6612 10670
9064 10153
797 10007
4355 10007
6270 10007
2937 10003
4496 10036
6004 10005
8058 10159
3330 10015
1624 10282
3330 10474
102 10128
6467 10272
8713 10032
4053 10106
6894 10779
9279 10006
1547 10033
9345 10420
7644 10588
5744 10045
7421 10039
2699 10247
4888 10030
2802 10039
3895 10239
4145 10162
2663 10638
4145 10182
9199 10003
8316 10007
2736 10403
5982 10004
9279 10093
4145 10803
7237 10033
4145 10506
7031 10529
2166 10016
9895 10039
5668 10818
7212 10184
8694 10450
4889 10313
3330 10637
8839 10086
8484 10546
5046 10007
7212 10555
8069 10003
3054 10661
102 10774
7212 10414
9755 10171
6872 10447
6033 10565
2352 10029
3227 10076
2922 10298
6512 10792
5673 10125
6676 10007
242 10595
4484 10468
1972 10003
102 10407
4484 10053
2278 10128
9450 10085
7412 10538
6530 10071
9070 10020
7111 10370
4618 10032
9111 10153
3940 10428
6945 10041
8902 10152
3953 10247
2763 10003
7366 10357
8712 10199
6155 10162
559 10020
8993 10195
5724 10088
3486 10110
6155 10182
4254 10007
9365 10033
4426 10034
2736 10710
300 10003
5050 10033
4426 10137
102 10822
3532 10393
6155 10192
4743 10961
102 10309
7217 10003
5724 10086
102 10816
2044 10031
8819 10007
2472 10003
6877 10033
2330 10003
1094 10077
496 10073
9612 10020
5680 10141
5680 10500
1894 10010
9214 10350
8810 10091
3590 10108
6937 10556
4214 10636
3834 10337
8701 10471
7010 10073
1894 10662
7135 10020
9565 10047
2392 10048
3401 10212
1076 10020
3747 10077
3953 10018
8924 10886
9189 10519
327 10156
8913 10017
1060 10085
7237 10407
1225 10332
6055 10041
1960 10032
1291 10039
9952 10626
3259 10052
774 10091
2785 10032
6490 10501
2537 10007
327 10053
7128 10114
9895 10135
3294 10282
1060 10033
5021 10033
4374 10278
9755 10503
2186 10003
9450 10634
6135 10547
3332 10119
4242 10055
1894 10873
4959 10806
697 10092
6493 10538
5977 10061
362 10174
2028 10009
4101 10031
1894 10903
5864 10032
6227 10568
3978 10003
3434 10020
6368 10760
7664 10217
4939 10143
4939 10767
3749 10052
6430 10032
4590 10071
7319 10777
2166 10045
5677 10050
6546 10065
5947 10085
4517 10091
5796 10020
8789 10190
3834 10528
869 10003
9450 10535
3285 10051
577 10357
7119 10011
9612 10378
3077 10003
2306 10125
9568 10006
7196 10097
8355 10020
1244 10395
3303 10438
8167 10181
3285 10288
6862 10008
5122 10067
1109 10055
10 10033
3519 10003
1153 10003
1591 10014
3953 10571
2392 10039
6386 10297
2877 10037
7986 10033
1894 10596
3285 10683
5668 10051
9390 10064
5791 10267
3873 10051
9088 10219
9895 10049
530 10032
3826 10144
7756 10275
2084 10003
6336 10180
303 10149
1323 10220
6079 10017
9168 10330
3953 10039
2852 10031
3285 10688
5496 10108
9487 10005
8868 10159
8713 10093
366 10087
5002 10127
4936 10274
9597 10058
8667 10073
710 10091
1116 10064
511 10033
2916 10032
5917 10056
282 10093
3219 10057
1894 10448
3603 10450
1280 10846
1836 10665
4187 10219
892 10006
7010 10393
6367 10409
2015 10326
9597 10026
3470 10007
5002 10088
3694 10359
9612 10016
8787 10020
38 10065
3091 10039
3619 10910
7374 10212
5827 10020
374 10003
8624 10041
4287 10689
3379 10407
499 10028
4233 10087
6289 10056
9590 10177
6475 10017
4936 10085
8416 10056
3285 10356
9038 10195
530 10039
259 10071
8769 10197
8990 10204
6862 10455
8661 10651
686 10218
5991 10450
7598 10033
1422 10020
7371 10088
4668 10007
4854 10051
6383 10110
9939 10050
8993 10601
6047 10016
4145 10536
665 10003
102 10508
5946 10026
9051 10414
1780 10003
5893 10159
6294 10070
3815 10007
7437 10147
6369 10034
1077 10289
3258 10584
9038 10162
1938 10531
5974 10020
9391 10087
5880 10034
5280 10056
5746 10073
1480 10071
7165 10166
5053 10660
3285 10175
2008 10418
4558 10407
6302 10838
4695 10669
866 10003
8990 10047
1867 10298
1109 10835
4266 10090
8519 10051
3040 10020
1794 10057
2617 10185
3285 10444
242 10103
2470 10196
5259 10414
5758 10033
242 10371
5821 10463
8519 10396
3994 10003
1894 10909
3076 10092
6274 10039
1619 10501
61 10091
8519 10233
4016 10934
7730 10020
6472 10056
717 10007
3087 10225
1894 10879
9414 10291
9606 10053
8131 10003
9564 10163
4704 10928
5655 10047
536 10053
3291 10661
4073 10087
7410 10003
7368 10614
8416 10101
5946 10058
9626 10093
8256 10212
6025 10064
530 10035
1894 10335
3285 10359
2233 10122
1894 10591
9895 10028
7223 10047
8939 10003
9 10003
6106 10033
168 10494
1826 10020
7830 10014
7135 10073
7830 10472
6006 10007
2233 10091
6047 10216
8712 10346
9593 10168
4519 10007
7533 10007
749 10033
1611 10066
6367 10436
8341 10108
6359 10212
6359 10034
6122 10030
5761 10349
1325 10669
6141 10009
3609 10872
6862 10413
710 10007
5720 10051
8519 10634
173 10007
244 10056
2871 10003
5053 10016
7165 10182
9787 10899
3563 10032
3133 10553
8130 10010
4336 10020
7240 10032
9626 10359
2233 10600
5720 10073
8370 10212
9310 10007
344 10079
2281 10003
4534 10055
427 10221
3758 10003
3285 10679
3139 10030
4166 10056
5720 10236
530 10034
4785 10097
3764 10149
2698 10196
6085 10437
6564 10147
3709 10491
8168 10298
1896 10026
9965 10017
7725 10003
5746 10085
2392 10447
2710 10206
9232 10155
7039 10007
2329 10042
3356 10135
4437 10552
7492 10033
4846 10085
4493 10003
6595 10055
347 10238
3010 10047
2941 10112
5548 10017
6036 10433
3010 10234
9533 10143
4009 10733
4365 10003
5968 10732
5548 10378
8620 10025
5968 10869
7135 10261
1244 10227
5466 10080
6036 10251
2021 10542
3283 10070
3424 10003
5905 10039
9668 10029
7984 10297
8870 10093
3834 10613
447 10080
6405 10415
5397 10153
8870 10153
6335 10148
6387 10179
6517 10165
767 10212
9454 10086
5867 10604
8663 10665
4169 10032
152 10047
5585 10008
9773 10215
6030 10085
3464 10084
5889 10148
6030 10051
6399 10013
3730 10033
9384 10358
7131 10013
6033 10025
4660 10178
3258 10368
8319 10037
713 10347
7732 10149
1348 10034
4816 10050
4660 10478
8661 10287
6937 10273
3285 10058
5906 10238
983 10057
3597 10086
7225 10415
7830 10015
2333 10003
5025 10123
8435 10082
6595 10150
9595 10266
4942 10035
3726 10461
5385 10006
5053 10114
3581 10007
3601 10703
9414 10856
7199 10064
2392 10409
4179 10266
2710 10001
2233 10316
7161 10148
1890 10032
6425 10020
3810 10696
6425 10212
4695 10279
2689 10060
1402 10871
9965 10421
3992 10153
1807 10491
1894 10163
5825 10055
9454 10454
355 10047
3810 10714
7074 10461
7830 10584
6296 10033
2233 10010
8154 10148
6085 10345
1973 10054
213 10047
6425 10181
8586 10008
8670 10787
8429 10071
5905 10638
2055 10027
3859 10033
2780 10058
338 10638
3257 10033
6558 10055
7241 10266
1572 10760
5262 10826
102 10302
2121 10033
2162 10033
7643 10047
6477 10033
6230 10003
9929 10033
4451 10414
2689 10063
2670 10266
2492 10093
102 10282
338 10032
2863 10196
9999 10033
3461 10093
102 10769
5921 10407
338 10205
9454 10088
3403 10020
7223 10525
8949 10085
8011 10865
5984 10826
184 10032
9677 10016
10000 10245
2670 10051
2948 10065
102 10777
4380 10453
7064 10007
3902 10011
5767 10018
242 10783
9384 10492
3527 10003
102 10147
11 10009
242 10613
3873 10093
157 10641
3060 10065
5832 10073
4179 10073
6720 10075
3285 10466
102 10433
7874 10037
2308 10349
4057 10091
9384 10304
6855 10033
4207 10932
1807 10138
388 10028
2878 10037
3432 10003
8386 10633
4946 10033
1022 10212
4124 10125
7604 10091
7868 10006
3572 10032
385 10003
7604 10541
6467 10177
3384 10266
5557 10055
5294 10007
5905 10032
4790 10303
9249 10073
3133 10240
157 10106
5053 10438
8770 10003
4866 10007
9533 10033
8200 10013
3620 10156
2189 10071
3800 10039
9384 10403
9372 10531
9305 10093
5881 10007
256 10003
835 10251
2719 10003
2287 10572
5933 10007
3352 10270
4420 10071
1779 10026
4543 10483
736 10115
4733 10375
5933 10006
1203 10003
6319 10575
7928 10033
6181 10052
664 10238
242 10389
736 10007
9391 10201
1686 10003
3954 10088
3271 10055
2850 10003
5288 10009
6072 10032
3561 10003
1593 10055
6161 10055
9389 10353
8408 10143
1447 10007
9773 10138
95 10288
7165 10340
4554 10064
2776 10065
2886 10003
4805 10682
279 10154
5549 10053
1509 10033
5723 10484
7984 10050
2269 10033
8936 10127
6072 10039
3637 10247
5548 10016
7747 10073
4816 10073
4234 10135
6754 10949
4035 10183
5655 10338
5779 10128
8427 10003
3635 10019
9983 10357
4596 10047
2008 10032
4942 10453
3637 10017
8269 10027
8638 10047
237 10245
5789 10007
7544 10260
184 10829
5905 10034
4315 10007
8216 10006
7506 10033
8694 10125
4440 10030
3684 10032
7215 10003
7484 10143
1243 10922
667 10251
7732 10532
242 10340
4472 10055
2599 10323
6085 10149
5053 10785
1757 10450
9902 10105
7864 10007
9478 10007
2555 10039
9547 10007
8991 10121
1253 10065
7968 10003
7544 10649
2392 10265
5601 10007
1820 10613
7452 10257
9414 10177
839 10091
9626 10288
3776 10189
8180 10019
1512 10239
5998 10013
977 10290
8990 10696
4311 10173
7638 10354
3289 10282
1807 10236
4208 10007
8950 10020
3183 10290
6493 10192
244 10133
2357 10003
9050 10279
9303 10003
4380 10020
8370 10149
7638 10380
6467 10448
8952 10197
1807 10442
3631 10020
7366 10106
9050 10159
3166 10003
1729 10553
2832 10033
3686 10799
6218 10034
8452 10021
1904 10020
5202 10179
1784 10123
6589 10032
3866 10034
1290 10034
3287 10051
8182 10227
3481 10410
6589 10110
7278 10010
2029 10649
2834 10016
1492 10003
47 10003
3381 10155
4704 10247
1384 10011
3255 10091
1935 10370
4035 10016
8991 10238
4740 10009
7366 10052
9618 10368
5937 10450
7257 10065
9384 10474
2769 10089
3935 10265
1471 10016
620 10007
1807 10386
4070 10003
5192 10064
69 10034
1684 10056
5947 10123
2601 10212
5002 10454
5639 10006
5778 10035
8232 10033
7021 10450
5778 10425
7366 10626
7324 10106
1807 10535
1325 10316
4866 10020
6085 10295
1222 10052
594 10232
9231 10007
2392 10205
315 10007
2811 10034
6447 10575
7580 10278
9024 10050
4554 10245
6589 10388
1537 10127
3679 10037
309 10093
8990 10234
8950 10007
2681 10175
9815 10007
1537 10392
5192 10033
541 10017
3696 10148
8157 10462
9038 10192
3578 10433
6830 10446
242 10511
4362 10039
3515 10033
9535 10054
1238 10008
1291 10034
559 10004
7442 10004
1684 10447
9626 10859
7544 10091
7829 10011
6543 10725
2278 10086
1295 10093
6930 10070
5053 10394
9733 10528
8149 10278
9733 10714
7165 10528
9733 10171
4707 10007
3355 10047
95 10155
2233 10241
4346 10007
5142 10033
6170 10093
3161 10487
2492 10177
7345 10653
184 10298
242 10598
606 10032
3369 10135
5640 10050
3289 10273
9762 10897
6170 10135
5774 10105
9021 10447
5947 10794
472 10212
7829 10130
778 10034
1346 10694
7675 10033
5980 10064
2369 10393
8158 10112
8852 10003
1835 10012
4035 10045
45 10007
6217 10051
2667 10177
2260 10003
6342 10007
9938 10007
9549 10003
6514 10248
3081 10522
301 10109
4220 10093
312 10033
938 10006
9327 10047
5922 10098
242 10584
8662 10047
1238 10122
6322 10057
19 10033
6217 10175
2166 10114
7605 10418
1769 10033
6386 10316
2686 10003
6061 10033
8991 10033
9183 10033
1295 10061
4704 10410
6359 10039
1325 10451
3605 10357
6374 10110
3837 10057
102 10632
8098 10018
6079 10212
3783 10034
7416 10450
8518 10033
243 10025
7909 10298
6301 10020
342 10119
9533 10016
2606 10003
9128 10011
5661 10003
3399 10033
9101 10047
3757 10020
184 10051
7691 10057
6004 10109
5848 10278
9680 10154
2667 10205
5848 10114
362 10168
7199 10899
8513 10047
5929 10051
362 10525
3603 10310
729 10020
5922 10426
5861 10089
3936 10052
1284 10003
7126 10212
2162 10048
805 10057
3880 10090
9618 10171
9384 10536
7883 10093
1082 10027
102 10615
2373 10389
3105 10003
4306 10146
3873 10244
2257 10615
5428 10740
221 10633
4952 10088
4321 10033
9384 10360
8944 10007
7640 10690
5767 10034
9863 10020
1641 10146
6662 10032
8418 10003
6387 10462
8728 10007
4133 10153
4844 10034
5803 10033
4704 10778
252 10157
8693 10086
252 10038
164 10273
4136 10279
5623 10085
1949 10093
6286 10033
9793 10288
3780 10011
5623 10255
6386 10271
4264 10088
3201 10034
2848 10003
7815 10007
3312 10090
6778 10842
5226 10033
3406 10177
5623 10225
3927 10154
6702 10034
8167 10127
5140 10003
1060 10053
5870 10147
3046 10033
1495 10037
9546 10148
4264 10127
3406 10448
6175 10016
6413 10007
8990 10337
1244 10413
4133 10093
8462 10279
2237 10055
8957 10031
1835 10206
3046 10012
5460 10008
3850 10498
8376 10124
3164 10073
6877 10009
6176 10277
3583 10135
795 10045
5842 10020
4866 10212
1831 10020
3583 10039
7909 10137
6593 10218
5778 10053
4403 10071
2492 10316
2901 10037
3756 10524
7853 10087
4136 10034
3112 10092
8548 10367
4506 10159
5745 10105
5931 10020
5778 10030
1188 10006
5793 10064
8659 10032
140 10032
8673 10020
6065 10032
9678 10340
1113 10026
7623 10020
4146 10032
2743 10003
6341 10006
3164 10093
2034 10232
9726 10252
5715 10398
1282 10457
1958 10003
410 10035
4342 10277
410 10041
3248 10165
3248 10182
3248 10162
9762 10493
3248 10519
4665 10020
6590 10112
6263 10719
5978 10007
8701 10020
7050 10025
2848 10278
9204 10320
3874 10073
1619 10484
5229 10057
6401 10257
3874 10093
4043 10428
4210 10347
2455 10003
7266 10090
6590 10130
2034 10034
667 10433
2733 10088
1916 10032
4250 10055
1691 10408
7909 10269
5556 10033
5793 10561
1766 10003
1916 10298
5730 10007
3167 10070
3092 10003
8800 10298
4592 10003
1244 10008
6739 10509
9049 10066
795 10183
8510 10003
4695 10123
9732 10169
795 10703
6544 10006
3198 10032
2998 10008
9938 10147
4728 10905
6401 10044
9264 10010
5757 10176
4593 10070
4030 10260
457 10670
498 10055
8443 10011
3637 10414
2925 10088
6786 10147
6377 10615
2034 10134
7863 10033
59 10009
7556 10191
530 10041
8189 10051
2435 10003
1812 10050
7284 10016
5931 10155
9229 10037
7623 10268
7557 10191
6460 10032
9992 10032
3867 10703
7317 10065
6009 10183
5707 10053
9257 10624
9762 10728
5919 10650
8158 10236
5329 10071
8088 10119
1389 10007
7820 10007
9353 10546
4054 10149
3207 10414
480 10171
6242 10196
7210 10033
8682 10154
3072 10183
2107 10020
4049 10165
846 10033
4743 10122
5745 10039
2948 10039
7019 10045
480 10371
5428 10655
6085 10847
3322 10003
6600 10323
7607 10033
2218 10033
9146 10587
472 10017
61 10034
8541 10282
1973 10264
7445 10418
662 10012
7012 10036
2681 10307
2102 10133
800 10020
3689 10020
3891 10003
6429 10073
6753 10007
6582 10073
1086 10147
3225 10636
5482 10039
3620 10053
417 10028
1878 10450
5744 10154
9732 10017
6429 10055
9528 10512
6089 10034
5786 10071
7337 10033
4017 10460
1070 10039
4550 10003
7963 10073
943 10033
6011 10034
2060 10003
2972 10088
1212 10012
4866 10298
7738 10737
3422 10003
8246 10382
5744 10093
1746 10045
9730 10196
9773 10412
61 10010
7271 10653
7827 10537
1746 10690
6743 10638
1288 10273
4049 10182
6057 10008
4971 10034
6438 10033
6541 10070
1807 10212
9762 10700
9755 10584
4805 10492
8443 10206
6213 10926
7362 10003
5929 10052
773 10359
3723 10033
1070 10349
7883 10813
9245 10007
4107 10016
605 10003
904 10007
7905 10033
7319 10004
1807 10215
7587 10042
2492 10085
8840 10650
8513 10340
1381 10039
3025 10034
7599 10105
1148 10013
2086 10148
6743 10196
1968 10039
4499 10149
9783 10039
9716 10012
8469 10332
9916 10039
6825 10072
2879 10242
9538 10196
6558 10033
5825 10017
7110 10802
9910 10387
9094 10232
6336 10501
8167 10423
4696 10033
6460 10022
9288 10003
1528 10065
3227 10600
325 10133
3106 10080
9717 10590
3822 10703
2148 10003
9626 10155
4076 10101
3865 10006
8451 10289
7944 10007
1202 10011
1070 10232
6070 10007
9653 10339
4049 10026
4586 10032
9950 10013
4975 10007
4507 10088
6017 10006
6353 10149
4989 10077
8438 10183
4048 10033
417 10034
4159 10184
5767 10298
4999 10216
6055 10719
5778 10034
8319 10196
6053 10032
6258 10172
4224 10071
9718 10760
6208 10589
4892 10034
2766 10462
4136 10074
4049 10166
2209 10007
9916 10055
2368 10039
3451 10039
6990 10034
9924 10006
2583 10472
4507 10127
9941 10555
1669 10087
4844 10022
8631 10066
3206 10007
780 10020
4225 10003
155 10020
4486 10025
5160 10016
2583 10172
7767 10395
2583 10897
9582 10034
6031 10245
5790 10025
1944 10003
8157 10020
7082 10516
2807 10177
4401 10003
6714 10180
3402 10003
2583 10162
4695 10032
8184 10003
2879 10162
1413 10539
9912 10094
7050 10346
3044 10769
1913 10013
4811 10036
5653 10430
6107 10039
206 10007
7887 10162
1325 10855
7282 10450
808 10836
5843 10105
4040 10460
6739 10368
3827 10541
5341 10027
5478 10003
9924 10357
2875 10033
6107 10032
2865 10034
6420 10007
7747 10196
9204 10849
1536 10162
7211 10003
4226 10073
8454 10693
4520 10087
4046 10552
3876 10497
9902 10065
7282 10560
6496 10150
3323 10429
2876 10020
6733 10073
1878 10349
6055 10020
6672 10003
3876 10431
7887 10192
412 10065
3442 10003
1202 10005
8157 10093
3983 10410
3368 10003
6099 10017
7938 10077
3761 10602
3827 10007
7694 10039
344 10212
6668 10159
7887 10818
1878 10357
8985 10003
131 10072
4862 10715
5712 10319
8420 10150
6739 10803
2571 10547
423 10127
6023 10033
4096 10033
4159 10586
7938 10010
7919 10007
2261 10031
9063 10007
6739 10165
8362 10003
43 10027
4708 10310
761 10135
5653 10127
7949 10245
6772 10173
7952 10195
4203 10414
5778 10106
3685 10003
5926 10341
800 10033
8157 10001
4397 10478
2977 10003
9626 10148
5698 10425
3285 10351
6426 10600
5562 10077
4844 10436
4086 10047
254 10037
7639 10471
8117 10255
6711 10091
164 10065
6708 10006
9831 10003
4844 10046
5031 10093
3185 10071
5881 10033
7380 10212
7639 10103
2371 10326
1575 10126
6291 10047
4884 10006
469 10077
6739 10506
9364 10065
8306 10450
9611 10007
1288 10039
7684 10130
9217 10033
3031 10196
3189 10146
1676 10007
9992 10073
5778 10929
2566 10150
6291 10234
4400 10070
5854 10033
7952 10369
7549 10014
2069 10011
4849 10323
3983 10869
6242 10110
5803 10026
1531 10178
7938 10463
4484 10212
7589 10147
4637 10009
8771 10003
1060 10269
546 10036
8712 10033
752 10280
7739 10065
9962 10395
3959 10246
3924 10362
6499 10352
898 10057
2460 10357
5148 10238
3117 10034
3924 10283
2166 10450
3804 10200
1528 10033
9258 10073
102 10330
7938 10332
6137 10007
4057 10440
3899 10775
2460 10230
5715 10152
7347 10295
7767 10227
1314 10027
2375 10003
7952 10182
5090 10555
7988 10666
3021 10003
2112 10872
3183 10055
9716 10414
2294 10033
8451 10020
3677 10133
3817 10007
4628 10033
4862 10440
6262 10071
3070 10054
5653 10086
9717 10035
3970 10163
9344 10177
3933 10152
7950 10033
325 10147
2749 10626
4695 10033
8850 10070
9626 10008
2326 10722
4213 10003
7939 10460
9718 10697
8139 10086
8521 10633
5059 10008
4101 10212
9364 10273
1429 10026
6848 10007
461 10093
4292 10121
9460 10013
9686 10029
2009 10003
1818 10055
4671 10143
2408 10003
9699 10047
4664 10025
6304 10034
3589 10147
5947 10223
1927 10003
8782 10450
7844 10033
6204 10638
9875 10298
8250 10172
9902 10565
5702 10866
1961 10219
9093 10122
3841 10008
8264 10032
4227 10966
7463 10407
7573 10060
7859 10007
6937 10594
7347 10606
9626 10026
6269 10007
9962 10227
4910 10791
2913 10298
1512 10266
3970 10233
9762 10519
282 10052
3970 10373
3462 10098
8689 10683
8887 10033
9626 10460
687 10008
8875 10056
4832 10031
3970 10800
659 10017
2776 10435
2368 10073
3270 10130
795 10016
299 10071
4848 10003
6386 10033
3912 10258
1531 10033
1243 10231
61 10399
2326 10073
1258 10020
1677 10036
2312 10295
5948 10234
6019 10219
3115 10128
7380 10017
2930 10446
9022 10020
4436 10007
3841 10104
9387 10553
4378 10010
3440 10260
2112 10121
9364 10050
6746 10065
648 10007
7298 10007
7240 10034
3002 10108
4291 10027
9924 10041
349 10005
8671 10003
2554 10071
1528 10007
3227 10037
7739 10393
2086 10210
5715 10039
2008 10006
8206 10245
9614 10006
8704 10073
5226 10088
4154 10691
5231 10435
8450 10077
4646 10020
3941 10051
8863 10133
290 10003
247 10321
7078 10450
7544 10541
8264 10034
4632 10006
2991 10013
827 10041
5952 10007
4057 10122
5368 10257
9902 10020
6289 10133
7451 10197
8292 10020
3710 10033
9239 10108
8250 10503
8292 10073
4195 10119
1568 10033
8292 10180
1386 10393
6217 10393
2776 10052
9353 10017
4486 10101
1896 10058
3072 10690
8292 10546
9216 10834
7676 10143
7580 10114
2351 10055
499 10034
7347 10105
3683 10084
7194 10032
658 10119
551 10102
4628 10238
2141 10610
2294 10055
2540 10245
5934 10508
9795 10020
9785 10077
2650 10092
3620 10410
3620 10039
3970 10287
3620 10006
5796 10039
3397 10048
9962 10449
4413 10032
4908 10112
1568 10034
8161 10007
9715 10157
3947 10020
8926 10033
863 10007
2522 10003
7676 10549
845 10122
2237 10205
3299 10413
3970 10010
1568 10007
2631 10071
917 10007
3941 10093
7587 10229
3970 10101
5353 10020
1613 10279
4098 10033
9093 10112
624 10071
1847 10745
6026 10003
9258 10122
653 10332
247 10010
2057 10003
1348 10436
4370 10071
3250 10148
8401 10006
1329 10342
3106 10010
6479 10219
3586 10208
8732 10555
7156 10402
3699 10034
7412 10431
9071 10053
5921 10065
1412 10043
1386 10007
637 10143
9762 10514
1973 10032
4597 10033
2536 10119
468 10037
1338 10007
5919 10400
8819 10013
3959 10045
1329 10165
6429 10008
4704 10053
7338 10274
1113 10165
2312 10366
7194 10020
9364 10152
3019 10330
5778 10041
3369 10032
4203 10517
4838 10386
2237 10067
1105 10009
4085 10033
407 10398
6449 10093
1826 10007
1729 10252
1319 10003
6309 10148
8517 10063
6231 10245
3899 10771
6432 10032
7767 10148
3947 10085
4805 10165
6009 10080
3605 10053
6071 10007
7402 10007
5820 10055
307 10003
2710 10116
8283 10135
6382 10093
2699 10008
3816 10003
3970 10112
3899 10115
5653 10392
3365 10366
7086 10016
2879 10213
4203 10450
2560 10834
2049 10033
1113 10161
9618 10696
6405 10714
2868 10091
7887 10340
8509 10007
7903 10103
7887 10912
3419 10003
1754 10039
6523 10527
4346 10212
271 10007
499 10399
8579 10360
8579 10162
8579 10182
9716 10030
5278 10066
8579 10912
171 10077
8579 10304
8571 10006
6017 10007
8579 10193
4205 10052
7639 10161
9762 10608
3963 10147
9717 10834
4683 10039
4974 10007
2910 10242
1140 10010
4683 10094
7283 10033
2140 10205
1536 10405
755 10157
1536 10340
662 10033
8421 10007
9718 10787
2910 10195
2430 10033
8330 10033
3593 10058
3367 10020
3593 10026
6378 10404
9902 10033
2173 10026
8989 10007
3618 10267
6830 10273
1474 10057
2491 10060
6610 10007
8809 10053
2195 10041
6670 10077
7317 10155
2744 10232
6830 10034
9517 10047
1613 10205
4805 10506
7393 10020
3770 10056
2996 10177
171 10011
8401 10007
6460 10034
1754 10359
5170 10127
4256 10155
21 10245
8940 10087
714 10055
5170 10088
6080 10744
7691 10093
8117 10602
3866 10032
3687 10033
5170 10454
8694 10053
9658 10093
2710 10367
2611 10003
6830 10013
8182 10074
6388 10034
9174 10130
169 10285
1826 10008
8863 10056
484 10016
232 10034
4600 10026
667 10760
3305 10212
4351 10041
1140 10125
2506 10087
1950 10073
2497 10020
1327 10716
9564 10215
4626 10196
5005 10033
6018 10147
7870 10114
4776 10087
7902 10003
7870 10278
3890 10126
5532 10039
3028 10380
3147 10148
4238 10254
8727 10466
6862 10606
7292 10256
2805 10289
404 10223
7913 10447
1439 10033
3632 10179
4344 10638
5892 10215
5170 10558
5203 10033
7143 10007
4046 10011
2142 10098
425 10045
9189 10475
4344 10022
1148 10152
6614 10073
1894 10656
7032 10026
5170 10086
6049 10147
4192 10033
6212 10032
7010 10310
5170 10392
8841 10638
4655 10196
5922 10702
4749 10434
3865 10035
2040 10054
9616 10003
7585 10762
8428 10375
6940 10077
9742 10008
6244 10006
7456 10006
772 10039
8284 10953
8446 10003
9330 10584
7939 10602
5653 10454
1148 10039
3373 10356
1551 10666
6289 10033
6761 10033
1322 10108
9884 10093
2867 10003
6133 10323
3505 10033
2160 10020
2516 10006
7283 10001
1130 10167
6301 10032
2776 10020
2341 10003
4484 10034
2637 10190
9808 10020
4861 10064
8692 10143
835 10016
7004 10071
6435 10055
6249 10096
7869 10033
9618 10502
9208 10087
3457 10003
9677 10020
6670 10064
6344 10007
439 10844
7384 10014
1413 10060
7571 10025
3649 10033
2338 10060
5348 10834
62 10007
4118 10232
6693 10025
4684 10323
2995 10003
4118 10159
7384 10584
6778 10085
4667 10087
4522 10223
283 10248
7950 10091
6108 10379
9902 10295
6756 10001
8132 10148
8041 10060
1315 10044
4192 10496
5867 10219
5656 10661
2928 10221
3456 10105
9229 10054
3159 10003
7649 10465
8169 10003
5899 10271
3490 10025
667 10393
6484 10003
3505 10055
7649 10506
24 10018
7649 10315
6027 10242
6027 10014
7855 10637
4952 10127
6027 10113
6027 10467
3900 10139
4952 10392
2669 10245
7384 10472
6305 10053
5656 10466
9304 10052
8149 10574
6742 10254
1083 10177
3151 10423
7053 10086
2919 10003
3440 10066
4257 10003
1039 10718
3134 10032
6291 10164
7855 10417
1479 10021
7053 10088
4024 10205
6291 10171
1039 10093
75 10273
2657 10362
5776 10701
2657 10171
221 10657
4789 10033
75 10398
4280 10031
914 10034
8519 10117
6716 10054
796 10148
6756 10033
3075 10196
4002 10409
7427 10033
5217 10172
9863 10163
4627 10632
7654 10047
528 10073
413 10033
9715 10669
1649 10064
5963 10353
4432 10230
3236 10273
7916 10108
2095 10010
9902 10606
5961 10443
1588 10357
7649 10162
9508 10033
6778 10115
8519 10215
9980 10156
8840 10368
7651 10025
7709 10032
75 10073
9928 10033
7383 10033
7855 10584
8682 10716
484 10588
3869 10007
9992 10007
9970 10438
5244 10034
5891 10460
225 10087
5675 10032
164 10016
4066 10039
4801 10486
295 10499
3209 10115
7107 10414
5080 10700
6330 10239
6375 10007
6330 10266
6729 10049
4930 10736
7463 10361
171 10115
3926 10016
6447 10398
2505 10196
7938 10215
1243 10555
5482 10046
6454 10032
2210 10093
9910 10156
3724 10073
1332 10009
472 10462
4791 10077
9924 10507
3683 10089
6624 10061
4165 10034
3209 10853
2807 10032
3456 10020
404 10462
2496 10196
9410 10387
8475 10637
3209 10007
9326 10091
9787 10329
9326 10241
7510 10177
8201 10181
3990 10377
7411 10106
6431 10047
4332 10413
7405 10151
7353 10555
6217 10055
4438 10827
4031 10020
6431 10171
4116 10003
7941 10851
9420 10011
926 10322
731 10007
6770 10047
9063 10034
5080 10475
3636 10088
3636 10454
7941 10674
171 10771
164 10020
7525 10235
8620 10033
4645 10007
715 10523
6465 10034
3373 10051
2054 10003
6476 10217
926 10319
7 10020
4171 10160
8769 10252
944 10264
6746 10460
9147 10020
9582 10039
1381 10032
1246 10003
1333 10007
4763 10080
3444 10235
7978 10007
463 10196
3182 10110
6504 10395
9924 10359
6825 10052
9479 10007
2184 10003
1974 10006
1482 10144
1113 10342
8570 10091
3532 10080
9117 10051
7275 10075
6115 10283
782 10038
3990 10563
5770 10102
6115 10047
5823 10032
115 10039
4066 10529
7300 10052
1092 10378
5832 10135
8462 10837
8962 10003
4432 10248
7982 10006
8642 10437
5239 10322
5216 10204
7411 10626
1113 10058
6778 10375
7050 10055
9762 10475
6872 10033
817 10093
7295 10205
343 10177
171 10537
4695 10539
3294 10135
3327 10003
3941 10065
6451 10031
4811 10439
530 10036
3209 10020
5712 10238
2053 10033
6427 10353
8112 10009
8983 10169
817 10236
3164 10713
6259 10321
3724 10007
2657 10506
5074 10196
8938 10007
2484 10053
8227 10007
8285 10003
3613 10055
6661 10064
8112 10055
7370 10066
7649 10371
1172 10450
5698 10053
3451 10212
7128 10033
4656 10036
3990 10101
92 10147
6412 10147
6052 10020
6779 10148
2214 10033
102 10325
3333 10007
6905 10007
5704 10612
9326 10122
8443 10019
4542 10087
1121 10129
2662 10065
4338 10148
6607 10359
5704 10393
4582 10626
7521 10255
8807 10332
2766 10077
6607 10288
9422 10254
7950 10747
3209 10106
5582 10917
3310 10003
9712 10021
5947 10011
2970 10065
1238 10033
9804 10007
1195 10434
4791 10112
5744 10222
1820 10645
3373 10175
1156 10032
3462 10077
624 10263
1908 10097
6382 10238
7353 10803
965 10039
5458 10007
3530 10154
7377 10316
9204 10198
7649 10384
7353 10682
7901 10033
5632 10037
6395 10055
7353 10103
1156 10046
6504 10008
2635 10006
4796 10007
6607 10568
7353 10371
8929 10125
3295 10552
9321 10003
2684 10032
731 10115
6628 10071
484 10345
3599 10196
102 10148
2248 10003
3939 10033
9274 10368
3066 10130
2295 10065
9930 10598
3943 10234
1700 10450
5379 10326
4624 10638
4041 10018
1183 10453
3335 10039
373 10242
3231 10055
7040 10032
1561 10033
1390 10050
2261 10051
9962 10153
7411 10489
3043 10020
3209 10546
1776 10539
7082 10818
9830 10093
3455 10007
7358 10037
9637 10064
4276 10007
2766 10073
579 10011
7293 10041
3241 10071
588 10007
1588 10232
1820 10340
5765 10407
2766 10112
3339 10007
7172 10398
7880 10073
6509 10032
1588 10034
7404 10032
7172 10556
2766 10332
3545 10447
7404 10039
9980 10852
3236 10022
7430 10032
1106 10034
6427 10033
5987 10037
4865 10176
3287 10010
6504 10413
2766 10122
2913 10039
4098 10067
2261 10016
781 10034
3055 10150
4439 10008
2465 10135
2825 10199
4731 10032
498 10009
9204 10302
7898 10007
1113 10608
6302 10468
3451 10017
7709 10017
7898 10013
8261 10413
8841 10033
3289 10079
2465 10273
4685 10614
80 10093
7277 10246
6051 10007
8246 10108
7649 10340
3388 10054
6712 10447
7812 10077
1113 10304
724 10046
2997 10191
3190 10039
171 10020
7812 10539
3407 10244
6051 10006
3927 10073
8014 10007
171 10148
3892 10868
2169 10003
1613 10236
7744 10065
3286 10033
6738 10032
1239 10856
7715 10368
3295 10254
3190 10035
8451 10409
5935 10225
6481 10058
2279 10022
5538 10071
4727 10007
3063 10135
6589 10065
8932 10033
3857 10257
6738 10034
1157 10034
8225 10033
2088 10020
8199 10202
9646 10033
1202 10760
3287 10073
2023 10003
6607 10001
4097 10586
7691 10034
7317 10788
7894 10076
7639 10815
6668 10232
3189 10584
8261 10318
1416 10007
8216 10025
4221 10073
9102 10011
6668 10034
6328 10032
4899 10666
6935 10093
4664 10648
6709 10097
1798 10011
3660 10011
2484 10439
1138 10374
234 10211
6207 10032
373 10608
4100 10033
7390 10177
4232 10037
8859 10341
75 10039
470 10184
549 10085
7639 10301
5184 10125
1613 10001
9962 10205
9211 10035
6951 10066
6406 10033
8011 10046
5740 10050
15 10033
6318 10073
5206 10093
960 10049
6440 10020
549 10177
7290 10143
6318 10037
647 10091
549 10279
8281 10033
5698 10034
2653 10034
549 10051
2300 10007
9211 10039
8481 10073
7391 10055
171 10563
6163 10007
549 10236
4222 10780
549 10448
7688 10007
498 10393
9002 10093
8481 10020
284 10418
1195 10252
3039 10003
9336 10007
9211 10007
3338 10007
237 10835
407 10012
2076 10093
3497 10195
1892 10032
4289 10016
1392 10205
501 10804
6996 10306
7119 10143
1234 10122
4458 10261
6507 10322
5388 10532
4748 10781
8653 10110
6630 10025
5952 10241
4934 10179
2192 10036
4863 10007
2538 10003
4865 10086
2192 10094
5952 10038
4469 10088
7411 10020
9762 10735
1128 10093
5740 10130
7322 10230
6614 10154
7308 10090
7486 10093
1784 10020
9988 10032
470 10505
7886 10011
1410 10047
3428 10098
2564 10196
1617 10087
3727 10002
75 10007
9567 10073
2292 10003
9204 10673
5832 10564
2392 10160
4489 10071
3550 10195
6582 10093
543 10055
4897 10003
2088 10085
4501 10016
9612 10073
7496 10626
1584 10007
9761 10033
1310 10119
2729 10232
1105 10033
9980 10454
8562 10278
7982 10007
4731 10051
8682 10032
8640 10075
6582 10718
2599 10184
7887 10166
7418 10003
157 10414
2932 10003
8517 10060
6934 10228
6510 10065
9947 10696
9962 10501
9627 10003
798 10463
8556 10499
2735 10006
9947 10182
4642 10019
9947 10682
8556 10714
2267 10020
1195 10092
8481 10016
4636 10102
223 10032
9614 10022
1081 10057
3468 10375
5414 10033
9869 10389
171 10244
6199 10006
7702 10016
1799 10033
9762 10509
9988 10094
6330 10615
7808 10749
3873 10332
7960 10032
543 10054
2950 10190
9403 10047
483 10251
7413 10787
5602 10035
8750 10210
8587 10003
8653 10039
2913 10106
2393 10020
1598 10032
748 10091
7803 10032
3468 10073
3163 10112
3544 10208
3777 10007
3899 10344
5529 10007
6519 10007
6492 10007
447 10033
3582 10369
4578 10245
2798 10055
963 10147
5935 10117
7759 10191
4148 10556
8829 10184
1540 10032
4152 10011
8551 10007
214 10316
3802 10923
8267 10093
4406 10330
7868 10453
1774 10033
1588 10753
2256 10073
1588 10349
7397 10007
828 10278
2088 10225
6343 10298
8676 10108
9414 10065
7245 10050
7085 10173
6253 10694
8868 10032
6466 10558
6343 10135
3295 10091
4274 10753
4075 10006
8233 10583
7120 10264
6055 10110
6111 10017
9265 10007
2710 10101
1533 10383
4536 10003
4587 10766
4732 10114
3169 10441
3943 10384
5231 10215
252 10007
8457 10016
5722 10269
4454 10547
6722 10382
4695 10719
5130 10586
9403 10165
4295 10034
1035 10082
9830 10178
30 10229
643 10077
295 10637
8987 10146
4703 10341
3787 10003
5393 10007
2724 10587
3873 10122
3873 10077
5225 10087
4833 10033
7545 10064
2913 10626
7466 10125
5053 10443
627 10040
4287 10409
1089 10087
3333 10034
3651 10054
7544 10033
8489 10414
587 10386
817 10881
6609 10007
407 10033
4483 10009
587 10001
8300 10491
1342 10025
4523 10007
2825 10012
6055 10039
5712 10025
484 10169
9762 10576
3025 10053
757 10175
8481 10556
7591 10753
3420 10056
6501 10758
261 10110
4521 10007
4069 10007
662 10254
8699 10020
214 10093
9362 10087
5282 10219
3303 10751
6522 10380
1347 10034
1613 10057
1243 10145
9552 10274
3303 10007
6170 10155
4035 10020
6295 10197
5748 10216
4319 10110
872 10066
5767 10017
9403 10162
197 10409
4295 10007
5963 10341
3583 10212
2818 10063
274 10034
3169 10041
5126 10245
4967 10055
4997 10792
8528 10093
1490 10007
4552 10633
4436 10013
1777 10093
8662 10204
2913 10073
3962 10022
8179 10764
8036 10630
6698 10007
9570 10714
5772 10009
4170 10007
6420 10006
4131 10238
1130 10064
3943 10584
3583 10017
4039 10016
6520 10379
9865 10033
6379 10071
8380 10183
657 10297
3553 10045
9827 10358
5266 10003
6522 10330
3162 10213
8679 10718
4325 10073
6716 10792
72 10047
8190 10011
4696 10055
6759 10007
4764 10501
6687 10033
9762 10516
8457 10184
4601 10055
4098 10804
8833 10073
3071 10070
164 10223
7499 10461
7080 10007
6522 10550
6825 10298
4075 10257
9928 10223
5832 10456
3141 10245
3393 10007
8025 10454
5686 10818
6429 10388
164 10248
5504 10393
1460 10318
1499 10060
7557 10667
6457 10073
6123 10105
8249 10392
4541 10087
7924 10045
1453 10271
102 10277
6431 10014
1911 10073
164 10175
3143 10555
6431 10168
6531 10007
7926 10787
9830 10177
9875 10032
9081 10496
3975 10034
4209 10034
7411 10722
4842 10114
1162 10196
5687 10003
2913 10398
963 10196
4805 10311
1537 10088
3143 10183
2095 10393
6014 10064
650 10196
3468 10033
3376 10114
7859 10006
9930 10001
9803 10120
1691 10003
9317 10020
5000 10176
7401 10025
3499 10162
6521 10219
3499 10170
557 10003
6697 10155
4358 10130
6203 10245
6553 10165
6553 10368
8464 10020
3169 10032
4353 10162
4353 10182
4353 10192
6940 10254
2557 10172
5892 10020
6362 10613
8457 10176
3499 10920
72 10234
855 10064
4598 10214
9895 10032
3879 10087
4504 10071
2466 10196
4319 10007
9403 10234
1143 10007
870 10007
8108 10064
6001 10269
6031 10657
3862 10033
7272 10153
8402 10555
6399 10007
9570 10528
9449 10073
5696 10003
1004 10691
2532 10016
2369 10105
208 10016
1414 10020
4931 10269
8284 10311
1415 10155
4844 10159
1070 10874
9317 10428
3797 10007
9552 10457
1127 10007
1234 10153
3570 10006
4844 10035
7367 10065
7298 10698
6558 10009
3344 10007
3753 10039
4425 10007
1984 10316
3468 10312
5291 10007
9442 10020
3524 10034
9827 10636
2950 10031
7411 10461
1263 10017
3575 10032
6001 10236
1470 10447
8868 10273
1625 10199
3642 10007
1233 10608
1233 10162
4548 10087
5686 10472
8505 10143
4623 10031
9928 10017
1070 10441
545 10055
8679 10001
9980 10041
9733 10481
4793 10118
3295 10440
843 10299
5225 10283
4783 10033
484 10553
7377 10265
4993 10032
8795 10399
2405 10003
1070 10363
4765 10238
3263 10621
8292 10212
9798 10648
8530 10003
8521 10033
8952 10143
6362 10337
6522 10505
9340 10093
3263 10862
4105 10969
8303 10003
4068 10093
615 10239
2795 10039
875 10017
6722 10020
1488 10453
7940 10017
38 10316
2557 10301
9567 10115
6789 10219
9685 10224
2566 10038
4898 10026
9934 10366
4931 10057
4898 10058
9538 10147
2164 10061
8464 10073
856 10023
3836 10003
4495 10011
8553 10124
4490 10289
1263 10414
5290 10077
1754 10017
4584 10008
448 10033
9626 10020
38 10203
6819 10310
6464 10212
967 10217
3970 10448
1348 10052
898 10212
1651 10155
2557 10514
39 10025
1873 10003
8451 10017
898 10020
9798 10055
9934 10834
2993 10003
102 10299
8553 10820
2557 10338
4836 10006
2338 10153
3066 10487
3358 10058
164 10093
9403 10368
388 10817
1005 10388
5610 10880
4402 10407
7906 10339
6525 10035
5129 10816
3909 10055
4630 10330
1233 10613
9552 10616
1827 10025
9928 10093
2557 10643
8519 10020
4622 10031
898 10093
1233 10404
9992 10093
9511 10006
9570 10242
953 10711
3295 10041
1589 10093
7223 10161
7444 10041
3858 10032
414 10007
9827 10342
7720 10935
4973 10089
2017 10071
9930 10536
6511 10541
6511 10016
7711 10091
2557 10195
5225 10014
6511 10091
6913 10041
4402 10792
6611 10033
6047 10115
3935 10033
6480 10093
2842 10353
7711 10033
2906 10180
814 10115
5799 10093
7223 10234
3934 10071
4522 10075
7550 10007
5801 10016
870 10006
5284 10007
8 10007
2557 10015
9694 10007
326 10003
5722 10410
6052 10034
8650 10332
7610 10147
3449 10071
7567 10147
114 10006
6031 10694
4558 10089
8707 10003
3358 10026
8454 10088
6772 10020
9934 10273
1427 10039
6173 10216
1427 10034
3669 10003
914 10093
2401 10033
4687 10163
3873 10132
563 10003
4049 10162
3295 10775
2249 10339
5013 10033
1890 10091
2853 10038
4182 10263
6657 10341
4049 10371
5663 10006
5679 10473
5663 10032
890 10033
2906 10016
8684 10255
6581 10378
6608 10510
5831 10033
657 10230
2992 10254
8181 10007
8223 10031
586 10119
3738 10165
5663 10035
3635 10704
6711 10731
4937 10032
1289 10212
3738 10369
6031 10135
1536 10516
8482 10034
3667 10094
4182 10191
8120 10254
6031 10093
6760 10398
6365 10051
8368 10003
2373 10204
6396 10016
1078 10007
2935 10003
7411 10416
5507 10129
8085 10031
9295 10614
1794 10036
8464 10163
3547 10414
3365 10055
9403 10182
8011 10009
221 10130
9992 10450
2856 10006
4337 10007
4806 10034
5103 10003
9552 10371
1081 10020
6040 10032
1776 10125
779 10180
5507 10633
9081 10375
1536 10389
9560 10003
916 10034
5141 10007
9410 10648
9570 10503
2068 10136
4478 10071
3335 10160
4042 10007
957 10273
4714 10501
8781 10033
5859 10061
957 10418
9827 10637
3131 10196
208 10118
1453 10077
3748 10766
4921 10089
3578 10148
934 10331
2673 10017
2567 10154
774 10011
748 10698
1172 10008
8733 10377
4612 10071
3511 10349
3732 10032
506 10228
7411 10418
4647 10087
2677 10087
8505 10066
3753 10176
4855 10108
1344 10108
3226 10461
4049 10457
1835 10033
6653 10029
8795 10393
9602 10624
491 10418
9340 10153
4500 10128
6933 10041
9948 10146
8536 10282
898 10196
1287 10212
6831 10316
3607 10195
189 10007
6426 10150
2046 10866
7547 10033
2369 10020
4326 10087
1263 10020
6616 10065
4579 10087
7497 10405
6635 10842
7151 10646
4979 10034
5595 10227
1183 10711
7497 10171
9896 10007
1418 10653
4289 10325
1233 10182
7497 10608
9948 10164
779 10153
721 10023
343 10033
7497 10601
3911 10407
122 10011
6110 10558
7497 10204
3786 10262
6110 10088
7961 10007
8011 10270
5165 10151
1562 10115
3015 10026
4132 10230
7357 10087
2441 10098
7450 10012
9948 10584
6287 10196
9788 10077
4105 10073
4390 10578
8137 10191
5388 10007
4965 10604
5627 10054
1699 10495
2552 10033
4477 10006
9992 10265
1229 10393
4676 10189
4875 10268
2906 10020
3591 10090
4956 10212
3279 10152
9539 10003
3372 10719
3503 10060
3160 10007
8651 10020
9953 10429
4105 10540
3732 10033
4591 10003
3486 10091
5044 10020
5027 10035
3688 10120
4226 10524
6542 10472
5595 10008
4535 10793
1679 10106
5027 10006
7112 10042
8029 10282
3274 10003
8672 10049
1070 10357
1362 10047
4172 10147
7940 10787
7540 10090
8214 10283
8214 10185
2766 10260
3446 10508
8329 10007
4467 10127
8524 10032
3157 10033
4463 10216
2964 10196
1382 10003
2913 10085
9896 10028
9948 10405
9010 10266
1229 10065
2444 10060
164 10051
1904 10073
329 10003
144 10091
2530 10491
7496 10083
211 10070
1261 10399
5135 10007
702 10003
4217 10008
6114 10031
2645 10007
4746 10447
9738 10007
254 10033
7141 10007
6858 10003
3946 10384
9222 10077
4880 10035
338 10034
7677 10108
7003 10007
2651 10616
4019 10033
1038 10148
240 10034
7521 10539
8817 10020
8496 10091
4803 10736
3284 10022
1157 10079
587 10020
587 10073
4692 10330
6039 10007
9010 10239
1038 10020
3579 10030
2671 10025
3536 10066
9626 10536
4586 10155
5595 10148
3373 10093
7377 10539
6578 10593
4706 10093
2897 10003
6874 10382
5070 10194
6116 10007
9840 10032
9317 10093
6728 10012
3724 10054
8890 10033
3969 10071
7190 10007
1788 10177
7331 10034
434 10033
488 10177
3308 10007
8011 10011
641 10115
6768 10353
1083 10093
1038 10008
4775 10039
724 10653
3566 10019
4589 10033
5033 10033
5557 10009
1014 10073
8654 10096
530 10413
164 10203
6390 10034
8305 10025
157 10043
5007 10147
8291 10552
8428 10073
7594 10194
6062 10088
6346 10148
8519 10055
1229 10020
3400 10011
3253 10011
9626 10406
392 10164
5156 10020
371 10007
7422 10717
3750 10077
2441 10318
6058 10691
5008 10016
2557 10404
5973 10007
7677 10016
269 10020
6415 10105
2037 10196
2438 10006
5728 10221
1956 10033
7978 10006
6446 10093
8957 10020
1813 10007
5031 10007
7721 10086
991 10333
302 10148
5244 10399
6204 10033
7721 10088
4766 10445
7988 10153
4404 10020
1183 10148
1649 10025
7721 10510
2563 10413
3466 10075
7730 10017
6448 10054
4836 10035
292 10020
7584 10017
4527 10238
1680 10007
287 10007
934 10092
3009 10162
3009 10182
580 10346
193 10873
9216 10393
6637 10007
3779 10115
443 10030
4670 10212
226 10267
6874 10058
4050 10007
2936 10084
6505 10277
6414 10155
6679 10128
9423 10007
992 10245
7502 10009
599 10332
3035 10093
614 10071
8030 10070
1616 10053
221 10033
7521 10010
934 10428
8332 10177
827 10022
2566 10556
6874 10115
4527 10025
7421 10128
4015 10047
7613 10217
7958 10316
3472 10126
1487 10033
1157 10055
1351 10003
7392 10177
5635 10097
8519 10950
2667 10073
3289 10056
9592 10033
724 10017
2574 10139
6758 10020
4678 10017
843 10033
4558 10129
4382 10115
132 10025
8414 10032
4715 10148
1023 10007
8001 10033
2577 10003
712 10196
9909 10541
7031 10048
9930 10165
7097 10148
7677 10045
4973 10109
2438 10893
479 10093
2369 10093
5232 10079
52 10033
4835 10283
2438 10764
9965 10227
4988 10092
5120 10115
176 10033
4175 10087
5323 10071
4835 10047
1072 10649
6789 10066
9988 10834
915 10316
4413 10093
4659 10027
1788 10065
8292 10169
1072 10130
