8227 2742
2076 644
903 437
1647 214
1333 800
4645 832
524 264
2746 830
4847 175
4848 855
2251 321
1078 480
226 168
76 100
4849 366
422 271
1402 24
4240 507
68 41
4813 792
284 417
3857 805
4214 826
221 507
58 53
2426 680
4840 751
2153 366
483 288
1305 41
4850 175
1492 807
4814 854
3485 856
221 36
2353 41
4851 175
4492 175
296 645
318 660
4852 457
4853 842
4753 579
4854 175
608 129
4845 842
4855 175
608 253
3974 184
4856 33
4483 837
4857 175
232 171
4858 175
1877 509
169 130
4390 33
4676 847
1905 219
1492 336
4390 445
1802 23
3857 816
393 255
4390 321
997 510
1844 175
134 113
4859 20
1042 469
371 275
221 742
557 338
3743 857
524 483
498 533
1828 211
4860 704
119 842
3442 468
804 15
1827 20
4390 366
3694 845
4861 743
1127 764
3238 175
4862 175
1397 366
526 283
4863 175
68 429
4864 855
277 645
1955 628
2923 585
1710 338
1386 532
1257 731
2198 175
79 41
2119 121
608 202
1167 175
1024 347
4273 175
879 427
423 123
423 366
831 175
997 687
4273 807
2443 72
4865 20
1920 347
2836 714
4866 175
2344 852
4867 175
205 176
1905 143
2887 679
4793 175
4859 845
1074 685
2356 321
3772 585
762 312
4868 858
493 175
547 641
371 30
4588 352
4869 304
4870 350
1696 123
1680 821
17 649
247 186
214 757
312 226
4057 350
493 184
371 321
68 842
664 41
2864 363
4871 736
4872 842
806 68
546 288
608 826
1802 322
1806 756
1356 401
127 107
2442 87
2342 737
22 736
4873 736
4339 87
4346 736
4874 579
981 184
3886 511
366 245
1710 322
1680 845
535 483
870 87
2729 704
2078 175
4875 10
611 723
17 52
1074 829
4876 736
4645 756
600 143
231 58
286 852
2016 636
4082 736
2488 728
460 94
2069 614
3472 34
4877 55
4752 16
1291 517
2576 680
4878 832
88 773
1686 163
377 579
4879 143
863 420
4880 842
557 343
4881 842
3749 795
2294 464
71 460
4154 823
108 360
4882 579
460 234
4883 736
2265 845
1952 264
3964 812
2442 129
4002 351
119 102
4884 483
108 234
1033 736
4885 450
105 33
2442 14
2069 690
437 196
174 24
867 175
1810 736
1680 23
4886 842
539 175
1030 464
4887 175
239 281
341 38
4888 37
539 842
443 127
4889 736
4890 366
4019 579
3591 175
17 131
2146 350
22 131
615 745
3028 106
250 430
649 87
4888 280
68 751
379 251
2794 500
1164 322
261 366
4891 120
4892 14
3061 736
22 14
938 104
1493 280
609 148
4207 109
36 175
2092 819
476 679
552 412
4688 736
4751 350
476 622
687 412
63 321
437 853
4403 842
3358 221
63 467
4747 350
3851 628
353 143
2092 817
944 22
335 15
335 679
4599 818
335 622
4893 421
1114 719
1087 613
1779 842
335 690
304 222
218 162
4894 845
1179 154
1179 109
1179 179
1139 477
4739 348
996 845
4895 120
68 352
2216 355
535 347
656 214
3865 806
3259 87
4325 175
506 355
18 637
703 318
475 483
2397 477
4738 179
1616 821
18 17
2092 122
4896 143
2107 122
4897 477
4898 525
68 826
150 205
517 406
3966 321
49 239
4866 184
465 282
3681 848
1251 413
579 50
3777 13
4899 842
4900 418
1139 122
4901 477
4902 131
691 418
318 842
1870 617
3329 728
1137 499
1971 122
640 352
2003 752
4903 131
1804 818
4904 122
1862 175
3436 264
4774 460
2988 725
93 80
4905 337
1181 484
4906 68
4907 175
78 18
68 845
3849 175
4908 579
430 108
632 346
4909 23
4910 845
3743 455
512 300
1376 460
476 690
3495 579
3453 275
532 175
596 66
4019 175
51 179
2637 845
4019 275
1874 24
4911 579
1046 842
421 364
2606 652
4912 14
4506 845
2916 39
1595 184
935 352
1412 175
2365 592
2196 597
1673 57
2925 641
935 507
3302 412
1139 734
4791 449
631 162
697 842
255 341
2577 449
678 471
51 92
3845 802
4913 579
4914 579
1492 398
3453 30
17 30
678 734
1906 18
1984 611
4429 208
684 111
4915 842
938 709
2428 525
221 564
2520 10
878 426
712 337
684 213
136 734
221 656
1543 579
1505 226
4916 321
123 104
4917 852
890 628
935 842
4027 131
2111 554
1139 281
853 845
952 340
4413 234
467 350
2871 347
2143 430
1046 360
4225 175
4186 203
1692 5
146 579
3497 842
477 381
1139 819
4918 20
849 372
849 414
1117 111
2887 842
63 320
36 184
190 15
264 202
2525 447
1134 292
635 175
86 61
378 250
2136 650
449 188
4085 660
22 350
1066 350
1798 134
182 139
4919 34
4920 779
2251 320
1906 283
3194 188
1906 87
4921 184
2136 781
248 188
1666 140
4922 256
678 543
342 343
1717 594
732 14
220 175
4534 507
3532 347
4923 23
2196 128
1068 478
2240 747
1448 57
342 347
4540 292
4924 545
4925 364
2893 30
1139 543
4085 743
501 690
4382 399
86 57
4926 839
4927 842
259 197
4928 56
87 724
411 25
4041 749
4929 842
165 22
2877 845
1600 38
4930 845
1148 280
4085 213
142 851
443 174
142 179
321 824
1148 642
4785 851
4154 819
644 175
959 26
4632 845
4085 196
319 184
4931 649
635 183
4932 50
1182 819
321 405
1182 817
4933 852
571 717
4934 111
1760 736
4935 58
2781 65
1139 817
4936 779
2781 108
683 236
179 136
675 184
4937 481
2196 73
1665 586
1086 481
72 108
346 666
3365 748
4085 842
3713 791
655 747
4938 348
4939 184
346 396
160 481
4052 458
2933 859
4940 597
725 246
691 597
4207 851
4941 74
3965 666
4085 545
346 242
346 388
4603 827
481 756
1082 779
570 184
1719 435
400 340
4942 134
400 590
1139 733
4943 851
68 188
118 100
1710 458
4944 140
335 235
4945 374
1164 240
117 99
4581 579
1912 68
2996 14
1036 188
802 373
698 184
346 50
1026 690
66 817
3503 660
346 314
883 374
3503 818
1036 851
4633 67
697 859
4946 10
257 408
918 184
779 362
107 544
2232 715
712 471
4947 538
17 192
472 283
611 597
68 314
1182 733
224 166
2943 362
2878 120
68 468
959 253
4948 622
3853 804
4344 579
508 312
762 125
3453 130
472 101
1087 760
736 378
63 609
1274 127
2990 175
2366 655
233 855
233 585
233 832
1087 694
1287 388
2517 240
4949 646
1287 284
1602 23
4950 358
3841 163
2587 16
4951 374
761 175
233 174
233 473
233 725
4952 34
608 46
233 816
1816 602
4953 34
1296 41
361 204
430 609
233 108
95 109
645 163
2414 859
4947 515
95 179
2708 703
4954 204
4955 519
1066 35
233 628
233 358
382 253
233 500
1590 104
233 806
1169 497
432 184
4956 734
4024 58
3004 184
233 283
40 832
4957 68
17 679
2825 457
1646 350
4958 175
1876 142
233 668
233 380
725 385
233 544
233 553
233 837
768 90
233 434
208 154
3813 496
233 826
4959 21
1399 382
1025 450
1215 38
2133 34
233 344
233 565
207 728
233 41
774 111
233 643
1911 87
1733 690
233 352
725 622
40 553
124 105
1215 259
233 818
190 350
233 226
4960 860
210 399
233 120
716 638
197 148
2275 664
195 119
4085 507
538 315
3270 175
233 290
4085 596
233 856
4961 374
17 374
171 22
4772 501
4085 678
4962 188
627 646
1981 842
4963 37
248 842
3963 680
183 140
2997 501
2629 140
343 221
4964 579
40 579
56 52
2000 213
207 67
4965 210
800 34
4085 578
822 217
391 60
951 412
2394 660
285 399
4966 408
4967 179
285 210
3231 308
76 726
1202 337
2270 845
1202 471
285 638
8 66
3882 132
4968 842
646 319
2571 304
285 792
4969 859
4970 859
4971 122
3880 286
417 849
884 429
285 501
4972 184
4 503
4645 579
3237 327
1052 473
4665 845
63 184
4678 818
1981 361
1212 211
1655 342
1703 734
4085 384
4055 804
4973 43
4401 14
2536 60
233 45
40 849
842 411
1182 734
1202 734
1168 496
233 184
17 859
289 215
1552 842
285 396
233 852
4974 131
156 859
233 28
267 579
4975 859
4976 851
3290 60
233 202
1878 347
712 734
1577 87
4977 859
4978 859
3611 639
749 580
4979 859
4755 365
4980 859
225 167
2049 429
4981 128
1591 343
2717 184
349 21
4982 519
185 142
4144 807
233 104
391 97
347 40
1501 492
1828 40
2790 496
2217 184
1702 8
4428 818
287 59
4983 90
537 792
628 820
2240 610
206 282
214 159
977 713
4984 859
90 78
429 184
164 399
4985 859
109 507
285 209
391 421
285 394
4986 310
2240 106
388 255
2177 653
388 301
1257 508
1259 365
4781 845
1702 184
73 733
73 734
73 543
73 819
537 826
73 817
3404 735
4987 620
39 259
4988 550
1044 278
429 59
162 341
4487 838
4989 851
4503 501
4990 192
84 34
487 764
2240 153
2038 507
3060 781
1218 745
181 90
39 111
4991 399
562 59
1206 507
164 126
4992 179
4993 845
506 56
808 234
4994 365
4660 628
410 67
506 304
292 624
628 327
39 34
2989 294
47 44
4995 141
896 435
2154 651
4055 861
39 38
4996 467
611 141
2590 571
3426 772
1046 184
3870 666
2225 658
68 435
4776 324
199 203
270 205
39 709
400 510
3436 774
1608 440
1629 405
3224 728
4997 376
4998 22
400 784
1624 575
4459 421
39 213
418 251
2531 693
4999 842
4109 656
373 819
2304 733
4633 862
39 623
68 361
68 275
4109 407
989 387
659 806
872 423
2031 100
4590 380
5000 842
964 453
5001 161
630 164
417 285
2213 845
461 192
5002 713
242 184
5003 408
5004 129
1363 350
509 298
639 408
353 320
36 145
413 73
919 313
2671 444
2040 612
164 556
1804 14
1103 322
5005 143
1897 87
4658 845
997 784
353 240
2841 596
3210 87
1775 598
4137 601
311 649
1131 483
948 446
1983 851
737 198
5006 799
164 168
1219 665
22 807
9 8
1394 153
337 233
4999 360
303 256
581 145
3912 778
5007 842
1031 465
1215 86
2103 842
835 336
17 851
1629 824
623 444
39 139
581 184
5008 845
1682 851
1442 842
2121 407
346 231
5009 859
5010 234
938 824
2141 77
1001 483
5011 87
5012 35
938 405
5013 467
346 128
4766 842
1296 424
4800 580
1983 154
5014 842
1789 728
5015 374
487 842
68 220
4779 109
5010 360
608 855
441 859
485 17
829 81
114 97
333 56
5016 192
2103 407
5017 665
3519 213
671 855
4766 821
2887 22
768 213
47 515
239 376
1958 807
3896 842
68 860
4266 807
1519 859
354 56
5018 309
178 135
3756 850
17 807
5019 14
5020 807
1130 305
907 435
2376 676
346 294
4736 138
327 665
148 56
2012 845
601 747
3764 785
2441 15
2192 655
68 81
5021 357
2007 633
591 408
68 859
68 164
484 842
5022 91
17 91
4738 154
2182 404
1039 467
5023 360
591 337
5024 234
5025 327
5026 239
5027 507
967 709
5028 859
5029 421
52 859
782 597
870 496
5030 41
311 215
364 441
72 131
5031 175
3592 271
5032 509
420 807
2290 58
3757 136
509 327
5032 14
3084 723
5033 143
2079 350
5034 822
623 155
2131 360
343 538
2013 14
2079 94
400 687
3504 441
5035 401
5036 842
345 238
422 8
4016 842
875 424
423 765
5037 807
319 163
17 818
4447 169
2031 849
5038 175
2711 851
5039 184
2079 234
2711 179
2839 96
5040 851
342 335
2558 28
311 16
4725 489
1778 33
167 421
1419 112
1804 545
346 450
119 184
98 313
5023 234
119 827
5041 396
3348 463
559 85
5029 398
4213 612
167 364
122 18
4248 41
3348 532
5041 284
1373 134
5042 220
887 239
5043 859
286 81
2640 545
68 837
1252 402
440 278
5044 160
5045 387
3148 112
4033 129
4634 10
2344 863
1705 68
159 123
5046 845
5047 845
79 424
2115 184
3706 26
68 827
3351 590
475 256
3402 366
2012 20
5048 283
3114 104
5049 431
3890 376
4016 20
1055 39
1276 367
181 198
1348 141
4334 845
1348 70
1912 22
608 861
268 204
1348 160
3921 859
1301 81
5050 184
608 708
5051 336
1259 357
2129 648
1259 226
4945 140
148 336
1259 335
1114 488
4725 420
1389 320
3981 669
5052 184
1334 524
5053 184
17 725
4586 239
2659 17
5054 842
256 175
3052 347
1070 417
5055 347
2708 123
5056 30
2491 510
5057 250
430 63
422 603
1679 184
5058 725
4 498
373 281
5059 862
1975 350
870 184
187 14
5000 231
3135 299
994 407
5060 184
430 274
5061 725
2753 173
5062 170
3935 396
5063 14
2734 706
504 297
2708 170
4 843
1506 274
5064 299
5065 163
997 590
5066 666
2093 725
3108 336
1301 863
3108 14
17 350
1810 105
3046 443
3681 46
3108 592
975 374
5067 70
5068 590
5069 756
2429 219
2973 20
1677 225
5070 304
641 353
5063 456
974 184
488 14
5071 851
271 396
5072 862
3159 125
13 457
1136 492
213 38
1671 553
997 457
1892 184
5073 8
1432 128
5074 118
5075 41
4213 457
5076 17
17 417
5077 736
5078 374
997 848
125 199
125 656
2434 637
870 299
4688 864
374 125
230 169
2973 220
5079 443
5080 276
3507 457
966 199
5081 396
2153 187
591 590
4538 839
5082 227
2434 17
530 792
5083 509
969 160
3208 509
3712 590
1343 865
3507 12
552 396
5084 331
17 331
2468 677
68 14
1442 280
4739 350
2157 859
340 118
4018 260
2451 412
2807 490
866 421
8 7
1023 363
476 859
5085 114
1270 350
2396 677
5086 851
921 429
1754 299
1221 507
5087 101
5088 509
1432 242
1381 20
721 358
5089 467
5090 842
151 69
1283 101
2098 666
2867 175
532 417
1662 585
1649 227
1019 271
5091 299
3046 160
5092 31
3833 324
1785 544
5093 253
1013 842
277 91
5094 851
5095 340
5096 244
68 239
2580 304
1244 511
4710 429
5097 506
3070 800
494 294
68 385
441 227
2580 227
5098 226
901 48
691 449
5099 355
47 538
623 260
5100 646
496 164
623 420
1921 851
5101 353
2627 851
2146 68
1791 101
2249 859
5102 723
2816 322
5103 866
68 70
68 173
578 715
5104 865
448 163
3484 758
1179 475
4748 552
577 326
935 758
50 72
4633 842
421 862
1711 842
5105 775
3445 412
3195 305
483 14
476 68
4674 72
534 184
1012 70
2128 861
1268 424
51 154
309 225
5106 558
17 558
5107 654
68 758
1856 558
5108 294
476 289
51 851
3502 863
517 301
1726 585
1435 583
1726 681
50 377
2456 288
95 66
5109 234
68 154
2279 641
142 154
555 320
2898 590
405 51
5110 22
2881 320
2442 299
5111 33
5037 33
1562 338
3229 751
22 33
603 170
1856 33
484 490
2578 851
3141 590
5112 25
2365 363
3482 859
5113 120
2132 154
908 288
5114 215
12 769
95 243
1818 589
5115 261
2879 338
364 243
5116 579
3014 261
146 756
4451 579
2946 261
1060 439
633 543
5117 287
579 25
4178 44
374 247
5118 504
5119 7
5120 867
5121 842
423 821
2078 34
5122 233
1791 179
307 396
1029 463
1959 507
417 637
1495 376
4633 791
2499 255
5123 42
1806 579
96 83
2092 471
5119 123
2811 506
5124 868
2042 108
364 7
17 412
2708 239
2708 449
8 243
1308 453
4803 353
1363 240
4568 579
5125 360
241 862
5126 579
335 292
5127 431
335 74
400 538
335 84
335 234
40 814
335 324
8 869
1980 365
68 488
5128 481
17 481
5129 424
1778 416
40 473
63 247
5130 386
5117 104
750 660
17 16
963 452
5131 412
1726 856
3082 30
2840 116
3448 243
417 254
16 22
601 68
2131 507
1972 601
2365 192
1400 534
40 816
1772 486
40 733
40 543
5132 30
3866 40
717 579
3199 412
5133 818
534 869
5134 842
4724 412
1958 40
846 412
2092 726
398 119
142 475
1726 68
494 396
960 431
2110 114
5135 579
2605 111
4325 783
3385 313
5136 859
2810 180
492 869
5137 399
4027 622
871 377
2944 589
578 88
1726 413
1726 160
1184 377
5138 579
1726 309
2408 863
535 579
2881 134
1906 129
2429 14
477 842
3663 449
1860 814
3057 140
2803 413
2110 188
1376 449
445 88
5139 865
3565 713
2881 412
1726 208
2522 227
3189 412
492 243
1726 847
3173 40
979 283
5140 865
535 313
68 129
1049 471
524 287
5141 499
177 134
68 814
4581 499
3995 412
2923 861
3646 690
3091 112
5142 129
22 129
5143 870
1521 203
1796 324
5144 20
1796 289
17 353
5145 22
1443 129
5146 87
5147 579
3692 26
1992 845
3411 301
4307 160
607 148
110 299
5148 91
5149 862
148 277
5150 129
1373 695
850 415
1005 434
449 14
2939 746
101 88
3091 41
1906 253
1635 163
2608 507
5151 243
4250 481
5152 50
4085 694
1131 470
671 413
861 322
499 507
1997 630
2544 260
5153 68
5154 299
2650 227
1325 489
524 579
54 25
2119 41
68 166
5155 653
894 434
5156 579
5157 20
1031 871
2130 239
4218 345
3691 790
4085 858
3011 192
5158 68
1376 275
5159 449
3921 234
423 275
5160 122
5161 68
43 869
71 756
5162 851
5162 179
775 130
866 398
1014 869
717 458
4292 865
769 299
1375 186
2608 495
339 534
996 869
5163 365
3856 44
4825 235
5164 174
5165 192
2577 64
5166 677
68 865
5167 872
22 449
4218 39
2534 206
221 859
5168 622
2781 859
335 130
318 869
683 37
335 236
983 278
5169 408
5170 859
423 550
2289 667
5171 579
22 690
5172 821
1171 470
4085 588
697 68
3587 70
5173 134
1376 30
1411 304
684 824
22 567
17 55
1375 567
4318 715
1023 129
335 22
5174 821
1284 516
447 567
5175 859
5176 851
2555 574
4635 329
3252 755
3241 851
4355 579
5177 23
954 206
48 45
954 832
5178 851
598 449
68 120
1333 873
590 869
678 337
339 539
107 310
954 735
772 123
196 509
5179 874
4681 845
1171 449
5180 281
5181 175
2355 226
1925 851
4085 653
954 325
5182 23
189 46
430 144
1066 425
954 330
2948 461
68 869
68 226
221 495
954 375
2365 68
3434 366
2252 184
954 681
5183 120
3812 681
1314 507
1485 107
611 68
5184 447
3532 736
72 144
954 204
772 620
611 494
5185 396
3085 20
1148 490
5186 348
2731 384
749 396
1778 116
996 660
4085 404
2069 792
2978 601
233 648
658 184
2399 495
912 449
4446 864
233 160
5187 526
2749 376
4070 628
207 202
68 660
233 509
160 89
1036 660
233 736
1571 19
233 842
1036 818
3613 872
233 800
233 713
233 613
322 239
5188 875
292 140
5188 42
233 243
233 441
233 791
233 143
4538 30
319 145
319 91
233 660
233 507
3249 783
233 868
233 620
233 360
5189 68
4085 716
3812 744
3752 791
5190 509
68 872
5191 174
5192 579
1244 814
5193 472
1970 174
387 19
5194 875
2697 626
795 46
5195 743
5196 22
627 554
4085 683
2781 77
570 34
5197 22
536 314
199 142
5197 567
1247 728
1943 234
5198 36
1885 619
1621 573
2921 721
145 49
772 507
233 859
233 256
4085 620
5199 68
5200 417
233 87
3755 579
5201 239
4895 862
4085 872
4148 822
532 174
267 116
1397 779
612 338
2158 818
3612 876
4085 140
4085 231
5202 50
233 147
4635 869
2336 410
2127 292
68 667
233 804
40 509
3004 579
68 628
3270 759
1974 567
1185 759
5203 579
4176 532
4019 192
1527 845
4019 123
5204 325
5205 74
5206 869
771 387
4019 104
2170 58
3081 630
5207 458
4019 239
267 832
346 35
2230 239
40 622
1970 74
2777 153
346 56
156 484
4974 108
4382 162
3124 585
109 506
575 235
611 458
5208 50
5209 875
611 325
4085 142
233 756
5210 63
4154 122
2264 591
5211 845
3324 864
5212 243
233 131
5213 312
967 111
611 38
611 301
1952 679
5214 43
3025 39
1204 19
835 219
3146 579
5215 312
218 399
3800 459
2708 459
274 138
68 39
1761 765
3039 123
5216 865
1043 301
1270 399
5217 250
3347 571
3863 374
3311 612
68 861
303 475
303 281
303 626
303 819
303 337
3756 869
633 477
1288 35
3351 612
5218 658
4085 405
4085 824
5045 875
4085 122
1185 175
1046 348
1206 325
17 458
285 626
429 145
5219 132
1670 186
4085 58
480 862
1306 490
5209 42
5220 196
5221 507
5222 507
1803 207
811 157
22 492
5223 236
175 626
3603 574
5224 544
1183 571
303 769
107 92
5225 723
5226 458
1716 294
5227 666
284 33
1599 536
1778 472
1258 734
2306 526
3891 358
76 612
238 876
5228 612
2647 347
5229 877
5230 128
969 141
5231 865
2306 670
1434 348
423 56
5232 191
5233 457
414 267
1716 242
4772 399
4672 109
285 162
5234 851
285 22
3203 376
213 139
400 848
371 227
5235 227
303 837
1284 845
3349 873
5236 876
5237 73
305 141
3180 716
1317 179
1317 851
3676 184
17 134
1339 184
4261 574
365 443
442 277
1261 552
1971 471
2304 281
145 350
1971 337
5238 22
5239 852
2128 804
5240 376
3031 145
1046 33
3852 737
611 157
1046 456
506 50
675 845
3398 396
5241 376
3313 762
5242 851
5243 532
330 184
285 68
2082 666
819 400
5244 348
675 145
2818 869
2361 667
5245 804
379 727
5244 376
2138 875
1709 55
2138 134
527 859
4635 845
2812 712
5184 875
5246 244
1321 494
895 265
759 384
5247 301
418 727
2168 567
5248 878
5249 818
5250 737
103 534
371 63
5251 179
17 869
2396 875
737 259
347 818
506 305
285 184
5252 78
826 845
2648 700
3198 132
3390 702
3390 421
5253 215
22 292
3367 308
1772 534
608 804
5254 348
5255 198
1280 41
1772 452
2564 845
2923 232
1988 128
5256 308
285 133
1350 169
5257 737
623 762
5258 376
5259 325
4736 14
115 348
5260 17
509 681
218 394
2131 401
547 869
480 376
4657 348
3641 470
3726 792
1327 96
4156 539
5261 376
22 134
1235 404
3014 818
2012 869
1276 845
5262 875
5263 571
3387 259
5264 150
5265 660
3462 776
5266 348
327 762
5229 376
4015 869
509 58
934 431
5267 244
5268 347
746 16
267 756
5269 351
1087 605
5270 134
2341 160
68 96
3474 585
2744 177
1682 869
68 40
5271 348
823 457
68 375
920 861
5272 766
5273 175
5274 612
5275 421
2889 354
5276 376
2458 131
5277 341
2172 710
819 119
1435 368
2658 457
1321 522
2956 277
5278 394
2697 423
5279 754
462 184
819 86
2697 394
5280 134
5281 869
5282 175
5283 832
1364 479
5284 105
5285 766
5286 591
116 763
596 413
782 423
1670 746
1458 851
5287 33
5288 590
934 673
1492 765
5289 873
5279 682
5279 795
656 326
5279 192
640 879
744 63
5290 141
5291 880
969 443
870 763
5292 467
5293 622
68 206
3363 169
3302 186
3217 750
1505 449
4215 328
1601 325
5178 179
5294 881
5295 411
5296 348
5297 579
4248 645
5298 637
1271 420
450 348
5215 873
1780 595
5299 882
4075 137
2365 56
5300 804
997 702
2992 109
5301 33
21 625
2928 716
1821 604
5302 5
1047 191
1780 806
448 250
5303 57
17 57
1219 431
4517 783
5304 883
5305 134
329 76
5306 418
935 748
5307 401
5308 134
514 324
68 137
68 864
421 112
2627 109
4839 350
5309 15
1853 331
994 348
951 301
284 390
3977 23
5245 861
4030 335
2825 12
2495 134
199 162
2172 865
730 134
327 349
1863 529
1219 349
327 224
5310 348
5311 859
5312 601
17 601
2863 12
1024 338
284 318
5313 496
865 351
5314 551
4030 357
430 247
5315 120
5316 136
4030 226
4314 831
1371 587
3591 872
5317 842
974 869
437 551
5318 798
420 765
375 248
8 821
1066 355
1219 420
2153 585
1007 239
22 186
22 98
2708 725
2078 348
3141 849
437 355
5319 348
5320 750
5321 682
3005 72
2741 552
591 848
13 432
5322 350
2962 134
1219 489
5323 351
5324 845
2708 574
5325 178
22 574
1314 725
983 215
124 137
3299 129
3963 179
739 490
22 38
1572 23
277 490
5326 30
335 289
3501 274
1670 351
5327 410
3249 178
210 410
1925 109
1925 179
5328 797
2466 625
196 14
2678 323
5329 308
3861 244
502 131
5330 748
623 489
398 763
5331 376
764 274
5332 348
2350 429
3480 746
664 348
3210 33
5333 143
1218 831
72 65
5334 278
5335 849
497 68
4334 34
1766 596
101 715
1970 278
5329 33
1449 391
22 459
3532 184
5336 765
5337 348
346 284
1795 149
5338 449
1985 362
4804 335
5339 690
935 654
5340 376
423 219
5341 348
5342 376
4443 852
277 666
1321 884
5343 875
1076 479
5344 34
482 396
2083 119
1879 615
5345 132
68 475
5346 714
2923 845
5347 348
262 348
1036 725
5348 376
890 498
1040 274
1279 398
342 110
5349 274
5350 116
1724 475
5351 120
5352 737
17 737
193 146
22 264
4804 226
5353 283
5354 110
71 832
227 622
5355 510
630 231
5356 725
4060 277
5357 873
5358 348
5359 467
2928 424
5360 418
3168 188
5361 175
1722 575
573 65
1543 313
3472 690
1448 313
80 226
5362 33
68 348
5363 852
535 354
5358 376
5364 25
5365 869
4804 282
1147 415
17 551
608 762
4 885
518 673
80 302
5366 34
752 287
5367 826
63 144
4752 460
4804 71
5368 745
5369 23
50 348
1740 211
195 147
5370 646
163 240
5371 23
5372 30
5373 376
5374 869
26 340
1647 490
1860 826
717 756
5375 33
5376 544
5377 361
5378 470
5379 886
42 40
867 348
403 263
68 33
2654 862
5380 376
5381 299
2573 792
5382 859
5383 350
1259 574
5384 321
1448 483
139 472
3890 877
5385 832
68 308
2032 452
5386 875
2032 486
5387 545
1089 887
2555 736
535 85
307 294
1261 869
646 869
328 34
328 90
387 356
4329 859
2346 323
5388 673
5389 592
5390 264
5391 865
5392 832
5393 376
996 184
5394 748
5395 33
1686 37
611 832
5396 348
1066 191
144 177
635 376
17 832
5397 417
5398 690
39 147
1373 450
5399 348
281 68
5400 250
666 204
3762 798
3707 608
5401 417
4140 250
625 288
71 608
4936 826
1342 283
5402 138
17 219
7 96
5403 758
1071 322
195 157
5404 184
935 869
437 91
5405 608
3567 865
608 193
1069 351
3701 149
5406 818
963 486
549 622
4116 574
4085 814
17 574
1959 14
5407 44
5408 134
3514 587
3203 877
5409 68
5410 875
5411 430
1154 690
826 743
1819 287
3203 348
466 23
1789 479
635 877
4390 68
4941 227
3515 544
1405 63
209 155
608 657
535 558
608 741
167 68
60 55
4124 357
3567 318
1036 24
61 56
1754 348
4329 323
5412 888
1840 11
4091 357
5413 227
1059 869
2483 348
2923 123
2566 789
2176 456
1119 489
2548 354
2483 376
1139 650
5414 875
5415 379
68 592
518 344
1139 718
5416 348
1188 33
3543 85
5417 832
3238 832
2907 762
1139 711
912 23
4085 172
5418 845
17 550
4742 366
2602 396
4085 813
1534 623
66 281
3537 313
2202 550
892 865
2925 869
1317 154
3979 470
5419 93
611 821
167 344
611 766
104 90
181 709
5420 574
5421 690
559 483
5422 582
68 90
75 129
2541 845
5423 748
216 161
65 61
3344 763
752 680
5424 247
912 507
5425 14
912 690
3609 86
731 14
227 509
162 125
5426 845
5427 376
5428 174
3518 875
1652 389
5429 557
5430 374
5431 348
4085 585
3491 889
823 281
328 230
5432 875
2141 313
144 354
1531 555
5433 304
144 558
