8227 2744
1666 140
356 345
3046 443
4158 112
4159 821
3882 132
17 112
311 215
950 258
3592 112
3912 778
17 765
1130 305
150 205
1665 586
1089 808
656 326
3879 411
285 399
68 775
3880 286
4160 51
4161 666
4162 646
1435 583
4163 765
674 332
17 666
675 821
806 821
2803 413
1139 281
2306 670
273 172
2394 660
374 30
2306 526
806 525
795 46
3598 775
3612 335
1663 666
3715 91
4164 765
1460 443
484 666
178 135
917 390
3080 787
4148 822
3612 646
3592 114
4165 174
68 332
2049 429
714 370
3507 457
1139 819
2623 303
268 204
374 247
1719 435
1034 825
199 162
1189 47
3507 12
675 184
374 609
289 215
1599 536
4166 239
3966 30
374 144
994 407
3612 560
2264 591
4167 404
2258 38
68 40
4168 414
308 228
382 253
4139 399
998 88
1257 810
4169 33
17 33
4170 821
735 821
849 414
4171 152
76 100
2930 722
894 434
3979 647
340 118
1702 8
4172 412
1024 647
2711 154
4173 23
47 515
574 325
2179 456
3911 132
963 452
2884 193
4174 821
4175 822
3517 560
3717 49
1722 575
3348 532
1185 119
635 376
951 412
400 784
2063 821
525 307
400 340
1791 18
4176 532
1511 499
347 818
3313 762
2503 532
963 486
98 313
2728 396
367 318
76 502
2825 457
4177 114
4178 457
1971 133
2953 81
2340 202
195 147
2953 165
893 244
237 178
2953 93
4179 646
716 399
4180 432
17 432
4181 821
4182 821
388 406
1820 357
1169 497
1244 814
1333 523
1671 553
4183 821
440 278
4016 821
596 66
2830 184
521 303
4184 564
4185 321
3281 601
1764 821
483 492
1386 532
997 457
2259 662
4186 211
1647 796
412 266
4187 91
1058 426
4109 585
4075 51
1889 299
4188 322
400 510
3677 776
194 68
268 631
1189 796
2281 334
3540 780
1443 26
4189 260
1068 478
2708 492
4190 184
4191 818
716 638
1550 560
317 796
3916 597
1367 821
400 538
2855 732
3966 23
1984 611
4192 509
292 624
2136 781
445 286
270 205
4193 25
375 248
2783 647
2708 25
2863 821
2196 821
4194 509
4195 660
4196 506
3148 112
492 821
4197 91
4045 51
952 340
4198 10
492 243
3981 813
2136 650
1676 114
4199 646
2192 655
4200 112
2710 347
1438 278
736 378
101 88
4124 357
498 533
849 428
433 643
4201 401
1613 729
4202 239
4203 239
636 349
4204 46
226 168
3930 10
2196 112
366 245
4205 294
2697 399
1905 219
3722 30
1804 821
2708 112
3426 772
4206 284
68 33
305 141
3788 509
4207 109
4206 242
4208 821
2220 283
537 91
1206 325
443 271
4209 223
601 334
4210 30
2478 730
601 747
3857 816
68 88
2790 496
61 94
1096 485
1591 343
4211 134
935 495
935 492
2028 550
512 300
1684 42
935 564
364 821
364 243
448 163
935 656
4068 660
4212 318
4213 457
3227 10
2023 155
230 169
2728 155
4214 826
2446 460
4215 328
1443 253
371 322
1206 821
4216 10
68 223
4217 205
4218 765
1970 826
549 15
472 283
1074 685
3227 19
371 467
2816 34
430 609
401 192
1259 574
870 223
4219 10
277 666
2608 507
4220 302
4118 821
2836 74
4215 391
4221 78
4222 818
1778 744
1584 661
849 372
4002 351
762 125
3070 732
1775 598
4223 821
4224 318
1212 211
319 34
935 507
4225 827
994 827
2143 631
3088 59
3941 660
225 167
4226 821
500 821
2115 184
974 821
3812 681
210 345
935 821
497 826
1820 574
400 345
4210 275
1705 68
4227 821
3714 406
532 499
256 821
17 827
4228 184
2093 827
517 406
4001 232
1942 827
1206 507
511 660
795 47
8 66
1084 742
1761 765
374 125
2134 821
4041 749
44 42
3379 219
1148 642
4001 624
1734 25
4229 765
1057 827
4106 444
1023 363
4230 821
775 302
445 451
4230 36
1355 208
41 39
232 171
13 12
13 432
68 646
1024 338
2923 827
4231 160
658 827
1024 458
2153 460
4232 784
969 160
1024 335
1136 507
4233 660
4234 776
3358 221
3383 770
623 444
4137 601
2973 20
4 498
429 184
3222 294
331 116
68 451
4235 68
4236 821
935 58
2602 396
2923 628
487 827
1143 821
935 294
3915 396
997 502
17 10
4237 361
2836 714
1245 544
3108 19
4238 827
2076 644
1350 18
271 827
4239 350
2940 660
1816 602
532 140
1044 278
423 46
285 560
559 350
4240 507
285 638
8 243
2198 184
660 326
2794 500
3905 708
1467 541
2576 680
4022 294
2403 401
4178 44
1277 821
1857 734
1179 109
2110 384
1857 543
2226 277
2408 81
1980 491
2294 464
2134 544
526 283
371 275
4241 225
4242 821
3231 308
144 177
732 14
1552 779
600 456
4243 51
655 747
79 363
98 483
174 24
509 298
1202 337
1810 105
1202 408
264 202
2177 653
644 827
442 277
1680 23
430 125
4244 417
2060 656
4245 376
2962 396
3379 143
2374 308
2146 250
4246 560
3183 647
4247 26
4248 821
623 489
1785 544
430 247
54 50
3236 737
3031 184
532 194
4249 10
68 644
1324 168
1752 813
2512 579
997 784
4250 89
2230 544
4251 821
4252 361
532 492
169 130
925 37
3295 51
925 250
1552 39
2436 184
364 7
4253 799
2087 818
4254 12
443 174
4255 660
364 441
541 184
1140 184
22 219
1087 605
423 242
17 492
2007 633
445 205
4256 340
4257 828
1271 420
22 492
4258 52
330 184
912 10
4259 112
1052 473
95 109
831 184
1378 544
4260 318
4261 334
1793 821
903 437
2252 184
17 318
4262 428
4263 51
7 0
483 318
165 33
4264 57
497 318
1013 318
134 113
389 256
2144 184
2863 544
764 247
3890 376
2320 821
2350 429
17 585
17 375
1023 129
303 313
22 585
303 399
2974 333
4265 713
1074 829
3162 743
4000 361
318 765
4266 364
2746 830
4267 821
4268 513
2627 109
3645 510
494 294
3134 741
483 364
4269 184
2908 660
2321 672
476 68
476 289
890 307
2654 827
1877 509
4001 814
1220 184
476 22
2816 322
327 665
977 713
1952 679
3360 821
18 17
4270 112
4001 511
353 143
4271 723
2469 688
4272 702
4273 10
319 184
948 446
140 774
959 26
1959 507
4274 305
1495 376
442 305
4275 723
3072 723
2206 312
2032 17
2003 752
4276 460
2444 684
4277 723
2923 745
4278 821
842 411
4279 16
2444 108
4280 308
1058 172
2356 321
3978 20
1066 284
449 196
45 14
398 356
3691 790
2447 827
4281 793
4282 396
430 684
1802 23
1469 542
1363 240
570 184
588 821
1857 475
3124 585
325 229
430 144
40 256
480 666
4005 43
39 38
539 827
4001 619
4283 327
1629 405
4284 26
4284 253
889 260
480 827
4285 647
40 199
4286 194
3474 585
3692 26
552 821
4154 823
4287 219
4288 513
3363 169
570 299
2148 282
3892 809
1982 713
2442 299
630 164
45 332
1990 413
2866 184
934 431
1131 483
3452 39
4289 290
4290 579
2881 192
4 503
2672 233
4291 579
68 827
1861 616
127 107
611 458
611 335
1943 234
3061 579
90 78
68 821
2442 114
1109 363
1188 112
80 129
422 603
1860 826
785 392
1259 343
1972 601
1997 630
2434 637
3130 112
611 723
737 198
737 259
335 289
335 74
221 507
335 22
2988 725
764 609
221 656
826 338
649 87
221 564
221 495
870 116
609 148
335 324
221 742
879 427
3587 70
15 14
4292 827
1181 484
3458 325
4293 723
1313 431
2448 314
4294 417
4295 390
93 80
3254 756
4296 821
4297 827
4298 219
3029 145
3161 713
1005 434
1710 338
3084 723
4299 308
4300 665
4066 144
4301 51
2137 714
4302 332
535 747
578 715
3320 791
2137 597
4303 474
1066 450
4304 507
2992 109
1210 481
423 130
4305 256
497 822
4306 37
623 431
2230 128
687 412
4307 160
4308 404
2608 495
271 306
1042 469
2557 697
36 145
883 374
1894 412
4024 58
4309 660
4310 396
4311 181
526 101
608 528
557 335
705 368
623 290
2110 114
1284 516
4312 116
972 244
4313 396
123 104
4314 831
1046 74
3761 797
4315 16
3436 774
1363 355
72 144
3129 299
3964 812
1435 368
116 580
2202 116
2232 332
1173 469
4316 184
4317 666
3385 313
4318 715
4319 467
4320 509
2092 819
1884 691
68 434
4321 821
205 152
96 83
1182 733
68 300
1569 284
1371 587
4322 93
1202 819
36 184
1111 223
4085 441
3865 806
4116 334
981 184
63 467
4323 491
4324 361
3611 347
2174 642
609 630
1111 49
2174 787
4325 783
938 824
1137 499
4326 713
572 186
718 396
2399 495
56 52
2946 363
1251 413
1726 419
3857 805
4327 112
17 143
4328 58
145 49
4329 65
1089 482
1376 51
494 396
4330 821
17 120
1114 488
2921 721
762 164
17 491
22 143
4331 16
1339 184
68 725
2110 120
4332 460
1259 365
4333 250
993 788
499 656
772 554
71 688
2946 261
4334 275
1448 499
1726 310
4335 579
196 363
4334 30
703 208
1726 338
4336 756
4337 396
78 18
63 144
72 65
4338 509
162 125
78 101
4339 299
4340 579
482 827
1127 506
1779 499
411 513
4340 756
1543 579
122 18
22 499
730 143
4329 323
557 343
1562 756
403 263
4329 77
2577 579
1854 49
675 145
4085 33
68 219
632 346
730 491
4341 579
4342 579
4343 756
4344 579
3840 112
1521 100
4345 579
995 579
40 778
243 579
3792 579
4346 579
1753 579
4347 579
1171 579
4348 822
3121 660
4349 10
318 660
248 256
2365 56
58 53
692 579
3285 822
4350 396
3146 579
2577 116
938 709
1402 24
678 819
524 287
1171 756
4351 579
4352 579
146 579
4353 756
17 116
4354 50
4355 579
2526 184
2137 116
471 645
4356 14
1004 813
4357 579
4358 666
423 579
3061 832
4359 756
117 99
4360 579
4345 116
4361 184
4085 619
1543 483
4362 579
4363 579
4364 666
421 14
1101 531
1562 832
125 116
2595 499
1417 299
1869 483
4365 336
116 30
1806 579
4366 821
4367 579
4368 579
3772 585
4369 2
1004 826
802 373
4370 737
3229 751
3061 116
2119 121
2918 240
3845 802
535 313
198 833
2553 347
4371 294
4336 116
4372 709
2771 608
182 139
4373 579
1925 109
224 166
535 579
4374 116
4085 343
501 246
611 116
4375 174
4376 15
1970 174
557 338
918 184
3565 713
1892 184
4085 60
557 747
4052 458
4377 818
1036 14
2098 396
2588 591
22 116
2249 246
2885 10
189 0
4378 756
2248 467
4052 747
2312 457
1221 564
1182 734
1562 347
4371 16
4379 112
1221 507
4380 525
22 112
4381 244
4382 399
912 160
3559 237
731 0
670 305
4383 450
22 36
761 579
2746 246
3386 756
4384 579
160 89
449 587
4385 36
1139 733
4377 660
3922 219
4386 579
4331 417
659 321
4387 58
68 531
481 579
4164 116
3849 184
660 605
1343 507
3850 192
291 160
1778 116
434 275
4388 68
3561 10
4389 579
4390 131
4391 579
4392 68
496 164
1139 734
1373 134
3861 646
731 68
1476 579
1139 543
2807 490
2650 467
4393 164
750 818
2365 443
3853 804
475 256
717 458
749 515
4394 23
4395 252
761 14
1672 321
4396 219
481 832
156 396
4088 114
198 114
4397 294
1183 571
3851 628
684 111
4398 70
63 321
210 675
3716 16
3716 364
481 756
387 19
1432 614
4399 321
2141 143
3442 468
233 88
4400 756
233 749
844 396
107 544
683 37
86 61
4401 14
1066 758
4402 756
4403 756
1066 309
684 213
4404 467
773 236
233 605
233 460
60 55
233 681
2119 821
233 507
4405 579
1179 154
66 817
4406 244
4407 337
4060 294
233 313
233 628
40 536
4408 458
179 136
233 283
233 586
233 778
51 92
1557 563
4060 396
233 772
233 646
4409 360
2505 112
9 8
118 100
233 660
741 332
233 413
233 392
233 743
4355 483
1066 58
4410 261
250 430
233 672
233 643
1066 256
233 213
233 266
443 141
1117 111
4411 822
4412 21
40 628
4413 234
233 51
233 160
4096 507
233 78
4414 321
233 544
880 44
184 418
68 579
3446 628
727 373
4415 579
309 225
4416 308
365 244
68 713
40 553
40 299
443 160
259 197
17 131
1568 565
1600 38
2240 610
4417 401
255 341
365 418
3858 329
2240 106
1819 287
40 397
658 184
646 821
4418 308
611 109
361 204
1552 51
826 369
95 66
365 443
22 375
4419 401
318 818
124 105
3483 821
4420 220
938 405
3036 821
22 68
3060 408
1607 811
739 431
1531 555
285 133
3060 781
1283 101
104 90
1277 42
318 579
443 70
1686 163
3060 543
2275 664
1778 554
218 162
1392 7
1590 104
1586 605
4421 355
197 148
1586 822
3011 192
40 3
799 763
2536 60
4422 114
611 574
4423 14
2674 734
39 213
39 111
4424 215
1392 243
4425 401
1803 207
2240 639
3349 276
2674 337
287 59
4426 114
1184 763
1103 646
343 538
104 358
342 338
291 131
3919 799
39 139
4427 45
768 90
410 67
4428 818
4429 239
285 210
274 138
1703 734
768 213
3213 325
4430 666
231 58
4431 0
611 174
3270 759
145 622
1258 122
4432 443
3016 40
4433 662
4434 111
4435 650
4436 821
4437 818
3404 735
4435 100
3344 763
480 424
611 277
2841 596
4438 308
506 355
4438 456
22 456
2037 515
1853 332
4439 579
181 90
68 818
285 396
39 623
136 337
49 239
1206 377
4440 81
4441 821
136 408
611 21
907 435
4442 398
343 221
997 510
3612 357
51 109
4085 662
506 56
611 114
4085 490
506 443
2151 413
4443 321
2628 756
1802 322
3450 775
2668 162
73 821
4444 506
73 67
73 828
73 721
2668 203
3173 40
244 106
4445 77
4085 811
2111 554
1607 512
267 579
4446 197
1711 593
4447 169
4448 818
2695 467
267 832
291 77
1252 402
73 818
4449 832
2531 693
608 73
2659 522
4109 30
4450 56
1868 608
220 164
2040 428
2040 819
1381 531
17 240
1367 361
1296 834
4451 579
1233 119
2103 827
2154 651
1233 400
811 157
4452 12
4434 38
4453 646
4454 385
4455 152
623 665
602 765
4456 417
1279 398
3833 413
4457 116
73 312
73 733
73 734
73 819
2648 700
4458 12
1202 471
8 821
371 321
4339 579
837 407
346 231
2046 10
3613 646
3563 821
4459 421
3175 423
4340 832
4460 793
509 104
342 343
1686 37
76 726
617 342
2839 96
3878 701
1316 521
2277 116
196 509
2277 483
3613 835
4461 305
4462 30
919 313
768 111
286 81
4463 646
3874 646
1951 357
172 131
3467 282
1983 109
3467 71
4464 506
1337 401
199 203
4465 467
4240 495
1274 127
4466 143
1055 39
4467 22
552 396
2833 91
4468 579
429 145
4469 215
4470 294
3880 535
1055 345
666 204
151 69
920 443
488 14
342 110
819 157
4471 756
277 91
742 737
3813 496
3266 525
1492 336
819 119
2196 205
2928 716
2840 116
311 16
345 238
537 244
4472 825
1492 765
2334 292
1716 50
532 614
4473 361
4474 579
4475 61
285 22
17 61
2729 704
407 51
64 60
1024 343
4475 112
3841 163
4476 68
573 65
340 215
641 401
69 143
676 65
1219 529
506 50
401 622
3871 196
1804 818
104 421
31 308
4477 277
4076 61
4478 411
4479 20
4480 116
823 457
4481 321
4482 836
2775 765
1826 606
3685 489
1663 398
1992 753
4483 837
339 39
4484 116
354 56
476 679
3928 758
2833 780
3985 456
664 220
3998 553
2344 81
1828 211
4485 112
4486 116
4487 838
2365 827
532 277
1296 41
4488 579
2376 676
2105 112
559 579
476 622
68 467
3896 492
476 690
1284 643
1342 821
1804 660
559 483
68 116
4489 579
1277 10
4490 532
4491 299
17 649
45 662
1029 463
423 143
3646 690
4492 196
17 55
4493 120
2158 818
4494 55
3367 253
2138 198
4495 361
1392 361
1798 134
4496 579
4497 601
845 198
4498 765
4499 184
1310 51
393 255
788 203
4500 660
4501 112
3209 367
4502 198
17 198
4496 756
4503 675
4504 198
68 143
2079 163
497 198
83 836
2054 751
4505 14
2448 192
518 673
2388 361
731 14
4506 401
3943 58
1717 594
4507 320
3453 275
1222 418
400 687
1667 35
997 687
4508 250
1148 490
4509 253
474 60
1506 150
4510 579
3605 68
1214 308
88 76
4511 149
461 192
4512 649
769 299
68 308
221 36
311 649
695 187
1114 719
4513 839
2683 15
61 56
4143 401
4202 46
3390 421
4514 184
3326 329
4515 112
388 301
1647 490
13 457
1863 529
2829 109
4516 579
547 641
1058 303
951 301
2110 121
2353 41
3448 243
2110 112
119 102
4517 641
764 684
256 194
935 758
1176 396
4518 628
68 121
4519 184
1710 458
4520 196
4521 507
3871 91
4522 242
353 320
2734 706
1277 177
1709 55
4523 220
3028 335
3147 184
379 727
17 539
623 155
1276 539
331 98
2493 532
4524 528
4525 579
1218 831
3595 132
4526 146
304 222
1542 678
379 251
400 590
4527 420
442 676
1724 154
4528 818
108 234
3966 275
4529 89
4530 840
68 211
1740 211
4531 100
4532 601
87 724
1306 490
4533 219
4534 564
2706 821
277 490
1071 322
108 94
2595 219
4535 579
1655 342
4536 187
2520 10
1424 312
144 287
4537 153
1280 324
588 579
1090 242
4538 839
1925 179
4539 412
2820 579
235 322
1716 231
1046 363
4540 68
961 396
3348 463
1828 220
89 592
2121 407
3905 622
4541 184
68 839
1334 524
3206 112
3132 723
4542 597
562 59
1596 361
4543 579
1184 756
79 41
4544 130
624 344
4545 179
532 220
2132 179
3874 690
3874 579
4546 579
1179 179
3437 611
884 429
4547 825
2973 818
537 478
1973 196
3453 30
983 723
4548 77
4549 821
557 334
537 243
1506 108
4550 841
1800 59
437 196
3386 579
2092 337
3793 91
4091 153
3080 642
268 479
4551 680
497 579
2776 649
437 91
4552 329
1397 119
4553 143
2535 273
3874 143
2092 650
2194 600
4554 467
4555 747
687 59
4556 179
697 758
1013 747
3715 506
1577 10
485 290
636 290
17 579
764 108
4557 579
1992 361
4558 579
535 483
4500 211
611 736
4559 579
1975 514
328 96
1219 665
4560 461
4500 220
3681 458
4561 412
3905 84
3749 795
4562 564
2196 564
328 230
2196 33
1436 260
581 184
4563 579
4564 299
4565 46
3238 299
1382 131
2279 641
4566 578
1376 10
3681 579
2196 579
4344 756
489 387
1684 140
2098 256
68 96
4567 163
3070 800
579 25
17 51
662 322
2599 696
4568 579
615 745
611 46
4569 579
4570 184
2375 344
1317 109
4571 694
3302 412
4336 579
1906 283
1731 515
3757 507
1008 179
1423 322
545 520
2028 116
579 467
4572 68
484 184
4573 748
68 220
2878 211
89 842
4574 661
545 39
4575 509
2069 622
1257 508
1442 539
1087 613
4576 690
4577 170
81 29
2121 155
125 579
4578 806
4579 184
3502 39
423 656
4 843
4580 646
125 16
4581 579
4207 179
2357 184
774 111
2848 821
819 86
3365 748
4582 283
4583 322
611 283
1724 179
2285 304
4584 275
1314 690
3481 263
3755 579
584 184
678 817
678 733
421 112
2923 460
1697 520
4585 112
796 601
2811 506
421 33
4586 41
983 24
4587 661
53 215
4588 352
721 358
4589 579
4590 380
4591 579
68 783
2202 417
4592 795
4593 579
43 821
1105 431
1829 579
4594 350
2939 746
2557 221
870 211
339 520
1411 247
1173 197
402 352
17 130
678 471
656 214
1314 350
4595 579
1521 239
2893 30
1299 46
1694 358
4019 579
129 109
4596 208
2978 601
4597 138
465 282
195 119
4598 374
935 352
4599 818
22 322
336 496
532 374
4600 14
861 322
4601 404
954 743
2365 355
4602 535
3866 40
4603 827
499 835
959 253
3613 770
3264 737
48 45
499 507
2196 449
826 619
4604 106
4605 23
1562 343
4606 579
1066 128
1139 817
2925 641
3682 564
524 264
3249 783
1562 338
2143 430
1458 179
2365 793
4607 404
2092 817
4608 321
4609 835
248 188
54 25
4610 219
3004 184
1710 322
335 690
3121 713
4611 302
4612 579
17 329
2287 35
335 15
4613 184
3716 194
492 742
1411 304
335 679
3716 114
640 352
1949 99
2571 304
3043 709
4614 219
17 219
3794 149
684 405
975 374
2625 447
476 74
4615 338
2216 467
4616 550
1721 679
499 579
4617 10
4618 579
1880 673
804 500
244 343
1870 617
938 104
938 213
646 319
198 550
3544 717
4619 733
4620 51
1448 57
4621 756
4622 579
4623 184
4624 10
603 170
535 153
4625 347
3495 579
4626 294
17 36
3495 660
1872 506
402 844
1140 294
4627 177
678 734
4540 84
2146 187
4085 613
1373 450
4534 507
156 36
1535 209
1004 400
156 143
1188 319
3154 125
4085 420
2230 418
1897 184
2234 845
2626 177
1173 28
4085 745
675 845
492 845
853 845
2365 592
4628 579
1778 263
1385 579
4629 243
2367 174
4630 131
2878 660
2863 845
631 162
493 184
2964 304
179 841
4631 329
3244 742
4632 845
4633 788
17 68
782 418
387 323
17 317
535 347
2953 528
387 187
4634 10
4635 845
163 321
233 111
829 81
4636 845
480 845
2810 563
4637 845
3182 40
1950 347
4633 67
4638 625
2877 845
993 280
2878 120
4639 507
4640 756
612 338
2879 338
3237 318
4202 208
1189 271
233 763
233 112
2402 715
1961 42
3081 630
2092 733
450 845
4641 234
272 207
4503 501
216 161
2092 734
1733 690
4642 845
4643 213
4644 459
156 61
4645 756
7 96
1185 451
181 845
1025 450
4646 108
1257 731
997 414
233 841
233 840
40 814
997 372
815 145
1215 119
2595 459
4647 385
4648 629
1343 845
4649 10
1778 846
233 53
4650 20
233 735
233 14
233 571
4651 10
4652 737
285 209
233 822
233 690
4653 845
2623 211
2595 696
2214 118
136 733
4654 260
3823 134
1367 845
233 585
620 170
285 394
233 229
233 770
233 525
233 616
233 826
303 650
4655 818
233 579
233 116
285 162
1202 733
4656 361
233 469
40 369
40 24
109 361
233 838
500 10
233 758
233 818
233 639
4630 318
4657 41
1968 629
3461 404
267 470
2678 417
1513 24
1119 489
267 85
2373 123
8 7
4658 845
1076 479
4659 294
4660 628
104 771
4661 41
4662 534
3088 506
1182 819
537 818
3855 845
209 457
3899 845
3507 779
4663 385
3650 763
1182 817
4664 716
1527 845
4663 144
17 144
1235 845
350 385
1284 845
3060 817
3635 431
350 144
537 840
537 721
4665 845
4666 407
1940 217
104 845
2240 747
1985 362
17 625
1935 579
4667 384
86 57
17 384
373 819
4085 187
214 757
4668 758
4669 507
3393 184
1610 418
4670 756
51 475
66 819
616 340
4671 390
4672 845
531 311
296 645
1611 819
3581 20
1305 41
183 140
4673 645
4674 744
977 441
2761 10
4675 20
859 845
859 92
1674 623
335 622
896 435
704 177
509 74
4676 847
1185 759
17 74
4677 404
1558 404
3574 645
73 630
73 601
285 350
208 154
615 585
4678 818
285 501
73 605
4657 412
4679 813
73 202
73 69
2137 605
2610 459
1647 214
353 240
1854 223
73 543
2825 100
2103 412
4680 845
1786 848
4681 845
2671 444
4682 845
371 8
17 41
1635 37
4683 848
4684 314
4685 842
835 183
4686 845
892 23
88 433
4687 842
931 48
2591 842
4688 842
4689 842
353 304
2133 34
4690 842
487 842
1971 842
1183 842
931 544
4691 842
4692 467
2133 842
4693 459
4694 842
73 290
4695 842
1761 842
1641 842
4696 842
4697 525
4698 44
4699 842
371 30
4700 539
4701 184
477 842
1493 184
1831 842
2114 804
209 155
1951 842
635 183
4144 807
4702 814
4703 807
17 807
2948 461
4704 842
4705 842
4016 842
167 807
4706 842
4707 87
2356 467
189 46
4708 842
1349 401
1733 679
356 317
2103 406
4709 842
1448 350
506 304
4710 429
509 22
3612 458
509 184
4711 842
4712 34
1219 420
4713 350
145 350
3302 350
4714 842
4715 350
3025 842
2441 324
4716 350
484 842
898 152
167 49
697 842
285 792
4717 143
517 842
4718 324
4719 839
517 255
4720 55
2203 22
3994 842
3748 842
4721 292
4720 68
4722 842
4709 108
2012 20
4723 845
2128 842
588 41
4145 842
2012 845
4724 350
4725 489
4726 845
4727 308
291 350
4728 305
1029 532
588 845
4729 842
1333 800
417 637
3072 842
349 21
4730 842
4731 431
782 622
4732 179
2711 179
4733 60
4734 350
1970 196
2843 715
4735 580
4736 842
4737 579
4738 179
272 104
17 310
1823 364
17 350
181 350
4739 350
1235 404
167 219
4740 318
4741 350
3828 350
4742 842
4743 183
3316 410
4744 350
4745 350
731 183
2277 350
1754 327
1217 408
331 842
4746 842
1810 736
3652 41
4140 350
2196 494
285 845
1224 842
3893 41
4747 350
4748 69
68 804
4464 459
4749 326
4750 842
3528 779
2031 100
1663 550
2098 184
4751 350
1219 95
3398 294
539 842
4752 842
4753 579
573 192
4754 350
4755 365
2441 350
4756 845
417 849
2228 659
1614 571
167 579
291 68
4757 842
4758 818
4279 114
4759 842
4760 842
119 842
3782 68
754 845
4761 439
4762 525
61 360
4763 842
476 842
61 234
2447 842
2708 375
3592 347
727 78
4764 579
1663 140
1853 136
4765 324
68 756
3105 642
4766 41
4764 550
4248 184
681 361
3139 499
68 826
22 140
2426 680
1231 431
1519 818
1853 436
1320 394
3592 449
4334 845
4767 131
4768 417
2230 30
2016 636
4769 68
1060 439
3992 842
4770 467
4771 194
695 842
595 842
4772 501
4773 842
167 361
4774 460
1268 621
148 550
678 337
4775 850
4776 622
1078 480
4777 842
4778 842
1878 347
2834 10
2015 57
4779 851
4780 183
2146 842
68 758
4779 179
4781 845
4782 646
870 758
3198 132
4783 748
4764 483
2135 10
2146 350
4784 585
2093 550
319 163
4785 179
935 845
2491 510
3152 842
4786 388
2093 14
2948 746
4787 244
1376 460
734 278
870 826
2344 852
2134 845
4707 853
4788 842
3169 302
2045 492
2488 728
4789 722
497 91
4790 321
3480 746
461 793
68 322
2153 585
1044 579
449 188
2736 391
4791 14
489 812
68 842
4792 842
2157 350
2864 701
4793 842
4248 41
3108 550
997 848
4794 334
1729 41
2020 290
800 34
2953 588
3384 758
4795 680
3317 578
4796 842
4797 322
4798 680
4799 680
997 590
68 701
4800 580
4801 141
3374 701
418 625
148 574
782 336
4207 851
1980 347
1853 605
17 723
3135 299
3114 36
1239 842
4802 192
4803 401
3919 784
4804 357
4805 350
4076 18
2087 20
4806 680
4807 625
4808 716
4809 170
418 727
4810 818
1427 842
3963 680
319 145
983 586
4811 317
1857 477
4503 626
335 737
3708 350
4812 680
2495 628
1680 41
4813 792
4814 854
4815 680
487 764
644 184
2162 211
1779 287
4816 680
4817 509
4818 842
423 284
1589 91
4819 845
423 14
4820 522
2240 334
4821 34
4822 680
1804 713
4823 842
4824 308
4825 614
1973 842
4826 192
4827 22
4804 153
1184 736
4804 747
4828 842
4278 845
4829 120
3360 845
4827 235
4830 20
660 214
4831 350
4832 350
95 851
1179 851
4833 283
4273 336
4834 350
1925 851
4835 14
2559 845
1001 483
210 156
483 288
4162 845
2436 842
4836 842
4837 8
4273 855
2881 68
2387 41
4838 842
4839 350
611 379
307 396
4840 751
1019 271
4841 751
4842 81
1952 264
1250 504
4843 234
4844 818
4845 842
4846 509
