8227 2517
1068 478
2864 382
849 414
2719 505
109 361
2778 570
879 427
1038 22
1321 494
124 105
119 102
422 603
2865 661
17 661
1575 568
429 184
538 315
829 382
1443 253
1466 493
2866 184
1677 225
1469 542
725 246
1435 583
2107 281
482 669
630 164
2608 495
994 407
2343 260
2867 355
68 660
959 26
86 709
2746 246
142 660
301 220
1238 508
308 228
627 309
86 184
1136 507
1791 101
51 92
1179 109
1640 422
68 361
1851 56
442 277
951 412
2868 661
2869 661
476 74
417 285
2522 74
476 68
2870 33
1779 287
476 143
666 204
2235 611
1998 660
337 398
851 416
737 259
2871 338
625 382
1074 685
1362 36
1892 184
1467 541
2872 709
1029 463
2577 660
51 109
2873 184
2874 709
979 18
609 148
325 229
2185 537
1435 368
422 271
443 163
1795 109
2875 192
2876 314
45 440
2875 660
1383 127
476 289
142 109
2877 645
1278 515
68 494
2263 125
1711 593
2878 120
2879 338
221 507
2641 541
221 36
2880 660
2881 628
2882 427
2883 55
2733 705
2170 425
631 162
335 15
2175 652
2884 193
2192 655
534 184
2885 10
2886 84
423 119
2887 84
2888 709
335 74
1652 389
1257 508
116 277
2889 109
1036 33
1961 374
318 660
255 341
2890 713
160 89
1856 615
828 699
2891 660
10 9
421 661
2892 523
2893 111
2894 304
2893 213
2895 660
2896 256
2893 709
1577 55
1116 149
220 709
1562 338
1984 611
849 576
2897 140
274 138
755 383
630 84
2896 58
2898 414
1443 26
2899 124
1709 55
1562 343
2900 165
2901 362
1066 284
2607 24
2899 661
2902 461
96 83
482 406
1031 465
402 223
2843 715
117 99
2115 184
323 184
164 548
2225 658
731 375
2903 709
1666 140
1267 705
2804 709
552 455
43 41
123 104
1828 660
2731 384
2904 496
66 543
402 37
145 49
1104 150
2905 255
678 543
1595 181
17 476
2906 461
1853 147
2285 304
2756 25
1879 615
2907 184
2908 660
2131 208
1571 302
2909 153
705 368
557 347
2231 660
2136 650
2443 72
2910 400
1210 396
2911 184
2110 663
903 437
2115 525
659 674
391 60
683 37
2912 16
467 629
2913 660
997 457
2914 318
2881 440
1036 661
981 184
2915 614
2916 39
2917 720
2881 614
1576 60
2558 28
2024 318
2825 12
678 115
477 661
2918 240
1878 347
557 338
1818 589
2234 252
2919 374
2920 366
2893 624
1382 302
2921 721
415 268
2922 709
2923 260
1566 434
2924 87
125 375
2925 641
2469 688
2926 321
2927 299
2928 716
2929 16
975 374
2930 722
2931 114
1468 429
2932 361
157 64
483 288
198 114
2933 49
2854 74
2186 66
378 250
2934 661
2935 375
2936 627
2599 696
2559 507
2937 395
502 19
938 709
232 171
1708 461
195 119
2938 406
775 302
182 139
635 376
2939 461
1521 195
1929 206
1827 20
1521 337
2228 659
2239 85
1549 461
2893 259
2940 211
2941 366
2942 366
2943 362
1861 616
570 184
257 195
102 79
2944 589
2945 366
2946 33
43 406
2947 33
2484 255
233 518
1432 56
2948 461
2949 723
2950 170
684 111
342 237
68 120
233 94
2951 72
781 390
2578 214
2952 170
2953 137
220 184
87 724
2954 660
2955 0
2956 277
233 297
318 34
233 18
233 577
233 478
2957 709
1610 361
2234 661
1717 594
1760 550
129 109
1633 577
16 476
539 709
2958 709
248 188
233 49
387 19
2959 724
136 115
233 34
1610 660
2837 709
233 424
2536 60
1622 709
233 244
2552 661
342 343
1542 678
2415 410
875 424
750 660
231 58
346 388
2321 672
346 242
555 125
2960 453
1189 69
802 373
2961 299
1221 507
36 145
382 253
559 85
2962 134
51 154
2507 667
1254 495
1254 507
2963 15
17 116
2964 304
2571 304
224 166
1139 543
319 184
1139 281
2965 660
2966 74
267 187
2967 525
2968 14
68 154
512 300
1066 242
1274 244
1562 639
1139 182
2969 68
95 109
1139 103
2304 195
2970 364
2971 322
2972 184
2076 644
1214 308
328 230
119 709
659 619
2732 578
225 167
2973 220
233 605
233 308
56 52
181 90
2974 333
2975 570
233 193
233 589
2976 460
894 434
233 319
335 68
233 258
2977 425
78 18
233 416
181 709
233 523
233 283
233 560
233 568
784 386
1140 58
233 426
17 163
819 400
2978 601
472 101
233 307
233 325
233 229
1343 507
2979 23
36 184
164 126
233 10
233 694
2980 138
257 408
233 116
179 212
233 266
2981 660
2982 341
1884 691
68 709
118 100
233 103
40 665
233 661
233 408
1802 23
2983 194
1529 333
233 318
233 91
233 8
2984 77
1777 396
4 503
2985 410
762 125
2986 576
68 105
2987 174
782 423
2312 457
160 481
17 709
2988 725
2230 406
1066 425
2989 220
2990 525
768 709
2991 645
1912 165
4 498
2735 239
2627 109
40 103
432 184
1590 104
1902 153
384 239
2265 660
897 660
40 605
76 726
291 77
2304 337
2554 193
1066 450
959 253
2992 109
1046 525
1066 309
1802 322
1173 387
216 161
2993 335
2994 389
612 338
2995 320
1719 435
40 193
815 145
2996 14
2997 501
40 661
651 250
2998 400
2999 244
198 550
17 501
3000 231
273 172
2812 712
2031 687
660 678
285 399
107 310
1513 24
1303 62
3001 646
343 538
18 17
3002 727
1284 516
1233 400
1303 408
3003 468
918 184
3004 184
1042 469
1212 211
3005 72
2657 701
1371 230
3006 458
1234 355
1821 604
2648 700
234 496
3007 646
3008 310
53 320
1828 211
2290 58
1828 220
1117 111
1182 115
285 162
2775 431
343 221
148 277
1233 119
199 203
3009 701
1284 645
1164 321
736 378
220 164
156 334
1918 184
2488 728
197 148
611 458
412 266
230 169
1535 394
3010 68
285 209
285 394
2717 184
611 550
3011 192
3012 660
1218 723
68 645
3013 660
3014 261
287 59
218 162
400 687
3015 42
370 246
214 159
774 111
3016 660
2049 429
379 572
3011 22
388 406
218 399
218 394
220 567
1202 337
3017 489
226 168
90 78
3018 141
2432 683
1562 574
2841 596
3019 259
3015 459
3011 292
2167 329
907 435
1980 335
39 259
305 141
1499 126
1114 719
2647 153
1202 471
3020 366
3021 468
63 247
3014 93
68 728
349 46
3022 366
346 277
76 100
699 34
3023 372
292 140
3024 58
1687 535
3025 39
562 59
429 145
3026 126
537 434
1241 295
506 355
516 255
487 184
2682 243
196 509
3027 163
3028 335
181 230
768 389
3029 525
3030 625
68 646
819 86
3031 184
2394 660
3032 620
3033 709
13 12
3034 660
653 33
675 184
3035 321
1202 115
1650 581
3036 14
2216 396
39 111
2154 651
3037 535
76 502
379 727
1629 405
1206 625
1206 507
3038 507
3039 4
39 34
820 496
364 243
39 709
1076 479
3039 514
410 67
364 310
264 202
1976 318
414 267
2719 665
68 39
1307 520
1065 471
953 184
173 132
2734 706
506 304
86 57
104 709
1359 115
39 90
675 406
2806 660
199 162
203 32
967 709
1185 669
337 233
2605 104
671 75
1052 473
400 538
3040 574
1981 361
506 56
63 144
3041 600
268 631
1997 630
1189 582
3042 460
2668 203
46 43
3036 729
2166 357
285 501
194 160
835 230
3043 709
3044 260
3045 332
535 313
1977 469
3046 160
1764 288
3047 332
3048 396
17 332
1599 536
2534 206
1306 580
525 307
3049 25
2655 541
2035 163
896 435
509 244
872 423
2035 68
3050 382
3051 669
658 184
2859 412
319 145
17 412
270 205
2636 661
2692 329
1202 62
1641 476
3046 443
531 311
3052 347
257 62
658 525
3053 149
168 283
3028 610
2339 194
445 205
1268 41
733 87
2168 153
3054 361
1641 400
2153 423
168 181
3055 219
447 227
2153 460
400 340
17 174
346 231
447 144
285 133
1743 382
3056 661
861 322
2431 100
994 406
3057 140
2738 729
849 640
2294 464
1268 701
2177 653
3058 185
356 361
356 129
787 393
356 104
3059 382
1268 326
246 380
447 567
1608 440
3060 408
1569 242
3061 449
3062 361
2001 247
768 90
3063 660
3064 287
3065 660
1722 575
2196 387
98 85
163 321
346 284
3066 608
2697 399
967 90
350 321
3067 244
1169 497
285 626
1875 361
1793 223
2361 667
3068 131
2341 70
2468 677
1643 241
448 163
1889 299
448 250
3069 174
3070 523
3071 660
608 351
3072 723
3073 660
1569 284
2478 730
716 209
3074 660
47 515
768 111
2814 184
17 660
768 213
353 240
1263 294
1990 413
3075 660
1257 731
244 237
103 660
878 426
1228 543
3076 34
3077 109
1176 206
1263 396
346 450
1176 17
1399 382
800 34
2246 660
1176 620
790 502
849 428
2923 585
2712 703
3078 293
2726 507
966 199
2408 332
350 660
1804 660
3079 231
849 372
108 94
8 243
8 293
68 17
506 242
2729 704
61 360
108 234
726 414
641 353
547 661
2367 174
210 156
1622 389
1700 310
2092 337
537 74
488 14
990 318
1647 523
1897 239
777 127
997 502
3080 642
2855 732
1139 733
281 68
2069 385
537 413
962 451
1276 321
2651 660
1333 523
963 452
1823 645
2356 321
1681 588
530 310
3081 645
865 351
373 734
271 306
493 525
1417 206
227 93
2020 290
3082 322
1202 487
2205 308
1296 518
1287 388
237 646
1804 293
3083 538
873 422
1038 699
623 290
311 649
3084 723
2557 221
384 114
1468 538
1078 480
2800 645
3085 108
145 68
3086 601
552 143
2557 697
3087 89
1840 293
488 645
3088 506
742 174
1636 578
549 68
552 93
2149 74
989 629
2306 526
2306 670
2715 571
3089 660
3090 351
3091 78
445 601
2136 600
1306 242
68 396
964 453
346 393
3092 318
327 349
938 213
3093 396
3094 713
623 431
441 227
3095 74
3096 174
3097 52
623 665
319 34
633 195
472 283
369 231
2351 538
1240 153
504 297
2073 184
623 260
3046 735
1819 287
483 507
428 273
3098 235
3099 660
1183 571
1078 254
935 294
1551 561
977 713
3100 382
3101 351
3102 107
2752 736
1527 660
2748 487
280 200
2092 487
2093 264
3103 669
3104 423
346 580
697 8
441 737
68 518
1240 639
3105 642
1890 250
1778 280
2133 406
2654 661
3106 590
193 146
1775 114
1443 507
347 40
205 419
3107 138
417 254
935 507
2369 660
3108 46
3109 244
1468 505
3110 738
114 97
3010 417
3111 660
1024 338
364 293
1026 660
1434 738
1724 154
3112 27
3113 574
2079 68
3114 217
3115 170
2097 627
285 732
731 574
440 278
941 112
3116 134
2110 505
3117 338
2110 393
3118 81
3119 739
1148 490
17 417
1301 81
764 131
1166 170
411 16
3120 660
1153 74
364 441
3121 660
828 740
1885 619
1148 280
3114 112
386 525
2671 309
3122 112
3123 723
3124 585
3125 322
1752 561
3126 661
68 74
3127 278
1710 322
3128 332
450 112
68 19
311 16
1017 421
371 322
3129 129
3130 587
2783 647
1353 528
3131 366
475 256
3132 723
3133 580
68 40
3134 741
290 216
402 719
1432 74
3135 299
983 310
3136 494
1804 742
646 319
3137 184
1373 134
935 661
983 283
17 134
983 620
17 327
3138 507
1270 660
1443 129
509 327
3139 499
3140 163
334 232
3141 267
68 299
3142 661
3143 611
2210 112
3144 327
3145 93
165 396
2128 742
17 93
254 422
617 342
3146 112
3055 250
532 187
3147 184
1338 366
3148 112
3149 396
2121 407
277 91
1684 140
2660 661
797 397
1552 589
374 125
494 396
1173 316
3150 22
494 58
3151 112
1766 596
3152 523
3153 112
983 705
3154 125
1173 703
759 384
3155 56
983 593
200 149
3156 112
12 354
3157 243
2166 226
2571 355
284 395
3158 661
1716 242
3159 125
2782 163
1804 14
1549 660
3160 647
1013 647
526 283
144 117
3161 713
1376 51
3162 743
1980 347
1173 712
119 184
925 37
1173 383
476 22
3163 112
68 271
925 250
1019 271
870 299
2847 716
799 578
1131 10
3164 507
415 269
3165 320
3166 112
476 292
17 625
3167 660
1290 95
3168 302
579 50
912 743
1718 528
9 8
437 302
3169 68
2684 12
2968 660
3170 149
590 413
1972 601
678 471
3171 246
415 270
404 661
392 258
68 112
421 525
678 734
2101 713
1952 679
1066 277
808 360
1381 531
603 170
1793 74
423 196
3172 145
3173 40
2101 170
913 511
2654 660
890 620
178 135
2230 239
324 525
1044 278
1066 128
221 742
482 91
2143 631
437 128
1027 130
3174 112
1314 208
3175 423
1027 15
492 243
3176 112
492 293
540 316
1528 554
2162 660
588 322
1182 103
632 346
246 660
353 320
374 247
708 187
1060 439
83 588
467 518
1250 504
889 260
2162 211
623 155
1139 195
1314 186
2442 299
434 15
3177 366
1778 265
3178 743
353 143
1314 366
1314 460
935 654
912 366
1934 332
3179 705
169 74
17 112
2708 712
1084 36
2864 146
731 188
425 435
3180 716
547 641
3181 744
42 40
1314 744
912 647
1314 277
261 366
846 412
17 716
1378 112
2844 578
1036 660
68 654
3182 40
437 37
437 250
3183 14
3184 322
3185 525
2130 507
496 164
3186 499
3187 395
127 107
983 355
742 597
3188 112
95 66
3189 412
3190 412
867 112
3191 647
3192 507
615 745
3193 345
2807 490
2458 250
2171 130
8 7
1894 412
983 17
3194 55
68 528
703 95
1040 131
3195 412
2705 150
3196 746
403 263
125 647
2024 631
3197 279
1816 602
3198 132
969 160
1803 207
15 14
3199 412
3200 279
3201 36
17 36
3202 14
2251 144
3184 36
1854 250
371 320
1397 14
2166 747
3203 114
3204 412
1173 739
3205 748
850 415
1803 104
2038 656
3206 112
402 214
17 114
3207 564
125 361
125 19
1350 18
3208 112
1803 157
3209 660
3210 660
486 748
1448 313
2230 302
483 601
2201 531
68 83
3211 611
2330 162
3212 280
3213 325
198 499
2761 325
1912 320
954 749
3214 314
423 564
1182 133
2573 68
136 733
2573 235
639 408
3215 401
136 734
919 149
935 656
23 724
1521 100
3216 574
78 101
483 23
3217 750
3218 236
3219 112
1373 450
12 11
3220 143
2209 401
1179 154
1137 499
524 483
1312 493
164 556
1314 751
2003 752
1130 305
1494 187
3221 112
3222 19
3223 277
3224 589
1259 610
65 61
3225 15
1259 343
3226 724
1294 184
731 288
3227 723
3228 366
2510 366
1992 753
2930 742
3203 376
2232 332
2590 571
2352 239
954 410
3229 751
2636 112
339 520
423 364
3230 112
1878 237
659 9
1139 734
3231 308
3026 27
36 206
609 630
591 337
50 72
1087 694
339 39
1084 742
601 747
3232 372
3233 343
499 507
335 289
749 396
335 84
2240 610
745 712
828 403
3234 384
1442 280
1382 669
3235 112
2146 68
935 492
3236 737
39 213
3227 451
3237 318
935 58
3238 384
684 213
3239 754
68 322
1139 711
2110 375
3240 660
2973 742
3241 154
2441 55
1826 606
826 119
557 237
3242 68
676 14
3243 219
3244 742
764 274
2263 322
2052 309
749 426
3245 412
557 343
2483 661
68 400
557 610
823 34
552 412
3246 181
3247 309
3248 116
2252 184
1137 303
1139 477
2451 412
535 347
3249 199
289 215
3250 55
714 370
68 303
430 108
3251 645
136 408
3252 755
1925 109
17 10
342 110
18 637
2588 591
3253 173
391 97
2215 91
3254 756
84 34
2526 98
104 90
1066 388
3255 660
17 21
3256 12
214 757
3257 408
3258 186
2130 742
462 184
3259 660
675 145
167 10
1471 672
1471 641
2365 56
3260 219
430 274
247 186
752 287
1906 219
1263 309
3261 186
345 238
3262 58
2894 309
1471 660
2527 692
1347 10
2894 758
3263 33
1432 22
3264 443
68 274
483 33
1526 16
1024 610
207 644
3265 660
3266 660
2230 116
86 61
1347 244
3267 174
346 128
3268 758
68 443
1397 9
3237 33
1397 578
1185 748
111 95
1970 143
3269 746
1139 718
1760 368
134 113
3270 759
2528 692
3117 202
1598 46
3271 570
2197 507
2662 677
1703 115
3272 748
2429 219
3273 660
209 457
233 75
233 743
1670 146
662 322
1637 337
3274 112
430 247
749 271
811 157
2999 217
2098 184
3043 207
600 143
40 461
233 738
727 373
3275 600
233 67
1164 195
3276 660
233 120
3277 690
532 174
1537 361
532 375
233 709
3278 112
3279 112
1959 14
233 211
68 754
233 33
1087 760
3280 589
3281 601
233 705
233 40
655 357
1940 217
40 568
1164 281
1959 507
199 142
1065 580
3142 112
40 416
3282 309
256 194
1233 86
3283 130
3284 628
233 387
3285 661
233 604
3286 570
233 659
233 490
233 660
1499 619
3287 187
40 721
3004 395
68 677
233 528
2524 476
233 471
898 68
233 588
233 417
233 44
1655 342
233 413
233 237
898 244
3288 157
2396 677
40 44
233 715
719 235
795 46
233 578
3289 112
233 582
3290 97
68 46
169 130
3291 74
1525 147
3292 309
3292 758
2184 644
477 112
1185 19
45 620
1214 101
3293 761
3294 143
1586 740
3295 112
3296 394
3297 261
233 721
233 217
45 131
294 218
3298 170
233 406
233 746
233 644
104 157
68 570
1224 329
2500 661
823 195
3255 236
3299 253
799 9
1227 422
1185 33
351 112
3300 460
208 154
2374 97
2279 641
71 460
68 329
3301 758
2194 408
2500 112
303 538
303 733
1499 27
2711 154
254 17
1217 408
68 33
1195 423
3302 186
1835 416
3303 140
1334 524
2472 412
3304 570
3305 131
3306 119
671 580
239 195
1829 361
555 320
1217 543
1178 410
3307 758
3308 18
361 204
982 185
3309 460
819 157
3310 336
3311 612
819 119
3312 660
71 608
268 204
3313 762
884 429
3314 185
1043 301
1359 67
3315 534
3316 410
3317 762
1185 236
1277 307
858 185
3318 112
3319 762
1375 186
3018 70
3320 645
3321 280
3322 661
3323 74
346 396
3324 709
969 443
1835 709
2708 70
3325 763
3326 112
1279 398
3327 25
1202 733
3328 764
3329 728
3330 353
1258 195
68 280
1778 736
3331 395
3332 70
3333 460
285 22
3334 460
3335 112
3336 748
3337 625
1258 62
1202 408
516 301
1793 243
1049 471
3338 160
3339 239
17 239
823 12
3340 460
3341 538
355 160
3342 621
1793 49
782 418
3343 395
63 320
341 38
355 141
3344 763
866 421
3345 646
367 608
312 226
608 755
291 244
890 694
790 100
3346 765
938 104
1971 471
425 310
3347 571
322 395
3348 532
3349 523
418 727
2654 525
1485 549
210 766
150 746
1740 211
3350 767
3351 408
3352 421
3353 587
2708 128
3354 566
340 118
601 768
2114 460
2649 22
1189 46
2133 34
921 429
1313 431
575 235
3355 112
1988 128
3356 460
823 337
2495 712
285 396
3357 361
3358 221
2402 382
1614 571
318 112
3359 375
1778 338
2153 187
920 271
322 183
920 426
3360 661
1305 170
2470 461
920 434
683 163
2137 678
148 74
3361 764
537 732
3362 748
487 764
2668 162
3363 169
537 429
12 769
773 236
2007 633
1274 127
3364 456
168 456
365 244
537 763
3365 748
3366 119
3367 23
3368 421
3369 91
3370 305
788 203
1765 758
3290 60
17 119
402 243
1076 516
1863 529
2708 244
3371 382
3372 174
3373 375
3374 332
3146 124
3375 202
2708 174
537 716
3376 380
3377 571
537 148
2522 63
2480 75
2708 186
3378 215
183 140
552 112
3379 36
591 408
2817 713
3380 748
1300 267
990 7
3114 277
509 683
2466 625
1449 59
296 645
3381 412
2764 301
2855 660
1863 155
3382 347
3383 770
1829 660
3384 758
1101 531
608 119
3385 39
1392 7
1492 765
2467 422
3385 520
552 50
484 184
61 56
3386 579
1392 361
17 74
1705 68
3387 709
1740 641
1436 260
3388 748
3389 91
271 91
3390 421
3391 718
61 234
3391 711
1131 483
1324 168
881 422
1376 203
1283 101
101 88
1288 35
2495 653
492 742
1168 496
2348 325
130 495
2369 673
3392 660
476 84
1918 145
3393 184
3394 610
402 322
3395 487
3395 337
1024 335
3396 100
3397 274
1024 458
3398 396
1244 511
47 44
2647 347
3399 366
2898 576
835 146
3400 758
68 382
1765 654
1785 544
1726 64
327 224
1726 148
1903 483
935 758
3401 660
895 265
2476 290
1349 401
3402 187
935 309
934 349
2476 349
1726 225
485 290
1220 184
81 29
3403 112
2671 758
517 406
3404 342
1092 72
863 420
3405 155
870 758
3406 550
17 550
3407 318
1994 390
725 15
3408 186
1206 325
1271 420
3409 155
870 184
3410 349
1903 155
2357 184
449 194
3411 301
267 579
2092 650
1726 100
1726 769
951 301
623 444
3412 361
2544 260
366 245
754 742
388 763
402 291
3413 489
2045 492
3414 590
3415 600
3416 660
3417 178
997 771
1726 340
1680 507
3418 39
3419 349
2705 385
1726 182
1726 11
3420 444
3421 184
601 574
1697 520
3422 299
3423 474
1299 239
656 326
17 40
532 10
1680 23
1386 532
1264 59
994 59
2138 121
152 112
41 39
67 140
3424 186
3425 532
3426 772
1917 55
1268 386
67 641
1090 284
67 578
678 337
67 94
67 68
499 656
3427 23
3428 375
383 748
3429 661
3430 170
2137 494
3431 428
88 773
2784 258
3432 244
3433 669
131 110
3434 360
1376 460
3435 19
17 19
1220 525
1970 91
950 258
2591 55
1835 19
1616 520
3436 774
497 244
198 774
2491 428
3437 611
983 764
3438 386
3439 739
451 610
242 184
3440 615
45 340
3441 10
3442 468
310 17
221 243
2011 742
205 462
1313 345
109 625
3443 499
379 251
3439 383
1378 92
1884 338
3444 412
242 349
1219 349
17 244
374 30
17 277
1359 543
3445 412
1359 103
1086 481
3446 628
3447 481
1219 155
421 33
335 324
335 130
934 673
465 282
3448 243
335 234
335 236
2627 154
2144 184
1038 740
3449 106
465 71
2797 742
1148 642
648 250
2836 74
3450 775
3451 660
3452 39
518 673
3453 30
3454 716
3455 656
68 81
3385 313
822 217
3456 39
1432 84
364 7
205 176
3457 390
1552 75
418 625
995 91
741 332
17 509
2395 244
3458 325
3459 393
68 566
3460 666
3461 404
967 111
2151 413
749 577
967 213
3462 776
1662 585
3463 347
2103 406
799 763
799 258
623 349
3464 494
3465 396
3466 452
3467 282
2089 207
3468 355
17 91
3469 640
1140 396
1933 374
752 755
3470 91
437 91
441 412
2939 762
3471 321
3472 34
569 134
1024 647
317 366
1363 355
3473 114
674 332
1512 85
482 525
3474 585
3029 777
2269 587
1911 87
2141 313
3475 345
636 349
604 67
196 14
3476 194
2141 483
3477 774
1800 220
2939 746
3478 661
3479 25
1188 109
329 773
601 334
3480 461
1800 59
1775 194
2169 100
1775 598
581 184
2230 112
17 368
1066 758
3481 263
2708 16
2093 484
497 773
3482 93
3483 763
2830 184
3484 758
608 738
2511 649
3485 219
2643 304
3486 184
1607 512
3487 274
17 499
3488 292
3489 112
2923 536
3490 660
3491 474
1779 499
1929 458
1505 750
3492 149
1881 618
54 50
2923 778
3493 155
26 145
3323 264
277 645
3494 10
500 499
500 550
675 660
3495 661
3496 163
3495 376
67 763
1267 170
3497 363
2454 163
3495 361
3498 163
3499 289
476 622
3495 495
574 325
3500 85
68 91
2797 660
3495 507
3501 274
1491 313
1505 79
1065 281
116 580
563 10
3502 112
3503 361
362 775
3504 293
196 33
3505 499
890 644
2923 342
1621 573
3506 763
3507 779
3508 194
17 194
3508 661
3509 236
1602 742
402 161
3302 412
479 316
3510 329
611 661
209 155
611 36
3511 186
227 239
3364 33
482 390
3512 36
5 234
656 214
3513 30
701 106
681 608
2837 34
552 35
3514 587
635 184
826 392
1402 24
627 36
3515 544
954 696
3516 502
3517 587
912 723
3518 495
1343 33
3519 213
17 449
1518 553
68 631
3520 713
1568 565
478 580
1291 517
954 498
3521 264
3522 780
3523 108
3524 321
3525 294
687 59
2330 142
954 662
954 542
3526 660
2226 758
678 733
142 29
402 522
3527 196
3528 779
1182 733
2136 781
717 458
524 264
1778 346
3509 84
731 507
389 256
142 154
3469 372
3529 481
3530 355
1082 779
3469 428
3531 758
557 106
449 587
3532 313
467 732
2650 321
2137 258
1905 219
3533 525
1983 109
156 244
2196 74
2196 289
3534 304
3535 733
3536 758
125 112
3537 313
660 27
3364 26
3538 106
3539 58
2577 449
524 287
2606 652
758 58
3540 780
1401 131
2137 47
1181 484
3541 683
3541 758
621 329
3542 181
1886 443
3538 153
2836 714
1511 499
1024 343
68 585
502 249
644 525
3543 85
3544 717
3545 758
60 55
3546 660
3547 112
3548 231
3549 112
3550 302
281 350
89 187
3551 713
3552 239
3553 244
3554 354
3555 739
535 117
1884 782
3556 354
2548 354
68 49
3557 761
3558 412
68 610
1371 587
535 354
1065 58
3559 237
3560 471
512 112
144 354
450 361
3561 10
