8227 2114
179 212
712 115
1190 395
1191 22
4 503
218 162
1185 239
168 181
775 302
1018 190
382 253
659 504
8 7
538 315
297 46
611 128
1192 55
775 55
1042 469
1193 395
1189 47
1135 160
464 62
797 397
561 37
214 159
443 104
521 303
337 233
195 119
1194 293
160 89
391 97
1195 423
1196 131
823 34
1197 331
1198 422
1199 100
576 170
47 44
443 505
799 190
799 307
708 187
327 349
1136 492
76 115
1200 358
718 302
1201 195
443 207
311 215
1202 337
1203 416
203 32
1204 19
1205 48
289 215
699 34
1206 325
197 148
443 160
230 169
1207 361
437 468
17 16
1208 363
248 388
311 16
1136 495
639 182
216 161
1209 121
429 184
457 279
1210 481
1211 336
849 428
252 190
84 34
1212 211
68 361
429 145
247 186
328 7
1213 72
1214 308
1215 198
456 442
410 67
303 319
1216 506
346 494
1217 103
239 182
285 399
1218 145
624 344
961 352
179 136
1219 260
86 61
36 145
548 196
555 161
1220 145
86 57
1221 507
675 184
228 507
1222 418
291 476
1223 508
774 111
68 509
828 403
1224 395
136 115
290 216
1225 214
66 182
783 153
268 204
36 361
228 361
1226 119
608 42
276 206
226 168
1227 422
285 394
388 255
388 301
1228 487
620 506
653 33
884 429
1229 139
1230 395
361 204
1231 431
204 151
1221 492
400 510
893 244
1232 119
537 91
968 395
575 235
1233 157
1234 355
1034 466
1031 465
76 502
1235 7
1236 161
36 184
1237 55
136 195
808 234
1238 508
1239 355
1240 335
918 184
379 251
1241 295
1242 301
271 91
820 496
1243 119
1244 511
1245 492
960 431
1246 121
331 482
400 340
1247 19
1248 211
17 211
71 460
271 306
1249 166
307 494
631 162
1089 482
178 135
1250 504
1251 413
1252 402
1253 170
1254 507
292 512
484 170
1255 170
99 119
308 224
577 326
218 394
1256 34
264 202
878 426
1254 495
531 311
1257 508
525 307
1258 122
1259 226
13 432
1260 361
1261 492
537 433
311 513
365 244
1170 46
39 259
1262 20
39 198
259 197
1263 309
1264 59
1265 46
759 514
1266 514
1267 170
1268 326
1269 395
39 213
498 296
1270 162
1271 420
1272 424
1273 377
1274 127
476 22
68 314
1275 436
1276 239
1277 72
1278 515
1279 398
894 434
12 11
327 224
1280 395
322 395
78 101
1019 271
242 184
620 170
21 257
1281 37
68 395
1282 409
1277 374
130 75
1078 480
325 229
47 515
982 185
1283 101
1049 471
879 427
1284 516
182 139
678 487
1285 449
796 279
44 42
552 277
1286 422
17 121
356 365
934 349
871 377
795 208
920 257
334 232
1287 388
1288 35
1289 395
1206 377
1063 395
1290 395
1291 517
1292 293
1293 355
1294 184
1012 141
1051 472
1012 160
1139 103
10 9
343 221
1295 472
583 58
1012 70
1296 518
858 185
1297 12
54 50
364 293
1141 395
798 46
1298 121
1127 308
1299 239
273 172
68 518
896 435
415 268
994 406
1300 267
798 0
874 359
81 29
1301 81
1302 519
1303 254
305 141
888 138
1304 119
604 466
1305 170
1306 242
1307 520
1304 157
1308 110
546 288
1228 195
1309 92
1139 487
681 361
1310 51
1311 56
623 489
782 418
1312 493
1313 431
1314 495
1284 257
934 431
1315 431
623 431
1316 521
1317 307
1042 411
206 357
207 71
1314 507
1318 380
67 217
404 93
686 363
483 507
402 190
1319 377
656 326
88 433
364 310
94 81
346 231
956 448
1320 287
1321 522
1102 221
591 487
1322 449
537 51
1323 302
76 100
1015 422
67 163
798 21
517 301
1299 401
925 37
108 234
9 8
476 289
312 226
476 84
1324 168
476 292
1325 411
1326 378
925 250
102 79
589 330
414 267
524 85
1102 257
1327 96
402 20
417 254
1328 257
476 324
1329 442
393 255
476 130
940 230
443 409
339 520
1330 444
476 234
1331 422
476 235
286 81
402 5
476 68
1332 74
364 243
378 37
378 250
1333 523
1334 524
1335 401
1336 395
1337 401
940 136
1338 366
378 236
1339 145
486 291
448 250
443 70
1340 489
1341 525
1320 394
1102 416
1342 364
1007 184
1339 184
205 180
387 19
1343 507
245 185
443 141
1344 58
640 352
939 140
1345 58
1058 526
933 145
728 395
656 214
1346 163
736 378
1347 261
1348 160
846 412
205 176
1349 401
1350 299
156 384
199 142
1351 507
418 251
349 384
50 72
636 349
1136 507
1344 140
641 401
719 234
108 94
1352 389
17 527
1347 527
1353 528
1354 214
872 423
695 507
1355 395
1356 401
755 383
1357 184
1358 196
1111 223
865 351
1359 352
902 56
1360 495
1114 488
1361 81
284 395
935 507
963 452
1362 507
156 398
1363 350
423 395
549 15
1364 214
1359 257
559 483
663 72
1035 374
221 36
1365 395
552 35
1366 299
1367 361
579 25
1082 332
559 85
1368 46
923 395
221 75
1369 507
1370 507
13 12
1371 230
430 274
1372 25
1373 450
1374 236
375 248
1375 186
1219 529
1376 75
1377 119
17 119
1378 395
1379 184
719 235
476 236
1380 530
68 159
975 374
1379 34
1111 49
934 452
1131 483
415 270
1219 349
963 486
1381 531
319 184
342 237
1382 395
1313 349
524 264
1383 127
1384 37
1385 29
319 163
882 217
1386 532
1387 163
1001 85
498 533
1388 530
370 208
1389 35
1390 72
210 156
1391 395
68 522
134 113
1392 243
623 420
526 283
1393 18
69 219
1394 357
821 401
1395 507
623 520
1396 395
366 245
1397 424
1398 395
1159 495
557 338
101 88
1399 72
1400 534
1401 18
1402 24
695 91
68 81
1403 347
1404 535
1405 163
1406 50
1139 195
1407 321
353 143
1408 359
1409 116
17 116
752 470
1410 42
98 85
1411 304
1412 138
1413 495
557 343
1414 289
285 209
533 49
1087 436
1415 536
1416 395
255 341
124 105
156 116
611 359
611 119
1417 33
1418 219
1419 395
559 264
1280 34
1420 116
196 14
335 324
581 184
335 234
335 235
1421 85
559 313
1422 51
480 395
80 93
1423 85
472 101
1424 312
1145 354
1180 22
1425 219
1426 537
524 287
849 414
1427 55
1091 484
1428 507
472 283
1429 413
632 346
1294 354
1430 483
335 15
465 282
335 84
151 69
705 368
335 289
335 130
581 145
1431 395
1432 50
270 205
68 105
439 72
752 287
400 538
1432 242
390 257
1182 100
1433 184
17 184
190 184
875 424
1155 489
1434 376
1435 368
1436 260
680 395
532 375
1437 51
1084 36
1130 305
1438 537
1439 507
1440 48
71 51
385 230
159 123
385 181
160 481
1441 287
1442 539
609 148
506 56
1443 507
460 94
1444 219
384 25
1445 522
1002 81
493 145
749 220
1446 299
68 56
897 507
8 243
483 492
592 173
170 33
639 103
532 495
88 76
1447 507
174 24
779 362
1448 499
403 263
471 495
851 416
1449 73
1450 507
1036 33
471 492
1451 507
506 355
1452 93
471 507
976 454
990 7
535 313
867 406
1453 483
675 145
1454 395
1455 239
535 85
145 49
167 495
167 507
8 66
1456 219
540 316
1457 297
95 66
1458 148
717 85
654 289
1459 540
68 69
167 174
666 204
1460 443
1461 101
218 399
1462 499
1024 343
596 66
483 36
1179 154
1463 395
1105 431
17 395
1464 290
1179 179
218 209
1465 507
1466 184
1467 541
1468 538
1469 542
850 415
63 13
1470 507
42 40
1471 326
308 228
591 543
534 184
56 52
1471 190
68 93
415 269
1472 539
18 17
1471 204
1473 544
1474 328
571 545
165 467
53 215
1475 184
1476 328
1477 335
119 102
1004 119
1478 546
951 412
1478 547
1479 356
1480 117
1481 313
1013 495
1482 19
996 313
17 458
1013 458
136 103
1013 395
1016 350
731 507
559 350
1483 7
17 219
117 99
1013 219
68 184
762 125
164 548
437 539
1484 507
1485 549
68 313
1486 313
1487 328
1488 120
504 297
543 63
1489 395
1490 386
1491 313
772 507
1492 336
1013 287
136 62
1013 410
535 483
1493 534
938 213
1494 19
1013 507
411 513
1495 376
1496 492
1497 507
212 158
1498 550
1499 548
1181 484
1382 33
635 184
512 300
63 467
1500 235
1501 507
1502 287
198 114
1503 84
1504 551
156 495
1267 190
993 503
1505 88
1506 247
68 176
63 247
16 22
227 93
1507 278
1508 495
1509 187
440 278
727 78
1510 68
659 307
1511 499
552 412
1512 85
195 157
1513 24
608 369
1123 490
659 298
1514 507
1515 320
51 475
659 404
812 395
684 111
1516 395
571 552
1517 395
17 495
36 206
1518 553
1519 184
1520 128
750 250
425 115
224 166
1521 100
1139 115
1522 86
1523 495
1524 495
145 236
61 56
499 492
1525 147
1526 16
257 195
199 162
17 239
1527 395
387 356
1528 554
1529 551
96 83
1530 280
935 492
68 495
145 66
535 491
68 534
125 239
966 199
294 218
125 449
1531 555
1532 131
171 22
4 498
1533 219
1534 111
1535 209
164 556
1536 318
1537 361
1538 557
68 123
1539 236
274 138
1540 0
725 246
1139 62
261 550
153 119
1541 86
1139 182
1066 231
1104 150
1542 474
146 51
1543 558
355 127
1448 313
118 100
750 69
156 119
802 373
524 328
838 162
713 33
483 364
17 327
1544 483
127 107
107 48
1545 395
1546 390
1547 511
355 160
1547 435
1548 119
850 559
1549 42
355 141
658 184
475 328
1550 560
1551 561
747 182
1552 75
1553 391
1554 395
747 103
107 92
747 115
1555 562
1066 89
107 310
1556 361
1179 109
596 358
144 117
844 91
321 86
146 313
292 140
1552 395
1557 563
233 190
17 68
1558 404
104 157
233 94
233 185
233 517
233 26
233 511
40 533
233 119
146 354
233 113
1559 0
1560 19
233 384
706 19
233 393
233 330
1561 352
1562 338
355 244
233 1
1563 121
1564 157
1221 564
1136 564
57 461
256 194
233 195
233 30
233 158
1565 143
1566 434
1567 46
233 465
400 558
233 364
1568 565
233 206
1569 284
397 260
1570 564
233 307
233 49
938 207
747 62
233 199
1569 242
233 217
1571 302
630 231
1572 492
1173 73
233 226
233 528
233 346
233 521
233 508
1572 566
535 354
1573 495
233 24
233 366
633 195
233 296
327 228
233 21
447 567
233 196
17 86
233 427
269 84
235 55
1119 489
1574 495
40 103
40 115
40 62
1575 568
40 182
1576 60
1577 55
1578 236
169 150
1579 198
1580 131
68 492
1581 240
68 404
1582 507
1583 459
1584 33
1585 569
1586 547
1586 546
1587 49
1588 239
285 569
1589 91
156 395
303 420
40 140
17 570
40 283
90 78
611 356
799 158
1590 104
63 240
1591 343
480 75
1592 25
611 68
1561 160
220 164
815 145
1593 70
1594 104
1595 184
1596 66
1499 556
1597 395
1598 46
1599 536
39 207
1600 38
1392 66
1601 337
1602 507
1603 158
1182 103
1604 308
552 231
1605 395
485 290
1561 481
1549 46
1606 444
1607 140
1608 440
1609 184
1610 361
1561 418
210 410
1611 195
897 492
1561 89
1612 271
68 206
1613 103
464 182
231 58
1614 571
1392 7
1574 507
1615 444
1616 520
897 564
1615 431
1617 351
1499 203
429 91
940 472
1561 35
913 416
1618 62
1561 396
1185 33
1619 72
1564 119
1620 395
379 572
1621 573
1622 230
651 250
938 104
1623 282
388 406
601 574
601 334
335 22
1076 479
887 239
1624 575
321 405
1625 84
611 207
1626 492
181 230
8 404
509 417
46 43
707 369
1627 395
1628 108
573 65
1629 405
981 184
39 38
1630 141
1631 198
849 576
1632 557
1633 577
552 395
1634 47
1635 163
417 285
1636 578
739 336
1637 115
823 195
509 579
1638 507
1639 349
1640 422
964 453
1641 219
1642 328
1631 139
1643 241
1644 195
1645 576
1611 115
623 290
1646 145
1647 530
731 139
1648 64
1649 580
1026 36
1641 510
1650 581
1651 48
623 444
267 313
1325 489
790 502
373 487
1189 582
1652 389
1653 70
790 100
1654 492
1655 342
731 492
68 489
1435 583
1656 584
1657 157
1658 361
1558 123
1659 59
1660 215
683 37
1661 395
1657 119
67 562
819 400
480 361
1662 585
1392 361
990 404
1663 382
1664 239
1665 586
68 65
1666 140
1667 231
411 25
1668 65
1669 219
1670 462
1671 553
1672 395
304 222
1673 195
1670 419
205 152
903 437
1674 184
1675 507
1676 558
371 321
1677 225
1678 587
17 19
364 7
881 422
1679 184
1680 507
1681 588
1583 206
1682 75
952 340
319 34
953 184
68 48
1683 61
1684 42
616 340
435 236
1685 184
1686 163
1687 535
1688 487
1689 184
68 70
1690 20
944 246
1691 589
1147 415
537 578
48 45
1692 5
1068 478
1139 543
1536 185
1237 366
880 44
1343 564
1693 105
400 590
1694 358
1695 591
1696 123
1697 39
768 111
1698 9
1699 78
623 345
1700 310
103 72
428 273
68 330
537 535
1701 345
167 66
443 174
1702 184
1703 487
1704 592
435 416
768 90
1705 68
1706 290
112 70
1707 495
1506 77
1708 461
1709 55
994 407
345 238
225 167
1710 322
109 20
400 290
1711 593
98 483
1712 277
1095 310
1713 554
1613 487
1714 75
1715 408
1716 231
1717 594
1718 528
1719 435
1611 487
1720 14
1096 485
1263 89
1721 322
1683 268
1683 269
1683 270
795 47
782 423
1722 575
731 302
1723 33
959 26
552 20
425 7
1189 595
1670 243
1264 407
1435 85
1086 481
1184 158
343 538
1724 154
1072 70
1725 345
1005 434
617 342
384 345
425 66
421 33
1726 29
1321 506
1359 63
1727 395
1728 368
1729 492
1730 395
1206 507
1731 515
959 253
1732 208
1299 46
1733 150
1139 281
232 171
1734 25
931 48
68 507
1735 74
1259 153
824 187
144 354
1443 253
68 535
1736 320
1737 507
782 174
371 144
1738 149
144 328
1739 302
1740 211
1741 100
1742 345
1743 382
17 587
1744 195
1745 460
339 345
771 387
1746 345
108 360
1747 123
1748 550
1313 345
912 550
573 345
912 345
1749 426
1750 345
887 345
1751 43
499 495
1752 561
1753 550
1754 460
1755 345
1184 550
1756 188
1757 345
1758 507
996 364
339 534
1759 507
1760 550
1761 345
742 174
1762 184
1763 424
1764 138
67 93
948 446
285 145
1756 125
1765 242
996 283
907 435
58 53
722 177
1766 596
1092 72
196 33
109 25
318 345
695 187
17 104
1767 345
1768 336
443 198
443 55
1769 597
516 255
144 558
1770 345
1771 287
887 597
1772 486
1773 345
72 108
1774 75
1775 598
1776 345
983 507
1777 134
896 345
1778 460
54 25
1779 550
1780 92
1781 14
1782 345
1783 212
1784 200
1785 544
1786 599
1787 599
912 74
1448 483
671 75
799 511
1788 520
935 352
1789 479
1790 219
660 395
1791 18
697 8
190 246
1792 395
1793 361
1794 22
1795 29
1796 130
1797 558
378 324
1798 134
1713 507
1799 252
400 345
1013 51
1800 59
1801 450
1802 322
951 301
1803 207
1804 293
1805 600
935 35
1806 550
1807 273
111 95
1029 463
1088 310
169 130
1808 318
1809 601
578 88
1810 114
849 372
1811 252
1812 507
1813 507
1101 531
1814 236
1815 395
142 29
304 352
68 35
1492 345
1816 602
1817 143
885 219
1378 544
1818 589
422 603
1819 287
935 495
1820 506
1821 604
1822 273
1087 605
1823 20
536 50
885 239
40 330
562 59
1824 395
1825 84
1184 511
1826 606
1827 361
1828 211
1829 85
814 390
1830 493
1831 345
81 184
1832 92
1825 292
1833 48
40 384
221 507
1834 607
1835 416
1836 608
1806 499
1837 538
387 83
1411 609
1492 366
713 93
1838 362
1839 610
557 357
1270 357
1840 293
68 531
483 601
627 362
1841 550
1842 558
1843 369
1202 487
1844 611
163 321
506 50
1845 573
1521 162
68 416
1218 612
1846 250
1847 24
714 370
17 345
317 345
1848 550
1842 354
16 476
68 369
1373 134
1849 260
1850 14
200 149
1851 56
1189 369
1852 550
625 369
947 75
1562 343
277 364
687 59
1259 574
1290 344
1853 613
1854 49
456 327
1855 363
532 614
422 271
1856 615
1857 565
641 353
1858 150
438 277
205 462
1859 387
142 154
17 499
1860 395
1861 616
1857 562
392 258
552 361
1862 59
1863 529
570 184
535 57
1864 226
1865 171
1866 567
374 30
80 226
1680 36
1867 48
45 589
1868 608
584 184
1869 483
1184 140
1870 617
861 322
1869 57
1871 128
164 361
1872 253
1873 163
1331 195
1874 24
1875 361
1876 142
1872 299
72 144
383 291
68 24
713 355
162 125
496 164
40 70
356 157
423 157
346 450
1877 509
1878 347
1879 615
1880 349
1881 618
63 144
346 128
1182 115
1182 62
248 188
603 170
1882 15
1883 236
1884 164
1885 619
346 388
346 242
346 284
1886 443
659 111
1887 184
1888 495
993 276
1889 299
1890 163
1891 347
1004 368
162 341
1258 62
1892 184
1893 395
125 395
144 579
17 157
1894 164
822 217
1895 87
1896 380
1897 87
1898 50
1899 164
1900 620
712 471
1901 170
535 347
1036 46
1401 131
634 347
1376 557
1902 347
45 616
823 145
1903 483
1904 621
1905 219
1906 87
1907 338
1908 247
430 77
1909 164
45 219
1910 184
1911 507
819 119
1857 528
1912 22
1710 338
1411 247
1157 395
819 157
1912 165
1137 303
1066 450
1157 104
430 609
1913 354
482 395
1157 622
1914 395
68 303
168 129
1915 266
1857 502
125 129
1916 120
156 170
752 347
1907 347
1917 236
1104 385
1562 574
1918 145
1919 39
1920 347
1921 89
1922 137
1923 292
1924 106
1925 308
1534 623
1024 347
764 609
1549 395
1926 395
819 86
997 502
1906 283
1024 338
1927 595
1928 395
1929 239
65 61
233 256
233 322
233 562
233 535
233 584
1930 33
1931 33
493 184
1595 145
84 417
233 231
68 30
601 338
1932 184
233 147
233 577
744 106
1933 166
716 209
762 164
1934 332
281 68
233 534
866 421
156 149
1935 347
1936 119
555 125
1169 497
1936 157
612 343
233 236
1937 299
233 342
233 578
1866 91
233 17
233 297
233 608
233 369
1938 164
17 554
233 33
233 257
233 283
233 241
1004 534
233 595
233 395
57 17
1939 153
292 624
233 540
40 307
1940 217
1941 143
233 565
233 264
464 103
532 400
233 232
60 55
365 443
1126 239
233 219
233 303
1126 0
328 96
328 230
1942 625
1943 153
811 157
811 119
768 96
291 77
612 338
40 287
1944 127
233 319
233 9
1945 574
198 507
285 626
233 605
68 322
285 133
233 74
532 208
684 213
233 162
1946 144
303 596
1071 144
1947 608
257 408
233 392
1948 21
68 83
1949 99
1277 104
432 184
1277 356
1950 338
376 70
1951 309
895 265
1610 199
346 50
1277 345
1952 264
799 627
1210 15
1953 441
1954 374
1220 184
287 59
1955 628
1956 30
1957 380
1958 492
1959 364
1960 483
1961 374
1962 163
801 24
1827 247
1126 46
39 111
156 163
1963 293
1670 528
1964 518
1965 310
1966 163
1967 574
1827 20
1786 629
1968 629
1969 68
1959 33
1970 629
1971 626
611 620
193 146
1972 143
1610 184
537 402
285 162
156 46
611 174
1972 601
1973 380
883 374
1974 567
1217 62
1975 514
1217 182
1277 207
1976 318
1977 469
1978 579
1979 459
1980 347
1981 181
1178 410
1982 293
202 157
1277 395
1983 154
210 203
346 393
537 15
1984 611
1985 362
608 21
1986 493
63 320
1987 401
826 619
1988 128
180 138
1989 184
537 395
1990 413
1991 479
285 203
537 511
1992 361
68 362
1993 361
1994 283
49 239
834 401
1995 581
905 162
68 574
1996 628
1277 184
1997 630
1970 628
442 277
1277 361
1998 130
1999 365
1998 55
268 631
2000 213
2001 274
2002 622
2003 632
1980 335
2004 239
2005 395
1103 239
800 34
2006 345
332 92
2007 633
2008 395
2009 312
943 634
2010 220
837 407
744 220
2011 395
2012 0
68 365
1754 395
835 406
2013 72
1682 319
2014 17
442 284
1306 231
2015 635
1206 625
2016 636
2017 395
2018 57
2019 507
417 637
2020 290
731 0
1864 70
2021 444
17 444
687 412
2022 345
239 195
2023 422
2024 631
2025 143
239 408
2026 96
2027 293
811 400
2028 550
183 374
2029 131
183 140
2030 549
78 18
2031 351
2028 391
2032 17
67 190
2033 34
2034 406
2035 68
285 638
17 202
2036 495
206 639
412 266
1240 202
2037 515
2038 507
374 125
849 640
1601 195
253 191
2039 35
1276 114
2040 640
303 529
734 507
2041 441
2042 131
547 641
2043 467
2044 507
887 502
291 68
2045 492
17 364
2046 541
2047 199
2048 310
