8227 2364
388 406
245 185
421 364
1821 604
2049 429
1449 642
1283 101
2016 636
1904 621
2050 163
2051 619
951 412
47 44
410 67
547 641
1024 338
532 114
976 454
1640 422
1024 347
2052 246
1970 342
388 255
2046 541
2053 550
849 640
1206 507
1818 589
1624 575
1024 365
51 92
278 209
1001 483
1793 196
482 395
400 345
2054 567
1139 103
1809 601
76 100
253 191
2055 395
787 393
1467 541
849 576
1636 578
1024 639
2056 393
1139 182
2057 244
1859 387
1202 487
68 641
498 533
1558 123
1558 404
870 528
1705 68
226 168
1897 239
1717 594
2058 513
2059 91
1614 571
68 507
345 238
2060 492
271 306
903 437
896 435
982 185
391 97
1139 195
440 278
2061 366
1246 121
1747 123
68 636
1227 422
1139 543
1608 440
160 89
443 174
339 534
2062 491
2039 628
1348 141
400 538
1594 376
445 601
1611 487
663 72
195 157
160 481
387 356
641 353
305 141
1333 523
1550 560
193 146
346 231
2063 325
2064 95
1885 619
76 502
2000 213
2065 144
2066 505
601 334
601 574
68 601
476 68
2067 558
532 505
2068 406
1084 36
846 412
433 643
414 267
1032 185
1221 507
2069 244
42 40
1044 278
1968 629
512 300
1991 479
1221 564
2070 185
10 9
2071 48
276 206
2072 507
268 631
2073 184
1650 581
1069 185
994 406
959 26
319 184
1681 588
2074 361
640 352
2075 492
2076 644
1284 516
1277 564
1643 241
2077 48
412 266
206 71
2007 633
890 627
1392 7
1711 593
232 171
1599 536
734 278
268 204
2078 185
18 17
2079 68
58 53
2080 418
1816 602
448 250
1364 479
1468 538
172 131
797 397
2081 554
430 476
2082 314
1999 365
2083 119
959 253
981 184
2084 322
504 297
2045 492
346 35
346 89
537 257
422 603
925 37
1793 252
206 357
870 562
1625 22
430 144
1955 628
1324 27
1139 281
867 406
2085 522
2086 43
977 441
2087 413
532 119
17 87
68 204
1443 26
920 589
2088 165
969 160
2089 119
304 222
754 361
246 545
2090 412
935 507
768 96
17 425
1043 255
430 609
1316 521
1066 56
2091 145
2092 487
662 322
2093 645
316 93
939 140
2094 361
1655 342
2095 165
1184 627
2096 252
238 146
374 30
975 374
4 498
974 507
417 254
2097 627
1136 507
264 202
1131 483
1791 101
2098 256
2099 287
1095 310
2100 50
960 626
1839 574
879 427
2101 170
681 361
148 50
2102 108
2103 406
2104 16
309 225
1257 508
12 11
1438 278
782 646
2105 574
2106 361
2107 281
1680 507
1839 334
428 273
603 170
1996 628
960 394
2108 20
1254 507
2109 550
1879 615
404 93
2110 505
1764 288
1980 647
2111 554
2020 290
948 446
255 341
2112 91
2113 417
277 91
526 283
1168 496
303 340
2114 417
230 12
379 572
2115 145
951 455
285 394
174 24
2116 619
2117 366
375 248
579 25
1835 416
2118 615
2119 121
2120 329
88 76
2121 407
2122 394
2123 395
630 164
17 129
450 628
2124 508
148 116
617 342
1264 407
1800 220
2125 391
2126 301
2127 219
1828 211
2127 143
2128 648
2129 648
1040 8
2130 92
2131 412
2132 319
2133 406
261 391
384 25
285 638
1212 211
1485 549
871 377
285 209
17 255
1594 64
878 426
423 649
2134 628
2135 30
148 644
2136 650
2137 361
2138 255
169 130
476 289
476 22
202 157
1506 108
925 250
2054 538
644 184
343 221
2139 454
124 105
1184 190
2003 632
779 362
415 268
1724 154
1775 598
460 94
2140 576
2141 324
808 94
2142 574
559 264
1031 465
2143 631
2144 184
963 486
559 287
2103 407
1854 49
799 627
998 88
1787 599
2023 422
1889 299
271 361
1369 507
1392 628
494 396
94 81
2145 20
2146 131
109 507
1244 511
755 383
994 407
557 334
340 118
2147 255
2148 455
931 48
388 412
2085 250
334 232
1054 185
1984 611
68 361
611 648
964 453
353 165
1443 507
101 88
162 164
1468 435
2149 68
2150 146
379 251
429 145
1684 42
1687 535
2151 413
2115 184
2152 363
611 131
2153 449
68 628
1078 254
2154 651
2155 292
611 610
1400 534
308 224
552 412
581 145
2156 219
2157 150
611 379
533 223
2089 157
17 379
2158 332
1064 144
1436 260
1078 480
1722 575
163 56
2159 571
533 49
635 376
2160 574
2161 255
17 574
2162 211
308 228
1066 242
1066 388
2163 255
2098 91
935 492
2164 119
579 50
2153 16
1136 492
2165 609
1287 388
2166 347
221 507
144 558
1242 412
1778 608
968 395
2167 329
1024 343
423 608
1861 616
769 299
1778 416
1435 583
611 119
2168 567
951 301
651 250
221 36
1905 219
2169 100
72 108
2170 425
1130 305
2171 130
1868 608
2172 252
2173 495
2174 47
2175 652
2176 522
68 146
540 316
393 255
68 416
8 377
481 287
2177 653
36 184
387 19
1038 22
2178 406
290 216
623 260
552 35
535 347
2078 330
378 250
1259 365
116 56
2179 417
524 264
2180 507
517 157
517 119
221 564
2181 48
286 81
378 324
2182 404
86 61
378 236
476 74
848 404
1800 59
2183 351
415 269
631 162
2184 644
2185 537
41 39
2186 66
17 16
1126 0
524 287
2187 395
889 260
2188 412
1004 119
1176 507
1629 405
2189 314
2190 431
476 292
22 143
2191 654
712 337
712 471
671 608
623 431
2192 655
1042 93
1373 450
1434 655
2193 140
2194 650
107 48
2195 64
1071 322
487 406
1920 347
168 181
2196 55
68 648
1397 19
2197 507
990 7
894 434
2198 574
1182 103
2199 51
1621 573
2200 241
1353 528
2201 531
552 425
26 13
1310 51
2202 55
390 257
415 270
411 25
2203 304
2204 364
609 148
2196 364
145 49
628 9
530 310
1666 140
1761 89
2205 308
2206 312
1267 615
117 99
1778 226
1778 153
1562 338
366 245
2207 347
2208 119
538 315
499 656
36 145
1921 375
678 103
496 164
2209 30
499 507
2210 621
1176 621
935 656
2211 70
632 346
849 428
1478 546
762 125
1828 621
1411 304
2212 87
2213 206
1906 87
40 628
22 87
2214 118
392 258
423 119
248 188
705 368
646 319
2215 91
997 502
1826 606
525 307
178 135
1710 458
712 115
467 206
17 89
774 111
1869 483
250 189
1066 284
547 608
1854 223
2216 308
678 62
2200 366
2217 184
1184 166
897 377
383 85
164 556
1525 147
150 88
2200 91
1042 469
2218 282
218 210
1656 584
462 145
2219 299
218 162
683 37
190 385
2220 253
608 657
996 57
849 414
1802 23
849 372
1486 313
2221 460
2222 621
570 253
22 16
2223 622
96 83
1595 145
1877 509
294 218
22 116
68 57
1562 343
2224 395
918 184
2225 658
144 177
244 343
1590 104
2226 277
2227 314
199 203
78 101
244 237
826 418
826 244
342 343
1518 553
2228 659
17 550
745 492
107 92
259 197
2229 84
1374 236
1189 239
1101 531
2230 459
501 150
2231 660
423 321
2232 332
2158 621
382 253
2233 299
346 50
2234 661
698 150
2235 611
1139 115
1469 542
2236 301
68 492
684 111
1082 332
2237 36
2238 374
2239 550
1183 571
248 425
1139 62
1894 412
935 352
1384 250
2240 335
684 213
2241 661
1086 481
1402 24
335 74
2096 661
684 623
1970 648
384 660
342 237
1471 332
1471 655
2242 490
1087 436
212 158
635 184
2243 74
44 42
346 393
2244 628
1610 199
1438 256
125 116
1438 58
1066 191
1087 605
1929 116
1552 338
346 314
199 70
1710 338
2245 507
1569 284
2246 304
716 394
125 400
979 101
1652 389
764 274
2247 185
1940 217
17 412
1169 497
2248 321
1569 242
1555 562
2249 246
355 160
355 141
1940 70
496 184
1718 528
65 61
248 314
84 417
1586 619
2250 621
182 139
828 395
1586 4
2251 321
819 400
747 182
45 312
233 256
233 319
233 26
175 395
233 48
2252 184
233 273
2253 74
2251 144
233 629
2254 46
1334 524
233 136
233 206
233 21
233 203
233 342
4 503
40 21
2255 364
233 427
2256 385
233 230
233 96
721 358
233 218
2239 143
2257 661
233 628
400 558
233 30
68 74
727 78
233 554
1118 84
118 100
233 416
659 627
233 283
233 318
802 373
1136 656
2258 38
233 434
233 621
233 404
233 211
233 616
1918 184
233 365
2259 662
227 93
233 528
40 577
164 126
608 202
1295 472
257 408
2260 661
257 195
1214 308
203 32
1531 555
725 385
1046 360
40 465
2261 174
233 571
2262 628
401 57
2263 125
233 533
233 507
210 410
2264 591
2263 322
2263 57
1046 234
639 408
759 384
22 68
2265 660
1600 38
204 151
95 66
2230 239
2266 321
60 55
815 145
1046 235
521 303
2267 324
195 147
68 660
40 103
40 115
40 62
40 487
40 182
233 158
684 104
1700 310
2268 663
1182 115
303 394
660 605
2269 587
1220 184
233 287
233 648
1876 142
1854 408
233 242
1087 613
2270 661
285 210
285 399
233 278
40 158
2271 661
1076 479
2272 219
1052 473
1992 361
225 167
759 514
1985 362
1591 338
156 621
40 218
2273 661
2274 395
2275 664
1117 111
289 215
2276 7
17 7
2277 412
1260 361
287 59
938 0
327 665
2105 366
277 364
171 22
1202 337
2278 395
2035 163
2279 641
8 404
2280 75
1202 471
68 587
68 528
2281 334
231 58
880 44
943 634
1217 408
1284 479
691 239
1943 19
2282 621
884 429
156 19
2037 515
2283 182
51 154
2284 42
364 310
429 184
1549 42
2285 304
1953 441
2044 507
327 349
373 281
1975 514
671 202
2286 666
230 169
675 184
1367 361
364 243
2287 35
49 46
624 344
349 21
1719 435
246 550
2288 506
930 337
485 290
1971 337
2289 667
218 394
866 421
46 43
90 78
2290 58
2291 184
865 351
2292 661
372 209
442 277
291 236
2293 406
736 378
557 322
270 205
2294 464
557 30
837 407
388 301
1367 661
2295 668
1778 196
418 625
2091 184
531 311
1990 413
210 156
590 661
361 204
2296 669
2297 669
2298 660
325 229
86 57
829 382
2299 661
2300 91
2301 334
371 320
2302 361
2293 661
1202 115
1822 273
2303 329
2304 195
2305 57
2306 526
1089 482
819 86
2307 344
1576 60
205 176
2308 325
39 213
418 251
371 321
197 148
2306 670
2309 669
1381 531
68 526
506 50
2310 410
2311 450
1997 630
285 626
2312 457
2312 12
623 444
285 133
466 669
2313 661
2133 34
1338 366
1251 413
2314 11
2315 366
1078 661
280 200
737 259
837 455
50 72
485 17
2316 358
2317 41
327 224
2318 549
2319 671
331 669
2320 661
2321 672
205 152
64 60
2322 74
442 305
2323 253
127 107
2324 394
175 626
1005 434
782 303
367 220
22 90
1793 184
17 332
331 98
1272 424
2325 35
2326 355
274 138
353 320
870 669
311 215
68 216
2327 184
2328 619
1618 62
2141 313
858 185
205 419
2329 637
1260 608
506 355
356 72
2330 162
22 366
239 281
2331 669
2116 216
2332 661
315 200
644 669
2333 20
934 673
539 669
2334 661
239 195
2335 184
2336 571
2337 366
2338 661
2339 366
2335 669
2340 202
2341 160
159 123
2342 660
17 669
68 434
2343 260
2069 119
994 59
79 41
782 70
2344 669
68 661
1119 489
2345 674
516 255
8 7
823 34
2346 323
2347 601
210 675
1698 8
2348 325
148 55
2349 305
2350 429
2351 538
2352 47
1703 487
277 669
2353 661
148 87
1324 168
404 661
731 183
350 87
1575 568
2354 2
2355 338
2153 187
2356 321
921 429
122 18
13 432
1696 123
2357 669
1350 18
2358 361
2356 144
2359 418
2153 19
2360 10
1026 36
2361 667
1511 499
2362 283
17 661
2363 661
172 124
2364 661
47 515
2365 355
421 669
2366 655
2367 174
1392 661
98 85
2368 661
536 314
2369 673
2370 625
2371 449
2372 35
2373 102
2374 621
2375 344
1268 214
1392 243
49 47
1563 121
1686 163
1674 104
2376 676
2377 149
145 622
2378 184
2379 660
476 55
2380 248
329 433
1840 293
373 195
311 16
2381 217
2382 661
213 119
2383 68
2384 661
731 68
2385 87
2386 661
2387 661
1104 56
2388 87
84 669
2389 374
2390 661
532 234
625 382
518 673
1329 442
2391 621
2392 351
1684 140
1219 665
484 184
963 452
2393 252
2394 660
318 660
2395 174
2396 677
2397 195
148 656
2398 87
2399 495
2400 669
870 184
2401 34
1665 586
2402 382
867 660
549 15
2403 50
2404 34
2405 660
517 406
2406 250
199 156
2407 22
167 87
2408 332
509 573
2409 661
1837 538
111 95
547 121
1542 678
1171 470
2410 186
762 144
2411 483
2412 318
762 164
17 654
966 199
2413 650
2414 321
2415 410
206 639
2416 154
935 654
1296 41
2417 174
422 271
2418 460
2419 143
71 460
2093 495
310 254
695 187
1399 382
437 68
2420 648
559 483
935 361
2421 661
2422 460
2423 628
2424 133
1819 287
1376 460
1397 314
447 144
430 108
17 19
2425 406
2374 627
1342 364
1721 679
2426 680
2427 627
2428 681
2429 219
2430 37
1596 628
437 91
1959 507
1793 460
2431 100
22 682
731 375
901 48
2005 395
1264 608
2432 683
2433 0
17 450
741 332
2434 637
851 416
2230 418
61 56
2435 302
2436 669
2230 597
2437 661
1301 81
144 117
628 206
2438 520
2439 460
2440 83
1840 460
2441 37
411 669
2442 299
474 60
623 290
2443 72
2444 684
2445 507
68 299
2446 460
2447 669
2448 425
1074 685
1729 661
2449 460
2450 195
214 419
2451 412
417 285
353 143
1087 686
912 406
318 665
2452 685
2005 661
2453 25
912 16
2454 163
475 256
2455 328
2456 288
68 200
517 301
68 669
1793 223
2457 140
2458 302
2459 35
1179 109
697 8
2460 7
2461 523
2462 16
2463 661
2464 460
2465 144
40 145
445 205
2466 625
2467 422
1303 687
552 89
612 343
2119 661
13 12
1303 340
71 608
2468 677
2469 688
2470 493
790 100
935 134
979 18
1828 660
472 283
8 66
1047 191
811 157
2471 460
2472 412
40 53
2473 184
977 310
400 687
2474 460
2475 327
1250 504
2476 290
2477 665
2478 689
1466 329
2024 318
1856 615
2477 290
2479 254
731 455
1644 195
2480 75
2481 39
1740 660
2353 41
761 656
537 254
1708 493
1013 628
1234 355
1013 355
2482 661
1619 72
863 420
482 669
1616 520
1271 420
2483 553
649 87
2484 255
611 499
1259 237
2485 685
2486 661
775 302
586 329
17 656
2487 379
2488 669
1013 365
2489 24
445 24
2194 600
2490 661
2491 414
317 656
1772 486
1696 404
2492 366
2493 520
17 532
1813 252
1492 520
146 579
125 331
912 22
2494 46
1312 493
68 600
912 360
2495 22
2496 460
2497 499
2498 495
912 690
1874 24
1981 361
449 587
2499 255
2500 661
2501 14
1238 508
1772 534
1884 691
2502 14
1068 478
2503 161
2504 460
950 258
761 22
752 470
2505 628
63 144
1048 452
22 287
2506 428
2507 464
2508 4
1040 124
68 460
1827 20
2509 414
2510 235
2511 649
1492 336
2512 116
437 128
319 145
68 273
2513 459
557 237
2514 321
557 343
2515 620
2516 268
2516 269
2516 270
411 16
164 661
2517 240
2518 207
2519 579
2520 470
2521 16
48 45
2522 235
163 321
2523 35
108 234
17 91
1526 16
2524 557
205 180
1466 493
750 378
1179 154
2525 447
2526 355
2527 692
2528 692
2529 206
608 197
2530 22
151 69
722 177
2531 693
214 159
2532 163
2533 474
2534 206
2535 273
2536 60
2537 628
2538 661
17 74
708 187
2539 25
1912 165
1339 184
703 258
2540 252
2541 184
2542 576
2543 77
2544 260
1697 39
985 660
2545 91
761 37
1069 420
1752 669
2546 170
2547 460
600 660
608 375
2548 354
359 77
2314 354
2549 143
659 287
695 660
2550 514
600 143
2546 72
2551 299
2548 558
1540 0
2552 661
2553 347
2554 193
2555 491
221 312
2556 366
2557 221
2558 28
2559 507
2555 347
772 621
2560 649
1979 459
2561 58
2562 315
157 64
2563 366
2564 335
134 113
678 195
2565 153
2566 84
2353 660
405 143
2567 56
2568 507
2569 72
645 163
492 660
699 34
720 29
423 427
2570 149
2571 304
2572 660
2304 337
645 65
2573 235
2574 227
1087 694
476 84
2575 329
142 660
716 209
119 102
104 90
539 184
2576 680
68 308
1023 363
2230 116
2577 483
191 8
2578 214
1401 299
2579 695
2580 304
2581 304
2365 427
2582 97
2583 366
125 366
1104 150
1066 231
1189 595
2584 145
745 46
745 47
745 239
695 143
2585 310
2586 366
2587 16
1647 214
2588 591
63 124
2589 177
2590 571
2591 114
2592 104
68 206
2591 138
335 84
2593 56
335 22
335 68
2594 665
703 692
335 130
2595 499
1894 177
69 143
2596 661
53 366
2597 217
2598 145
1157 366
9 8
2599 696
2600 153
2601 184
2602 396
1637 103
206 574
2580 227
2603 366
2604 366
2605 104
2606 652
68 123
2607 24
2603 187
2477 486
2608 495
221 656
745 366
2609 595
2557 697
68 652
2610 459
233 58
233 534
1123 490
355 217
1274 174
430 124
2611 417
1562 334
233 636
535 491
1937 299
233 35
107 310
747 115
2612 219
714 370
2613 58
17 46
2614 343
233 138
233 663
233 601
2069 37
2615 332
1562 153
257 103
218 209
1055 39
608 416
233 568
2616 7
233 310
66 543
233 146
233 91
233 307
233 659
737 198
2617 396
757 675
2618 244
2619 152
1397 396
430 684
1390 72
660 694
233 16
233 536
2620 443
156 443
2621 660
770 386
535 483
40 616
233 619
233 384
365 244
1778 635
2622 507
233 174
2623 211
1594 698
291 77
40 200
370 246
391 60
2624 46
2625 447
532 46
233 238
2626 177
2627 109
233 412
142 109
68 211
233 104
1202 182
1202 408
233 208
233 217
2628 371
233 88
2629 374
811 400
2630 491
233 406
2624 364
17 364
233 308
2631 157
2632 645
2194 408
2633 661
40 174
2634 661
828 699
2635 206
2636 661
2637 199
2638 396
2639 187
68 220
1828 220
2640 545
1929 206
1806 499
2641 541
783 153
2642 649
784 386
1586 664
1436 420
1792 661
2643 304
1299 46
764 609
1995 581
601 338
773 236
733 87
40 47
2644 669
1594 79
216 161
2645 218
1778 30
239 408
1012 141
1012 160
2646 661
285 162
164 548
196 509
2055 661
1778 114
2647 347
180 138
2648 700
39 111
1268 701
2649 292
2650 321
370 576
2651 660
95 475
269 84
2652 395
790 502
88 433
1971 471
2653 68
2654 184
2655 541
2656 150
220 164
2657 701
2658 344
1691 589
2659 17
768 111
1238 202
2660 661
2661 366
2662 677
1980 639
782 418
2663 227
1980 153
281 130
281 22
1185 669
464 62
781 390
1258 62
1386 532
2664 355
2665 72
349 46
2666 506
2667 366
2668 162
795 208
246 531
795 47
1571 302
1610 361
2669 356
562 59
2670 661
907 435
103 391
2671 444
2672 233
639 62
2673 46
2468 208
1535 209
2674 115
527 89
1980 347
2675 319
2676 62
2677 215
2678 323
2679 460
2680 39
167 37
509 38
311 649
623 420
1723 364
1633 577
2681 552
167 661
1314 661
2682 243
875 424
2683 492
2684 12
2685 595
8 243
2686 418
1233 400
750 660
2040 428
2687 418
1589 91
1233 119
319 34
835 646
588 252
1697 520
474 97
2688 460
835 406
2689 661
371 227
1296 518
2690 661
303 652
2691 702
2692 329
2693 460
68 545
2694 351
967 111
2695 321
353 240
1778 527
239 543
608 651
660 536
2696 380
1270 399
1703 115
356 170
1274 127
242 184
2697 399
2698 170
897 507
1306 166
820 496
506 56
2699 150
830 24
2339 412
897 492
2700 116
2701 259
2339 116
1373 134
2702 487
371 125
371 322
2703 364
2704 418
2702 281
2702 337
2705 150
2706 660
417 637
1994 283
1778 418
591 576
2707 400
1802 322
1970 107
2708 703
206 610
1015 422
2709 50
2710 343
1823 645
532 400
2711 109
2712 703
664 361
2713 576
2714 661
2715 410
2708 146
2716 184
2717 184
2028 364
2718 75
2719 505
2141 8
103 277
2720 305
2721 146
2722 661
566 10
2723 625
2047 199
2724 281
2725 401
2726 661
2727 398
2728 264
17 264
337 233
17 646
1013 264
532 398
2729 704
1478 547
181 111
2730 628
443 236
443 418
291 8
940 421
2731 384
920 550
2042 150
630 84
131 110
443 160
2732 578
339 520
1764 146
2733 705
2734 706
1438 537
2242 703
2735 239
2735 208
181 0
2736 391
1785 544
2737 321
2738 406
935 661
17 321
17 116
1853 555
532 321
2739 321
2000 476
108 94
2740 640
2741 552
687 412
2742 173
2743 318
1378 507
456 442
2744 177
2745 654
2746 246
847 413
68 241
2747 460
2748 487
2749 395
2750 422
2242 146
1256 259
2751 707
1153 74
2752 357
2753 173
430 274
2754 196
2087 377
2755 507
2756 68
2757 661
1040 247
2758 181
695 91
666 204
2759 318
2760 58
17 58
2761 325
2762 708
2763 649
2168 153
2764 649
1332 366
349 0
2765 89
1925 109
2766 660
2767 661
578 88
1903 665
1903 155
2768 255
2769 29
2770 435
411 649
284 20
2771 608
2772 639
2773 107
2774 709
2774 184
2775 431
1622 709
405 51
2776 649
1202 422
2777 639
2750 431
768 90
2491 428
291 65
497 112
2778 570
497 499
960 431
2134 710
2779 183
2780 589
1639 453
2781 77
327 228
443 259
608 351
2782 163
430 247
1347 418
2783 647
2784 258
1897 184
17 586
2785 314
994 506
364 293
2786 53
331 406
2724 711
2787 361
2788 295
2388 314
198 114
2789 293
2209 401
2790 496
1341 525
1276 457
17 709
2116 229
1148 490
2791 7
2792 673
2793 660
301 220
2794 500
2795 184
364 7
890 315
2796 640
1148 642
1184 8
953 184
2797 660
1325 489
2798 406
1217 281
68 81
467 552
2799 689
2800 645
1279 398
68 310
655 357
1263 309
2801 406
2802 396
479 383
1184 303
224 166
2803 413
2092 337
2804 709
15 14
2805 406
2806 660
2807 490
1184 395
509 445
1268 544
1038 699
2808 184
2809 406
2810 229
2811 506
1659 407
559 313
2812 712
2162 660
2813 93
17 93
1268 351
2814 184
1432 56
1778 646
2815 709
495 295
2816 322
2817 713
54 50
2818 250
2819 412
916 7
633 195
443 163
2110 121
2820 579
1795 29
2821 367
2822 351
768 709
1042 411
342 110
2823 123
2824 74
2825 12
2826 152
2827 81
2828 143
281 68
1952 264
2829 109
119 709
977 713
2065 188
872 423
2830 184
2831 138
768 184
2832 709
2833 661
2834 10
179 136
2835 35
2836 714
230 521
695 14
1863 529
2138 295
2837 709
45 589
581 184
119 184
2708 124
1198 422
303 234
2838 499
2839 709
2840 116
539 709
2841 596
2842 211
2843 715
2844 535
45 424
2845 229
2246 123
2840 579
2846 479
2847 716
831 709
2848 395
1321 494
2849 58
1308 453
1139 711
2850 717
1139 718
384 239
2851 264
1933 107
497 661
1139 477
1383 127
2852 406
1982 713
2853 109
17 125
1036 146
1788 520
2854 74
2855 660
1263 396
2856 138
484 406
2857 274
2858 645
1975 395
342 347
80 283
1114 719
2169 62
129 109
68 396
2859 412
2860 266
277 645
658 184
342 338
601 347
2861 146
2862 366
443 271
109 361
387 83
2863 544
89 321
68 709
426 68
