8227 2540
1448 313
737 198
17 240
259 197
5383 350
534 184
934 349
640 879
5399 348
3442 468
1671 553
737 259
181 709
118 100
524 558
1270 399
224 166
4814 854
2399 495
2593 25
535 313
403 263
221 869
1078 480
697 8
1992 753
5432 875
997 457
535 558
168 181
124 137
508 312
2270 348
227 93
501 150
5434 440
1780 746
1819 287
3812 744
5435 679
2741 587
1780 433
1780 738
1448 558
3812 33
3587 70
4325 783
918 184
3249 783
1780 23
3791 622
524 287
1257 731
3652 250
5436 622
5437 23
3609 86
164 556
3609 157
443 271
2136 650
2948 461
3252 755
5438 753
5439 766
220 122
1943 234
3203 348
119 102
880 44
2697 423
2247 348
4148 822
4112 509
208 154
5440 832
1373 695
4947 429
255 341
3485 856
2697 210
1552 404
3537 313
4868 858
142 851
1452 23
5191 174
3511 376
981 184
5441 239
2230 376
2825 457
5442 348
1531 555
802 373
3049 25
36 184
5443 750
104 157
17 239
2078 348
2225 658
179 212
86 61
959 26
1948 21
535 347
104 90
2605 111
185 142
5264 150
3845 802
5444 656
321 405
3762 798
1007 239
645 163
5445 313
2232 715
1719 435
5446 585
1179 154
725 690
1554 0
226 168
4446 864
4800 580
4991 399
4382 399
5447 690
150 205
472 283
1806 579
535 483
2076 98
5448 409
5449 821
318 765
1670 186
2878 865
5450 431
2175 652
346 314
2366 655
3857 816
346 35
570 253
346 666
5063 456
997 590
684 213
4 498
443 409
739 490
146 579
3612 876
5451 21
212 158
233 571
233 875
4176 336
1878 347
5452 43
562 34
169 130
134 113
819 119
1655 342
570 184
39 213
146 756
1042 469
1202 471
39 111
3349 873
84 34
2275 664
233 289
233 716
5453 710
197 148
344 233
819 86
2456 288
233 30
218 210
5454 386
3311 612
1527 869
3880 286
4 503
1212 211
68 715
3480 746
3029 777
4098 679
4752 622
4 843
3273 817
230 169
285 399
5455 281
832 347
4 885
5455 477
285 638
5391 865
56 52
2564 845
233 766
1828 641
160 481
5456 865
268 204
2216 666
525 307
233 364
3060 801
5457 500
449 587
1012 141
1905 219
5458 120
624 344
76 100
285 209
784 386
5459 21
3273 711
285 210
306 201
5460 418
1042 765
2948 746
1629 405
417 254
938 824
1785 544
2810 890
2925 641
1629 824
233 822
270 205
938 405
216 161
2526 98
303 489
303 354
1242 301
303 174
337 233
303 744
349 21
169 690
5461 210
233 328
5462 621
1359 585
233 865
233 585
233 746
238 146
1359 862
233 283
233 463
233 586
1206 507
233 772
1652 389
233 40
233 765
5463 489
233 380
233 544
1642 354
233 879
36 145
233 837
233 876
233 509
907 435
3317 150
233 211
3351 612
997 510
231 58
233 14
5464 20
2186 313
233 244
616 590
4739 348
4676 847
221 507
308 224
997 262
5465 867
1211 765
68 845
233 43
5466 865
233 243
2708 150
233 288
400 510
429 184
966 199
400 590
1049 471
328 230
285 394
8 243
506 304
2134 710
574 325
5215 350
5467 891
713 409
1994 283
506 56
63 467
2579 880
2708 38
885 875
1733 679
267 756
76 726
1917 236
285 22
866 421
1306 490
42 40
5468 348
410 67
1601 325
1599 536
736 378
3669 277
5020 660
5469 660
675 184
267 579
1019 271
5470 506
328 96
5471 398
429 145
248 793
142 660
417 285
1279 398
400 784
3426 772
5472 38
1034 825
423 859
423 141
997 784
382 253
181 96
423 123
1985 362
1723 184
5363 852
1300 351
196 14
4752 143
1821 604
5473 213
39 38
1261 869
17 143
339 39
659 351
4752 399
433 643
4752 259
239 650
611 141
659 769
716 399
1052 473
311 16
68 174
5421 690
1696 123
5474 590
5229 877
867 184
442 277
1364 479
2216 396
371 227
1934 332
1216 145
5475 24
716 210
3312 660
623 489
3383 770
39 147
2162 211
1557 563
1114 719
2590 571
4304 460
1853 24
2306 670
1378 544
5063 14
5476 355
5477 348
1276 563
304 222
5478 184
1296 41
400 687
171 22
400 340
8 869
2294 464
871 376
379 727
1607 811
2654 862
47 538
346 396
400 558
716 638
346 450
623 431
884 429
5312 601
716 209
1276 601
5479 439
5480 622
1381 20
4725 489
5083 509
5481 248
498 533
5482 322
2306 526
5483 341
1047 191
161 622
1244 814
1189 239
210 876
1853 201
1863 529
379 251
421 862
18 17
5484 234
49 239
1321 494
2032 17
480 862
5373 376
1647 214
2012 869
3748 41
5374 869
414 267
3236 737
5485 869
3534 304
1042 847
5486 46
417 849
5487 350
4752 350
8 66
2928 424
896 435
2713 612
2939 746
1740 211
86 57
5488 869
5489 136
174 24
5490 660
5263 571
1394 357
879 427
5491 23
2369 673
1131 313
17 350
2141 579
2134 845
5492 869
2134 869
1435 85
2557 697
5493 506
353 240
353 143
5494 736
340 118
68 660
2144 184
948 446
552 412
5495 25
3461 404
5496 452
1678 587
921 429
5497 317
2154 651
318 660
1023 23
3609 119
3458 325
305 141
335 679
335 622
2192 655
615 745
312 226
178 135
107 92
3354 527
977 713
411 25
2319 671
678 702
5389 592
2344 852
954 662
681 361
327 224
3091 534
3088 506
264 202
887 449
8 7
1231 431
2353 41
5248 878
5481 559
5498 892
963 452
5415 379
415 268
894 434
257 408
371 321
782 160
5283 832
364 7
5346 714
1333 873
5499 265
148 396
3084 723
1127 764
391 97
488 14
559 313
1033 456
1160 47
487 764
3385 313
3649 660
4752 91
5500 862
68 527
1492 336
2083 119
867 175
908 288
2240 153
4075 137
285 68
782 119
93 80
1376 275
5289 873
919 313
5501 763
2566 789
967 111
997 702
3491 889
5304 883
2365 793
997 687
68 137
284 20
5124 868
5502 687
3731 550
1376 460
2659 17
1063 395
1325 489
371 322
5110 22
2153 460
623 444
5503 458
1537 217
3646 690
997 848
5304 828
346 231
1294 11
5504 294
1881 618
3646 130
889 260
346 294
4752 317
1647 294
925 37
925 250
139 579
547 641
674 332
1219 260
476 68
912 184
342 343
346 242
476 679
5505 120
5506 715
768 111
5507 875
5508 184
2535 273
5509 196
5510 893
5511 724
400 848
448 250
5512 862
476 622
476 289
476 690
5513 400
1183 571
476 74
335 292
476 292
335 22
335 84
2264 591
335 234
4503 501
335 235
5514 862
499 507
335 324
3351 590
476 22
539 175
1975 350
5231 865
2570 149
1034 815
335 15
4334 179
335 236
5515 736
5516 68
5517 276
365 244
5518 862
448 163
5519 310
1860 826
546 288
1686 163
2022 345
5520 862
5521 456
3942 505
1721 679
5324 845
2248 467
144 558
2836 714
4214 826
5521 363
4468 348
3677 776
4487 838
656 326
5522 702
5523 461
1148 490
2232 332
2394 660
5524 679
1400 534
627 317
5525 350
3487 274
199 203
319 184
54 50
1294 184
483 725
5526 737
242 349
1327 96
5527 894
1665 586
2697 399
2648 700
5528 832
2741 552
5529 893
1968 629
2480 26
417 637
335 289
1074 829
9 8
2000 213
4251 862
441 859
5530 603
1137 738
437 196
5531 666
895 265
5532 391
402 246
5412 888
5103 866
144 117
5533 274
956 895
2079 350
3270 759
1677 225
5534 862
4550 841
483 23
4586 765
5535 815
1710 458
5536 184
1772 534
1283 101
68 738
193 146
5311 859
3723 701
1680 23
752 287
327 349
1060 439
335 68
210 520
752 313
1912 68
1543 313
5537 826
5538 896
983 591
601 574
1877 509
205 176
537 174
5539 325
2864 701
5540 430
5541 68
79 363
3222 19
1040 274
2172 865
3879 411
79 129
1023 363
1337 401
441 227
934 431
935 654
5542 81
17 81
3708 350
335 737
4752 391
934 673
635 184
1772 486
51 92
518 673
5543 391
532 679
3218 236
5544 274
1299 401
2803 413
1779 736
524 483
4213 612
5545 385
5546 363
2319 457
3474 585
190 690
1294 832
5547 280
1154 690
492 243
4697 348
497 574
1448 328
1270 210
2121 407
935 862
371 125
339 534
5548 163
3717 897
5549 898
1558 404
5550 328
2206 312
1344 58
423 336
4085 877
69 143
2240 226
423 421
423 592
5551 141
17 141
2172 252
935 240
3532 313
641 401
3358 221
5552 748
2923 825
5553 865
3605 120
494 396
5554 313
779 362
1442 280
3173 40
2305 285
5006 799
210 410
5555 382
225 167
2660 273
935 58
5556 358
428 273
702 313
4537 357
1694 358
4517 641
514 350
2316 358
887 898
1376 30
4647 65
5557 273
721 358
366 245
1575 568
71 608
5558 401
5559 484
1399 382
51 851
51 179
5560 143
5561 273
3281 601
51 154
764 274
5562 22
5291 880
4085 745
2797 869
1485 549
443 198
5320 750
1322 899
646 869
476 84
162 341
2797 845
5563 292
476 324
2115 184
3467 282
5564 8
1087 694
2697 569
1139 781
5565 452
1488 120
3472 34
205 900
476 236
5566 184
1724 154
935 352
1257 508
535 328
703 701
3774 360
2434 637
2169 100
1726 826
651 250
5567 449
4538 30
5568 14
1800 220
571 545
4106 420
1334 524
526 283
5569 265
2520 10
608 73
7 96
80 690
1068 478
1726 325
5570 574
3138 507
1086 481
935 507
655 499
870 865
5571 425
2185 537
4852 457
623 420
1175 284
3617 786
1376 449
3741 65
5572 832
248 425
5573 459
1779 499
3778 800
1726 290
475 328
1127 506
1476 328
5574 391
5575 534
5576 708
1449 187
2476 290
4259 34
1287 388
5028 65
1616 520
3418 39
205 747
4085 113
2476 349
2725 401
4215 328
108 94
5577 901
4786 314
951 412
1726 336
108 234
335 690
977 441
4393 164
5578 374
5579 396
4354 25
5580 349
630 164
2375 344
5581 862
1726 527
1036 363
2375 673
632 346
5582 307
1046 74
5583 65
374 30
443 418
52 65
5584 746
371 63
1970 893
5585 317
308 228
5586 869
88 773
5587 271
364 310
4488 832
3390 702
95 66
1802 23
451 610
17 317
364 243
2577 184
5588 317
5589 134
5532 317
5590 317
1066 242
5591 280
483 14
5592 184
218 162
5593 317
5594 317
483 33
248 188
2032 486
127 107
3749 795
4586 317
609 148
218 399
1349 401
5397 317
5595 680
5596 317
5597 348
218 394
535 117
3390 421
611 690
2239 391
601 747
1314 317
601 900
5598 317
5599 622
125 317
1319 317
5600 317
870 184
5601 317
1314 107
1069 845
5602 317
3812 364
5603 388
633 819
1087 686
5604 317
5605 317
2239 579
423 317
5006 340
423 65
2495 317
5606 184
5607 317
3851 628
3238 317
68 865
5608 317
4936 826
4217 205
5609 33
5610 865
123 104
4952 34
4299 308
5611 68
5612 888
1333 800
5613 65
5614 301
4402 188
1971 471
1800 59
2045 492
3495 845
3495 376
687 59
1089 887
611 455
4483 837
5615 622
5616 859
5617 320
339 280
1009 129
1883 68
499 656
5618 862
1959 14
596 66
398 814
2171 130
666 204
5475 348
17 455
5619 902
3237 327
4085 72
849 428
2878 211
5620 163
3080 642
849 372
5621 736
5622 886
5623 690
232 171
867 886
3302 412
1254 902
1492 765
167 16
1189 886
4910 875
5624 472
1023 129
1031 465
950 754
1853 641
1501 509
517 301
524 264
5625 58
2876 388
2608 495
3774 55
1284 728
2131 886
4085 58
1004 364
826 410
17 736
4534 564
2826 472
5626 902
68 401
1339 184
5627 175
1521 203
1972 601
2534 206
4413 234
2878 252
5151 41
475 313
983 424
80 364
5628 128
5629 366
826 376
5630 354
751 42
751 875
172 131
1448 117
5631 886
182 139
539 184
483 507
483 492
2962 134
5632 902
221 622
938 709
5633 622
227 417
117 99
728 5
1492 345
1870 617
5634 308
227 622
4041 749
3359 375
5635 832
1810 736
1005 434
659 892
5636 391
68 886
1148 642
1139 281
5637 304
683 37
1811 252
3252 903
1861 616
3755 472
5638 335
20 859
5639 552
4507 320
5640 317
535 354
1105 431
5641 36
635 877
675 145
5642 391
17 391
1717 594
3774 891
713 391
4534 507
4603 827
5643 886
195 147
1810 483
4065 317
4086 16
3613 24
2136 781
475 277
5644 284
5645 376
195 519
5646 736
3819 424
195 157
3755 736
5647 37
5648 904
1595 184
2505 112
5649 85
1721 467
2216 101
1534 111
1521 281
1449 824
447 567
1966 37
68 587
68 468
5650 886
4660 628
5651 679
5652 23
116 763
1299 239
119 827
116 277
5210 63
2355 226
116 580
996 905
481 832
5653 299
670 305
2279 641
636 349
119 869
2374 449
5654 898
5655 376
4926 839
278 209
4887 396
481 579
804 212
447 144
975 374
5656 63
1438 278
5399 376
5657 348
5658 626
5659 320
5660 8
5661 23
630 312
1402 24
430 247
660 686
17 230
3774 292
430 274
769 299
147 118
2921 721
4645 756
3718 84
1818 589
3785 313
125 280
4645 579
570 299
656 214
291 65
3774 320
1710 322
125 391
5662 56
17 56
2571 304
71 579
4012 256
7 230
4314 831
1443 253
109 842
5663 299
5591 842
717 579
2544 260
559 85
1813 589
5664 217
1355 96
1036 33
2289 667
68 905
181 230
1036 261
1245 905
996 869
559 264
3523 63
1885 619
5019 14
606 886
1164 281
5665 324
5666 886
5667 906
1568 565
1970 283
5668 147
17 147
78 906
5665 292
1066 284
1139 122
5669 33
1139 477
578 715
3515 544
2522 63
703 434
5670 184
5671 253
472 101
5672 120
912 875
3526 660
5673 384
5674 905
3757 23
5675 186
198 736
3757 507
5676 597
68 869
3105 642
728 526
68 434
2615 862
475 256
144 354
1443 363
4845 842
233 894
1443 129
144 328
853 869
5094 179
5677 906
559 287
5678 355
78 101
2031 100
2365 355
5679 187
1373 134
938 213
5680 907
3039 131
87 724
440 278
3774 128
80 129
2374 774
5681 280
233 376
5682 33
233 628
5682 456
5262 875
5683 348
3275 600
1688 122
5684 592
4447 169
17 417
5685 611
5686 856
5687 23
233 174
772 33
233 307
233 458
321 824
5688 192
401 313
5689 23
267 832
233 893
2198 63
532 456
4503 638
708 187
4331 289
1999 491
233 845
5453 905
3517 753
996 184
233 318
233 107
5690 457
40 21
1066 128
267 313
40 527
5691 845
233 725
5463 239
233 592
233 770
4840 751
233 841
233 227
1600 38
233 744
2730 217
2390 243
5692 8
959 253
3394 68
5693 702
4772 501
742 58
1295 472
388 301
1182 122
233 290
233 140
233 862
233 158
233 468
233 629
1182 477
233 456
233 553
3919 799
233 65
233 68
233 379
233 120
40 307
5694 361
233 461
3060 781
281 234
233 899
5695 690
233 852
233 861
40 733
40 819
233 217
40 817
40 553
5622 831
5622 192
233 179
233 384
1202 122
17 601
5696 334
17 334
1854 49
3004 114
578 527
4504 601
2390 455
17 765
285 626
684 111
2390 765
5697 554
1876 142
285 501
1185 886
3011 192
739 765
285 162
40 592
1284 516
1854 223
3109 141
815 145
1352 389
1356 401
997 372
997 428
1586 896
17 211
1066 89
5698 57
220 164
1185 759
5699 869
684 405
5699 817
4924 545
1590 104
1182 281
3890 376
1076 479
5699 122
5700 43
4982 519
3387 259
799 686
292 140
179 902
5633 902
2134 905
3666 600
1218 900
3756 842
3882 132
40 376
4343 116
267 85
3180 716
5701 120
294 218
1802 322
5204 325
367 119
537 148
289 215
367 587
5702 281
5703 622
5704 313
2131 412
823 281
823 122
484 136
68 322
5705 211
2134 906
1478 547
1940 217
5706 178
823 477
5707 625
39 259
859 421
611 379
291 244
5708 652
40 908
5709 313
220 281
2731 160
4895 865
5710 273
1233 119
4633 862
4446 902
1206 325
1233 86
5711 701
2997 909
842 411
63 320
5712 215
68 701
4772 909
4055 804
5713 660
5714 364
209 457
210 39
1217 281
2111 554
5715 292
242 184
691 239
180 138
5716 423
5717 217
292 624
5457 393
1558 123
5718 407
5719 48
5720 886
5667 905
156 86
3146 589
861 322
287 59
5721 122
2436 184
829 382
5722 412
4541 338
5723 666
206 334
4941 68
2668 162
379 572
2668 203
5724 122
5255 198
5725 376
17 666
1948 46
5726 447
875 424
285 660
5727 902
46 43
5725 862
5728 412
1185 175
2040 351
2040 281
2356 321
343 221
2466 625
68 667
1601 337
5729 281
1743 382
2468 677
5730 687
1278 515
5731 63
1856 615
68 494
357 75
5732 163
1001 85
4955 519
5665 350
931 48
2169 477
2526 363
509 417
1219 349
5733 818
4586 141
5734 120
302 679
2576 680
1219 290
996 906
5735 318
931 905
3811 574
5736 786
3067 361
1363 350
1702 184
365 160
2396 677
5737 340
1667 231
2128 578
17 747
17 418
457 279
5738 417
3200 279
1608 440
730 131
4490 532
163 63
1721 622
1721 690
730 519
1591 338
487 842
181 198
3085 869
5739 449
5740 219
3169 622
5741 625
5742 529
5743 431
920 759
4016 91
5744 70
1663 449
17 539
5745 74
353 320
5029 398
2069 249
3645 510
487 827
5746 751
1647 98
5747 299
400 538
2069 418
4428 818
2864 424
5748 842
291 385
509 56
2734 706
2944 589
532 455
5749 63
1449 329
2788 295
2012 845
1009 674
5750 272
1024 338
5751 207
3318 348
5750 910
3436 774
5752 567
311 215
5753 240
5754 417
498 911
967 213
601 334
920 804
5751 698
533 49
3046 160
3318 869
5755 558
5265 660
2151 413
4645 832
325 229
5756 363
963 486
5491 375
5757 690
2727 421
2953 861
483 564
4503 399
3778 873
615 912
964 453
5758 913
2578 886
17 851
3374 701
1244 511
5227 666
2316 273
4450 191
5759 121
4549 308
5760 869
1816 602
2708 286
2978 601
1244 914
5761 363
3440 615
420 16
3579 342
768 845
608 772
1386 532
17 574
43 869
5762 292
5763 431
5764 880
2928 716
1610 160
898 236
83 913
5765 189
5766 424
484 184
4751 350
4209 65
2230 468
1012 70
3506 686
5767 601
68 826
872 423
2518 104
4401 14
3748 20
367 27
5768 250
5769 658
237 178
47 515
151 69
5770 736
2426 680
3911 132
3920 915
1250 504
274 138
237 342
5622 476
5518 916
335 74
5167 872
4063 364
1903 431
16 0
1570 317
658 184
2775 431
2807 490
4248 742
1130 305
4100 174
5771 279
3055 219
1029 463
5203 579
5772 93
664 41
2863 702
1733 385
2602 396
43 23
4248 506
4368 579
68 130
697 63
5622 832
5773 10
504 297
4738 475
4368 736
5774 424
17 318
13 457
5775 243
935 396
4586 318
1082 796
5622 299
5776 375
17 375
68 736
512 300
2128 917
2923 827
2863 457
1760 736
5777 312
497 279
3208 509
728 545
1124 913
497 455
1722 575
2076 644
5778 63
2989 56
5276 348
4531 702
591 590
5779 417
393 255
3712 590
782 178
445 205
2797 905
311 513
1552 589
5780 225
4052 347
411 513
5781 472
4515 472
205 419
3108 842
1879 615
1013 472
98 313
1364 884
3514 587
1169 497
5782 348
1980 347
187 313
5783 574
573 65
72 65
4178 457
5784 319
5785 63
2194 600
2878 120
5786 509
334 232
4752 455
1906 299
4202 46
5787 351
5788 918
5789 818
335 385
3404 735
4280 26
1562 338
248 476
456 445
4710 429
284 129
3662 184
4096 507
1842 499
68 529
5790 851
5791 919
2797 544
456 327
68 120
5792 539
671 708
1726 639
4266 364
5793 35
5794 321
3931 615
1647 490
1179 475
2369 299
5795 20
497 909
3603 574
5796 413
5797 736
3544 717
5798 510
5799 425
40 155
1997 630
5800 600
1058 700
2599 696
5622 842
2369 580
2830 184
1369 23
969 160
1397 859
579 25
3735 407
307 35
1493 280
214 159
969 70
40 244
2706 660
5801 252
1219 155
5802 396
951 301
471 63
623 155
5803 23
1556 385
1350 169
1046 308
557 338
2365 468
5767 913
17 449
5804 701
4773 736
5805 184
5806 106
5807 63
728 143
5808 856
2841 596
40 113
5809 844
5810 844
5383 292
5811 844
384 345
4952 844
994 407
40 315
5299 882
1511 844
5812 551
557 322
1835 844
623 260
17 842
1087 605
4952 184
3591 917
539 844
437 551
5813 551
5814 33
476 844
119 844
319 34
570 844
437 844
17 844
465 282
3613 872
4752 844
5815 321
5816 905
5817 211
990 318
535 57
5818 844
482 396
3691 790
1321 884
5819 844
456 472
5820 599
839 360
5821 332
5822 873
3965 396
343 538
124 105
1898 50
484 844
993 902
3931 844
5823 211
5824 363
3512 455
2646 551
979 283
4964 844
2003 752
2678 323
867 844
535 736
94 81
1729 844
2414 144
3504 441
1314 844
72 144
5825 14
5826 622
331 844
1775 598
5262 497
2177 653
68 472
1148 551
1079 302
3512 237
5147 579
1046 844
1131 322
5827 417
192 184
5828 844
5827 68
2271 661
5829 844
3259 551
248 844
2196 34
1448 2
5830 366
5831 917
5309 15
36 551
221 859
4850 36
1376 87
1804 818
1499 920
5832 263
3183 844
384 600
4879 844
1338 184
596 41
422 271
40 552
51 475
935 869
1529 551
114 97
2346 323
1109 363
2365 844
5833 350
5834 844
4226 404
5835 590
5836 844
558 844
96 83
2246 844
4094 647
3995 412
89 63
5837 292
1772 452
404 93
1874 24
5838 905
122 87
156 350
5839 277
478 277
1117 111
156 564
462 184
5176 851
3532 347
4225 506
4085 905
68 725
1562 347
870 844
1827 20
5840 567
804 917
3752 844
4085 781
1949 99
2848 531
1202 477
1806 736
3663 292
5289 917
1692 5
849 414
1943 476
465 71
68 844
1101 531
2923 183
5841 717
5583 250
5842 842
1071 322
4361 844
2143 844
1703 281
4027 250
116 879
5843 455
4645 116
471 144
557 71
3360 23
5844 359
595 844
4845 844
5205 74
1305 170
221 742
36 844
40 918
5845 184
678 122
5846 359
100 87
5847 862
5847 842
625 288
1224 844
965 184
4085 899
5848 143
5849 869
1344 140
2821 785
557 347
2078 506
248 842
2110 375
625 382
4085 667
5850 347
5851 347
5852 63
5669 507
5853 864
80 226
1803 147
1920 347
1139 718
2988 725
5854 844
1270 560
65 61
5855 25
2517 240
3979 647
522 91
682 143
4056 332
402 844
4866 359
5856 551
5857 318
5858 226
220 729
5855 50
3992 844
5859 551
682 219
2251 144
5860 844
2625 447
5861 320
17 320
912 460
5862 729
5863 832
5864 844
107 905
4085 844
752 264
5245 804
4085 33
291 476
5865 917
912 918
4518 628
5583 476
1668 476
281 68
752 347
912 690
1022 281
2572 844
5669 492
2606 652
342 347
5866 247
63 247
3379 143
5867 34
5868 587
761 551
5869 531
761 844
5870 284
5870 450
5871 25
5872 375
4085 841
1891 347
1014 175
449 842
802 851
5873 213
5874 348
196 509
5875 184
342 110
1547 174
5876 445
3761 797
2230 71
935 758
1258 477
2042 131
5877 844
5878 468
5879 844
5880 74
5881 844
3242 144
5882 852
5880 244
4085 514
5883 16
782 244
782 74
5884 468
554 844
5885 363
5886 23
1071 144
5383 68
5887 347
2748 122
612 338
5888 921
3108 886
233 421
2836 406
1024 347
233 87
3849 184
3134 741
5889 350
233 914
782 418
5890 844
2976 386
190 350
233 497
4073 178
233 902
2553 347
719 235
5669 656
1066 309
5891 99
233 625
762 125
68 492
782 735
762 240
423 564
233 405
233 252
233 63
233 138
303 431
303 589
68 507
162 125
233 551
233 918
1570 844
4102 717
233 759
5892 68
233 8
233 526
233 527
233 660
1950 104
233 616
744 587
5893 844
233 826
1950 147
4091 574
43 184
233 904
233 536
5894 635
828 403
233 504
561 163
5895 551
2958 844
5896 376
68 922
5897 550
233 831
233 579
5898 217
233 389
40 175
233 832
233 742
40 67
5899 376
5900 217
725 246
5901 737
233 880
5902 329
5903 68
5904 68
40 725
5237 163
4411 917
1892 184
774 111
367 168
4070 628
5237 73
68 728
286 81
5206 68
5905 923
367 588
1657 119
40 389
1185 119
5906 924
997 771
40 716
5206 417
1258 122
40 232
5907 347
4240 507
3349 917
1429 402
4085 362
4957 68
1586 560
303 117
741 24
5908 477
1918 184
5909 329
362 717
60 55
1950 108
4209 108
367 112
1381 531
267 470
5910 240
5911 227
611 211
3060 477
611 192
5813 50
367 775
3507 457
1613 729
68 531
718 476
1607 512
2000 476
164 548
3114 844
5912 628
4459 421
4987 620
5913 165
413 73
477 240
4085 15
367 448
3067 844
367 255
1089 925
5914 548
3203 376
5915 506
3327 25
195 709
5916 772
675 844
5917 573
2871 347
3857 805
17 194
1065 471
5918 187
5193 164
5919 184
5920 359
367 814
367 605
1951 844
4085 140
2488 728
2876 425
1189 47
2376 676
17 68
4085 417
4085 68
506 50
3344 763
3886 33
660 862
5921 862
4100 628
1343 865
209 99
5922 213
611 421
2925 886
611 213
335 249
506 896
68 138
4085 856
2495 23
2495 737
611 460
371 144
2495 548
730 852
1611 650
1647 574
5923 729
1189 926
1285 449
4085 792
5924 551
4085 636
5925 106
4085 545
641 353
39 230
2907 184
5702 122
1252 402
