8227 1669
7 0
8 7
9 8
10 9
11 10
12 11
13 12
14 13
15 14
16 15
17 16
18 17
19 18
20 19
21 20
22 21
17 22
16 22
19 33
38 33
39 38
40 17
41 39
42 40
43 41
44 42
45 22
46 43
47 44
48 45
49 46
50 47
51 48
52 22
53 49
54 50
55 51
56 52
57 17
58 53
59 54
60 55
61 56
22 58
62 59
63 13
64 60
65 61
66 62
67 9
68 22
69 63
70 64
71 54
72 65
8 66
73 67
74 68
73 39
75 69
73 70
73 7
76 62
77 58
78 18
79 41
80 71
50 72
81 29
82 34
83 73
84 34
85 74
86 61
87 75
88 76
89 77
90 78
91 33
92 79
93 80
94 81
95 66
22 82
96 83
97 84
98 85
68 81
99 86
100 87
101 88
102 79
103 89
104 90
105 91
106 75
107 92
108 94
109 25
110 75
111 95
17 96
112 70
86 57
113 62
114 97
115 98
116 56
117 99
118 100
78 101
119 102
67 94
66 103
120 34
121 70
122 18
123 104
124 105
125 98
67 68
126 106
127 107
72 108
128 75
129 109
130 75
131 110
39 111
132 112
133 16
134 113
17 114
22 114
135 51
136 115
137 114
138 56
139 55
140 114
141 116
95 109
142 109
143 114
95 34
144 117
145 56
146 51
147 118
148 114
149 56
150 88
151 69
152 34
68 72
153 119
154 34
155 120
156 119
157 64
158 121
136 122
159 123
160 89
63 124
161 87
162 125
163 56
164 126
165 34
166 127
167 128
168 129
169 130
68 17
170 33
171 22
172 131
76 100
173 132
174 24
175 133
176 75
177 134
178 135
179 136
124 137
180 138
181 90
182 139
183 140
184 141
185 142
186 143
187 34
63 144
188 114
189 46
190 37
191 8
192 145
193 146
194 15
195 147
196 33
197 148
198 51
199 142
200 149
201 34
202 119
198 114
203 32
169 150
204 151
205 152
206 153
207 67
208 154
209 155
210 156
195 157
211 51
212 158
213 139
214 159
215 160
216 161
217 61
218 162
219 163
220 164
221 75
222 165
223 160
224 166
225 167
226 168
227 93
228 91
76 115
229 59
22 46
230 169
220 34
231 58
75 170
232 171
233 172
233 173
234 174
17 175
205 176
235 8
236 177
237 178
51 179
205 180
238 88
168 181
239 182
240 183
241 75
40 70
242 184
243 149
40 151
244 106
245 185
246 20
233 112
233 8
17 147
233 158
247 186
40 187
233 64
248 188
249 50
66 182
250 189
251 157
252 190
253 191
254 192
234 127
255 8
233 193
256 194
22 15
257 195
258 196
259 197
260 84
39 198
40 199
40 200
233 178
40 69
261 196
233 201
262 75
263 143
40 178
264 202
199 203
265 39
266 127
17 91
267 185
268 204
269 84
270 205
271 91
199 162
272 104
73 206
273 172
274 138
73 207
73 177
275 208
276 206
277 91
278 209
278 210
279 140
280 200
254 128
17 211
281 68
68 123
282 19
179 212
283 213
284 123
285 210
286 81
36 145
242 145
287 59
288 214
289 215
290 216
291 77
292 140
293 217
294 218
295 160
17 219
296 75
297 46
284 20
298 56
299 150
300 75
301 220
302 221
303 158
304 222
305 141
303 223
306 201
307 35
308 224
309 225
310 17
311 215
312 226
313 227
308 228
314 147
315 200
316 93
63 227
317 147
318 75
319 145
320 160
321 147
322 183
323 184
324 184
325 229
326 8
68 75
327 224
328 230
329 76
330 184
331 184
68 200
332 92
333 231
334 232
335 22
336 68
337 233
338 145
335 234
335 235
335 236
339 39
340 118
195 119
335 68
341 38
335 15
342 237
343 221
344 233
335 231
345 238
346 231
301 59
347 40
348 128
349 46
350 239
351 211
352 239
353 240
354 56
355 160
356 75
357 75
353 165
358 241
359 124
360 38
361 204
346 242
68 201
362 220
68 40
363 56
364 243
365 244
366 245
39 213
367 7
368 19
369 25
370 246
371 8
372 209
373 115
374 247
375 248
376 70
374 144
377 149
321 249
378 250
379 251
380 75
381 252
382 253
383 98
288 91
310 254
378 236
384 25
385 78
386 29
213 38
387 19
388 255
385 178
389 256
352 47
390 257
385 206
391 60
68 206
392 258
393 255
394 98
39 259
395 75
396 37
384 34
397 260
398 200
399 261
400 262
401 241
402 166
22 93
403 263
404 93
405 51
406 264
142 29
407 114
22 211
49 47
408 265
409 187
410 67
411 25
412 266
413 73
49 239
414 267
415 268
416 41
415 269
417 254
327 228
415 270
418 251
419 145
420 196
421 93
422 271
423 91
424 196
425 7
426 196
427 272
426 184
428 273
429 145
430 274
431 275
26 276
432 196
432 184
433 58
331 196
434 15
435 223
436 75
437 128
426 145
438 277
439 72
440 278
430 247
441 227
399 93
442 277
443 141
444 231
445 52
446 16
445 88
369 231
443 104
447 144
448 250
449 196
277 222
450 90
451 106
452 184
453 163
454 249
311 16
455 92
456 196
457 279
443 70
458 215
68 104
459 280
460 94
461 192
462 184
463 279
68 69
464 281
465 282
466 196
467 202
468 184
469 184
470 196
471 196
472 283
473 196
116 196
474 60
475 256
476 68
477 36
478 284
417 285
479 286
374 30
480 196
481 287
482 196
483 288
484 145
476 289
485 290
486 291
487 184
488 14
476 22
476 84
489 184
490 249
476 292
491 160
492 293
493 145
494 294
495 295
496 164
497 180
498 296
499 196
483 14
500 293
501 150
502 49
503 59
504 297
8 123
505 196
506 56
507 196
508 196
509 298
510 299
511 196
512 300
513 196
514 37
515 196
516 255
517 301
518 196
519 196
520 302
521 303
517 196
522 196
523 196
524 287
506 304
506 305
271 306
525 307
526 308
527 309
528 150
529 272
17 272
530 310
531 311
532 272
533 49
443 160
534 184
447 312
535 313
536 314
537 293
538 315
539 196
540 316
541 317
423 304
542 19
543 196
544 33
545 290
546 288
547 318
548 196
534 145
443 207
285 319
549 15
492 243
550 196
551 178
404 196
552 231
553 108
554 49
555 320
556 321
557 322
558 196
67 282
559 264
560 150
561 37
374 196
562 59
563 196
564 196
559 85
565 196
566 149
567 301
165 196
568 323
569 134
52 324
568 187
570 184
571 220
572 186
144 177
443 174
573 65
574 325
291 65
8 243
575 235
576 170
577 326
68 324
578 88
579 50
580 75
581 145
532 327
493 184
68 196
144 328
582 22
583 58
584 184
585 72
586 329
587 29
588 29
589 330
590 200
591 182
592 173
591 103
593 227
35 302
594 331
595 196
68 227
596 332
119 184
597 333
598 250
599 250
600 143
496 184
601 334
602 335
603 170
604 336
605 74
591 115
591 337
532 301
606 36
607 148
608 64
609 148
610 293
611 98
612 338
613 196
388 301
614 196
615 339
616 340
255 341
617 342
230 12
517 255
371 227
557 343
618 309
619 50
620 72
621 329
622 143
623 290
624 344
625 88
626 196
623 260
627 345
628 172
629 34
630 227
631 162
68 88
632 346
22 2
633 195
579 25
634 347
277 196
635 348
636 349
68 173
119 196
637 350
638 351
639 103
640 352
641 353
12 354
642 196
643 196
40 66
644 196
40 177
614 355
645 163
646 319
647 165
648 250
649 87
650 318
651 250
652 72
630 72
387 356
653 33
17 131
22 131
654 136
655 357
656 214
657 358
658 184
659 13
190 184
660 214
661 359
662 322
656 326
421 196
663 72
664 19
476 302
665 130
666 204
667 332
239 281
668 255
669 14
670 305
671 217
672 253
250 276
673 134
674 332
675 184
676 14
677 196
678 103
679 91
680 36
61 360
678 115
681 361
401 192
682 187
683 37
684 111
685 362
627 264
686 363
687 59
688 364
689 364
690 134
17 134
22 364
691 364
125 134
670 309
125 364
389 242
389 284
684 213
692 313
17 174
693 365
694 130
695 187
696 161
697 366
698 184
104 157
699 34
700 239
472 101
701 106
702 34
552 35
703 367
704 177
705 368
706 19
707 369
708 187
709 129
710 196
221 36
630 84
711 120
712 62
713 72
712 115
714 370
715 371
716 209
717 356
718 302
36 184
719 235
720 29
721 358
65 57
722 177
479 73
723 364
724 184
725 246
726 372
319 184
727 373
421 364
728 91
729 374
730 56
731 375
732 129
733 376
734 29
735 377
736 378
737 198
738 361
739 196
535 347
740 322
335 289
335 84
80 364
741 332
737 259
742 367
743 362
17 362
744 361
745 362
61 234
746 3
747 62
748 33
749 379
747 115
742 380
611 174
750 371
355 141
751 374
68 29
744 381
611 382
752 237
753 358
754 361
755 383
754 293
464 62
756 203
757 361
758 256
759 384
443 385
221 312
760 196
207 307
761 196
762 125
763 261
764 108
213 119
765 174
766 50
767 22
768 90
769 299
770 386
771 387
335 324
659 37
335 130
772 33
773 236
774 111
775 302
391 97
346 128
747 182
346 388
272 207
747 103
22 161
776 33
777 127
778 46
233 303
779 362
780 389
781 390
213 259
76 103
39 147
233 31
782 151
659 391
783 153
784 386
785 392
786 30
68 214
233 11
233 107
787 393
788 394
789 395
627 30
790 182
791 396
792 395
793 390
794 392
233 291
233 217
795 47
40 103
40 62
796 279
797 397
233 282
233 123
798 46
40 295
73 307
799 9
618 134
39 207
795 208
73 180
73 127
73 56
800 34
800 184
801 24
802 373
233 2
798 239
803 162
804 136
805 395
806 395
807 341
808 234
76 182
809 292
810 91
811 157
812 395
813 398
814 390
815 145
285 399
816 395
817 184
818 157
819 400
285 396
820 70
821 401
285 162
822 217
823 34
824 187
825 138
826 402
827 48
17 48
285 394
828 403
8 404
829 382
321 405
830 24
831 395
832 347
833 181
834 401
835 406
836 22
285 209
835 145
68 393
837 407
838 162
659 408
839 360
840 409
17 410
841 74
487 145
842 411
506 50
843 104
844 91
845 325
846 412
847 413
848 316
849 414
68 157
849 372
850 415
851 416
66 408
852 417
852 68
319 34
853 361
854 47
855 219
856 46
857 240
858 185
859 219
860 46
184 418
861 322
862 390
285 184
205 419
284 395
223 418
863 420
864 14
371 240
371 322
865 351
866 421
867 395
868 50
869 422
552 15
870 184
537 243
808 235
871 377
872 423
873 422
175 162
874 359
875 424
433 425
876 16
877 425
878 426
879 427
849 428
880 44
761 395
881 422
210 410
882 217
883 374
884 429
17 395
421 395
108 360
885 239
886 318
887 16
888 138
870 29
889 260
890 430
891 162
623 431
892 196
893 244
13 432
88 433
894 434
895 265
790 185
896 435
897 20
898 16
899 196
768 111
900 436
108 234
795 46
901 48
902 56
67 416
903 437
904 310
905 162
906 366
350 438
907 435
908 288
909 196
327 349
910 439
911 395
912 439
913 440
482 91
331 98
898 84
914 439
915 123
916 441
917 20
918 184
919 149
920 22
921 429
462 34
922 442
819 119
923 395
150 392
924 185
925 37
608 416
913 173
926 202
927 184
928 395
929 196
930 195
931 48
437 196
45 153
932 143
933 184
934 349
935 352
68 195
476 324
936 39
937 75
938 207
365 443
524 264
938 104
939 140
940 64
912 184
17 184
623 444
900 133
941 377
942 418
943 445
17 199
68 93
944 246
945 42
946 30
935 58
393 301
947 75
948 446
949 447
950 258
951 412
952 340
953 184
420 211
954 383
954 397
955 91
956 448
957 431
958 449
959 26
960 431
961 450
962 451
963 452
964 453
965 184
966 199
967 90
437 91
968 395
969 160
285 133
970 431
367 48
971 324
972 244
940 243
973 395
974 395
318 145
148 191
975 374
976 454
977 441
978 119
318 395
912 449
104 119
979 364
972 141
818 119
980 455
17 455
981 184
664 455
982 185
983 449
984 215
68 162
867 456
190 455
985 395
986 332
731 455
22 455
429 184
987 217
988 289
989 392
959 253
990 318
954 197
991 388
537 91
782 423
992 250
471 22
993 339
994 407
400 340
995 256
996 361
997 457
998 88
999 431
17 458
443 163
994 406
660 326
1000 19
691 459
749 196
1001 85
1002 81
1003 234
563 184
1004 159
17 19
524 85
1005 434
1006 185
1007 72
1008 154
1009 456
1010 460
235 163
1011 329
1012 141
1013 458
1014 377
934 452
1015 422
1016 350
1004 66
526 101
1017 421
1018 190
148 356
443 259
1019 271
1020 461
1021 256
205 462
1022 185
1023 363
1024 343
1025 450
1026 36
136 182
1027 130
1028 281
1029 463
799 350
1030 464
1031 465
1032 185
1033 456
1034 466
68 219
1035 374
1036 46
1037 145
1004 11
384 184
1038 403
1039 467
1013 468
1040 131
1041 64
384 145
1042 469
1043 406
1044 278
1045 318
1046 22
752 470
1047 191
1047 89
1048 452
1049 471
1050 93
51 109
342 110
1051 472
1052 473
450 392
68 318
1053 196
162 341
1054 470
1055 39
96 356
1056 474
17 449
51 475
1057 241
1058 384
83 369
1059 214
870 352
1060 439
1061 395
1062 476
68 356
1063 395
1064 319
1065 58
1066 56
68 475
1066 242
1067 477
1039 301
1068 478
1069 185
1070 184
1071 322
1072 141
1073 22
1074 452
1075 105
1076 479
1007 47
1077 203
1078 480
1079 302
1080 100
1081 165
1082 332
1083 220
1084 36
1085 56
17 56
1086 481
1066 388
1087 436
1088 310
145 49
526 283
68 330
364 7
951 301
623 420
1089 482
559 483
1090 284
16 98
1091 484
1092 72
1093 374
1094 322
1095 293
654 289
968 48
1001 483
1096 485
1097 129
68 352
1098 305
1099 219
1100 111
1101 395
539 184
1102 303
1103 339
1104 130
1105 431
867 406
1106 409
1107 30
963 486
1108 292
747 487
1104 150
443 409
1109 363
1110 401
1111 223
1112 58
1113 297
378 130
512 235
1114 488
559 287
1115 22
1116 149
494 396
1117 111
1118 16
1119 489
1120 207
1121 19
1122 143
22 395
1123 490
1124 73
535 85
730 147
1111 49
1007 30
996 395
1125 195
198 417
1126 239
1127 308
1128 186
1129 309
1130 305
1131 483
1036 171
1132 143
1133 36
68 223
281 55
1134 33
239 195
535 491
447 350
1135 160
140 49
1136 492
1137 235
1138 329
1139 487
423 13
1036 33
1137 433
68 474
1140 22
1141 395
1142 359
430 476
1143 184
1144 395
1007 184
1145 256
1146 484
17 493
1147 415
1148 490
1149 422
1150 208
1151 361
1152 85
65 395
1153 74
1154 150
17 417
1155 418
1156 492
1157 271
1158 375
239 408
983 220
218 210
983 330
346 494
218 399
322 20
1139 62
1139 115
1159 495
1160 46
744 85
744 495
1161 495
1162 495
1163 256
1164 247
483 492
1139 281
1165 165
1166 8
1167 93
1168 496
1169 497
1065 115
1170 46
107 310
4 498
190 246
935 395
1171 449
1172 343
322 395
433 189
63 485
17 499
244 343
355 127
1173 500
1174 495
1175 284
1176 214
1177 194
1176 27
1178 410
1171 470
68 395
1140 89
1179 154
1180 361
1181 484
1182 115
1183 501
189 239
76 502
1184 9
4 503
1185 194
1186 364
1187 22
1185 239
1188 29
1189 364
