8227 2325
1074 829
449 587
759 384
547 608
2054 567
7759 853
3880 535
2168 567
76 100
422 995
736 378
5876 445
1271 420
2054 441
1599 917
601 338
2153 460
601 334
144 177
5320 910
2836 982
1013 499
2206 312
366 245
5791 919
1921 987
1802 23
384 600
285 209
592 173
4085 391
319 184
1789 761
5318 194
6364 875
1975 514
2000 623
7667 184
274 138
7760 729
1712 277
7567 675
3231 308
7761 507
7762 494
284 220
6761 963
1066 277
7522 986
443 174
5262 875
7019 205
2788 295
68 194
285 981
7576 990
759 514
4609 835
3472 34
7763 988
5945 652
7764 33
1865 748
4 498
6545 953
108 234
7567 156
442 277
196 363
559 264
2846 761
7765 120
7741 120
4668 277
2746 830
1375 567
7766 277
442 987
5947 590
5077 264
7767 710
4096 507
3360 507
2454 467
400 590
7768 832
2378 184
3265 318
935 654
17 219
3707 608
1013 622
4148 822
6179 818
7769 978
7770 978
327 665
6801 55
284 391
6807 493
2517 240
1049 726
552 277
7769 120
1042 943
7771 853
7772 14
1019 271
7773 120
1179 475
6565 385
7036 385
5467 891
68 654
4447 169
3734 459
1739 996
1411 227
196 14
1268 214
6184 120
1885 906
224 166
17 23
7774 654
7775 355
6376 184
1828 220
422 271
1179 179
3422 299
1885 544
1241 295
178 135
6945 355
1109 363
2144 184
1698 391
5268 347
476 249
386 710
4137 917
476 385
2068 438
7776 801
7777 120
145 385
7102 559
7778 168
374 30
4844 932
977 713
1432 33
2246 264
340 118
6410 939
53 215
5293 249
6438 453
959 308
1991 761
5962 930
959 26
7583 23
6582 941
4678 818
183 42
1804 363
2908 939
1492 345
411 513
477 249
36 844
6544 277
1013 139
415 270
250 430
571 220
4835 710
1448 771
415 269
3879 411
494 396
127 107
415 268
423 385
6669 33
611 735
600 989
1296 41
563 710
3302 412
1023 363
5363 852
630 164
611 648
781 390
7779 412
3204 412
1671 553
1591 343
4590 380
1024 338
1684 875
7780 460
7186 471
7316 256
142 941
7316 58
2841 629
7781 824
6356 299
927 184
4946 682
4481 321
2473 184
2480 530
7214 981
7782 859
3161 713
78 18
429 184
623 675
17 343
6669 363
2899 590
230 169
623 156
7783 418
1131 449
879 607
1973 380
7633 507
7784 328
570 184
7785 253
78 101
1997 630
7786 33
5209 996
1665 586
2374 391
1052 473
1404 184
7786 364
1086 481
6113 363
3974 539
2374 219
7787 981
3974 184
1279 398
2442 363
2468 677
653 33
2003 632
3708 972
1206 507
3965 277
5622 971
6411 978
687 59
512 300
56 52
2181 620
1863 529
160 481
578 88
866 398
2396 677
5869 531
7788 163
7789 341
1435 85
125 978
5107 654
8 589
5083 509
7790 445
17 445
704 177
537 91
1181 484
1101 531
6415 766
3965 654
467 933
342 110
609 148
2568 982
691 449
3720 326
231 58
1305 996
1890 250
465 335
1890 163
7656 992
343 538
628 820
231 277
6293 942
4085 360
7791 901
5905 923
6073 937
572 385
1036 850
4085 620
5838 939
517 301
1221 897
2930 941
205 462
635 530
609 461
645 163
3613 872
4248 507
1448 57
17 649
1311 277
2289 667
3491 474
559 483
7792 713
134 113
1314 853
7793 124
524 264
1402 24
4635 18
3762 798
640 879
6128 381
5622 366
22 649
1184 996
2294 464
627 747
6851 684
150 205
7557 412
6113 507
3471 42
1911 87
2478 689
4018 260
460 94
124 105
3329 728
44 42
1131 483
68 872
7548 574
3146 124
5659 449
2319 671
499 656
2557 697
2515 939
678 471
2875 682
2956 277
182 139
7794 507
22 277
7795 917
3850 192
499 507
2552 939
2151 413
1552 996
7796 997
46 43
1220 184
1521 675
1552 589
2115 184
2069 249
1404 997
4633 862
6316 917
1082 796
2761 87
4234 120
2947 364
261 366
938 824
7796 184
6173 939
335 385
635 659
3532 941
335 249
2210 507
3749 795
335 614
6953 988
335 737
731 375
1023 23
335 622
7797 120
2960 453
3571 917
7798 978
143 978
1984 611
335 68
1562 574
7798 941
4390 941
1810 105
205 152
1884 691
7799 513
1549 364
7601 309
649 87
4390 299
705 368
539 997
6247 719
4390 460
1562 338
4633 507
221 507
6376 513
221 922
7800 997
17 997
2734 706
2228 659
221 656
391 97
1959 507
6332 459
4112 589
5622 260
2936 967
3701 149
539 184
7801 701
22 997
1709 55
750 986
627 343
3815 355
695 997
356 50
3474 585
944 163
1829 364
68 105
5321 682
6396 997
58 53
981 184
2174 837
4845 997
2577 449
36 184
7802 120
3360 941
195 147
7479 920
4331 33
6515 120
5864 997
608 39
7803 22
7804 941
2525 447
684 111
3965 58
5853 996
3442 468
954 959
5766 424
627 978
7805 997
954 965
954 760
3534 996
359 124
954 605
1480 328
130 364
576 283
1066 309
7806 997
954 826
717 579
382 253
2230 710
3323 853
6983 459
335 679
954 767
6753 120
7807 853
335 289
954 566
335 690
1001 85
335 292
7808 997
1898 231
4085 475
7809 659
722 177
335 234
335 74
328 96
1382 997
335 235
826 906
5977 863
335 130
734 278
253 191
359 247
4085 184
957 794
7810 252
570 997
2365 277
172 124
2251 247
5764 880
1657 119
227 622
2648 700
2365 987
335 324
278 209
86 57
68 863
7811 80
512 980
157 64
7453 626
1717 594
3178 80
1488 710
1071 322
675 184
557 343
7812 120
571 545
171 68
248 188
7813 939
7814 509
7813 996
6536 95
6082 924
7295 978
482 939
1220 958
570 34
9 8
783 347
1087 998
4603 827
717 980
3285 459
335 15
1920 768
1068 478
2711 475
63 684
1443 253
253 642
63 124
7815 24
3965 396
6862 969
3965 666
3965 242
7251 611
221 859
683 37
4085 969
4538 839
3965 388
6945 347
462 710
2534 206
7816 120
1870 617
769 299
63 247
235 87
68 184
6195 120
2946 261
84 997
1920 153
4895 710
1443 129
7817 997
7818 852
346 242
7819 277
68 531
7820 997
7821 117
3571 594
7822 192
5217 250
2839 96
3500 264
1066 450
7823 470
1411 124
692 941
762 312
346 537
68 242
4085 514
719 235
68 299
1148 642
7824 120
4401 456
346 314
1549 390
6245 684
5908 945
146 579
6252 924
169 130
144 117
118 100
4065 153
180 138
4033 87
144 85
346 450
721 358
7181 456
7825 120
2622 997
493 184
659 986
68 997
5968 931
7690 277
716 209
6253 507
4186 758
4085 379
7721 654
7826 23
221 958
7362 984
66 281
66 945
499 922
2345 674
762 125
3813 496
1590 104
7486 933
430 247
233 930
233 626
5019 14
184 418
233 713
233 766
462 184
160 89
233 43
7494 170
63 144
3105 978
233 48
1920 338
7827 978
1182 945
1885 33
233 384
233 910
95 66
142 978
7700 119
2637 128
691 128
6472 0
7828 997
156 106
6669 364
1267 170
3746 192
3039 459
7829 375
7015 460
195 119
774 111
156 163
5622 459
5908 711
2567 987
5619 949
4202 208
4772 626
114 97
581 184
7830 323
7831 409
907 435
4107 820
5908 946
1607 140
782 418
7503 507
256 194
4840 751
768 90
233 264
233 138
539 853
233 967
278 626
782 409
233 283
1552 318
233 318
220 281
7832 221
145 68
898 994
1187 564
233 648
6851 737
7833 230
1025 450
7834 671
280 200
233 79
1571 302
4672 319
233 120
1244 814
7664 766
646 936
1202 337
7835 460
2595 219
272 207
68 820
2321 951
4941 277
2697 626
233 256
285 399
646 319
938 213
233 531
712 946
4085 712
233 553
233 995
245 470
5728 412
1411 247
7836 924
285 626
1263 309
233 363
233 937
233 906
6866 958
1806 483
40 930
226 168
2268 663
233 852
233 544
40 53
233 770
1719 435
1046 997
7837 46
480 659
1600 38
7838 120
17 91
40 48
884 429
1471 514
3839 184
4966 408
3395 946
7083 976
1682 319
484 997
7839 669
3252 755
1136 507
76 726
1114 719
303 328
597 20
68 429
3278 120
6662 409
306 201
7840 996
4674 138
7399 409
7841 141
1392 243
1087 436
5412 888
7842 777
197 148
5294 881
2194 337
68 120
480 997
2591 55
39 38
1980 365
768 111
1624 575
7538 277
7843 319
6768 964
2000 213
4116 338
39 213
270 205
4116 334
8 7
142 319
537 963
1202 122
6093 970
7844 881
3919 340
7538 987
7845 59
6253 933
561 163
400 848
1478 546
2764 117
68 309
1369 507
7846 997
367 443
4201 401
2277 87
220 164
7847 654
331 928
181 90
68 963
1499 920
782 400
828 659
5206 928
7848 120
310 996
7848 33
1722 575
1065 971
7849 329
2623 211
349 141
4281 987
3609 86
2402 382
639 946
639 281
217 61
3483 315
68 211
33 120
1117 111
7850 996
1221 507
239 281
4941 690
4941 163
1607 822
896 435
834 401
400 538
337 233
7851 537
433 643
2584 184
410 67
292 140
951 412
1044 278
2958 997
7852 997
6490 906
1629 824
36 145
5538 236
2876 277
6171 537
39 385
6276 227
242 184
1261 171
464 408
7853 277
1970 87
3659 781
7854 625
2134 710
7855 376
1388 530
47 515
484 184
379 727
2049 429
417 254
6338 939
7856 132
2134 87
2134 318
2134 299
1610 418
68 59
4067 445
871 377
5273 184
39 111
285 133
7857 654
7858 737
7859 675
1501 939
1381 20
624 344
938 405
6299 184
141 713
1321 884
823 281
509 284
218 399
3507 978
1940 70
3036 729
509 147
7860 277
485 290
2790 496
7861 292
623 444
466 319
3015 128
627 309
931 48
5394 796
1090 242
223 418
8 66
5273 997
509 696
639 122
1386 44
7862 219
1185 759
1349 401
7862 143
2825 457
2264 591
353 143
5865 917
353 219
2671 35
7863 184
6330 939
4186 955
1296 834
400 262
1686 163
5985 476
7051 347
7864 55
291 476
601 768
7051 491
601 747
7865 600
346 128
13 432
835 988
7116 385
400 340
383 847
7717 729
636 290
506 896
248 314
737 259
1364 884
506 277
7866 729
623 665
7711 659
4109 660
5946 927
196 33
440 278
7867 213
7868 824
315 924
6326 944
4178 44
461 192
346 231
2748 650
117 99
7869 654
7177 944
7870 744
3517 884
7871 783
775 302
1971 337
7175 979
239 781
289 215
331 98
7622 44
7872 120
7873 818
344 233
2361 952
7874 65
5570 334
2288 506
7875 184
2697 394
1130 305
7876 654
6584 939
7877 729
7701 70
488 14
291 65
7878 971
532 642
1033 456
1311 987
948 446
482 669
579 50
3002 941
7879 507
7880 242
6015 363
3467 282
541 239
7881 988
870 997
4473 293
3088 506
1652 389
1308 110
196 456
2062 491
7882 184
1259 335
2062 347
3407 20
3138 922
6323 996
7883 844
1791 101
7884 174
3079 314
761 997
3079 242
870 184
3079 388
98 264
371 322
1287 388
1206 922
2252 184
7885 37
5976 120
761 975
920 863
644 853
175 626
6002 934
1490 620
4325 783
3079 450
7886 608
552 357
3079 987
6748 777
7887 654
2111 554
2069 690
1680 23
7888 23
601 574
5802 507
6359 939
7889 14
437 853
2697 675
39 198
400 665
7890 853
6919 996
2708 766
859 818
2441 163
346 284
7891 988
2840 116
346 388
2528 692
2079 37
327 224
3891 358
2098 184
552 231
933 184
7892 297
765 174
171 22
6823 509
2444 247
1958 509
7893 93
467 194
1670 293
5415 379
68 834
790 100
4868 890
2859 412
2134 906
532 412
4012 256
1381 531
3395 281
1785 544
2134 20
1066 970
7894 194
1971 133
1971 626
7895 184
465 71
2384 978
1754 997
346 987
346 580
623 590
7113 622
7896 283
1256 38
100 87
7897 496
518 673
5552 710
2134 987
2134 277
506 305
4027 131
4506 385
5063 14
1303 262
1695 591
2962 758
7898 219
1060 439
7899 987
7900 988
658 184
2863 457
148 996
336 55
730 375
935 758
2065 460
997 457
3612 574
1975 350
730 98
7344 28
7901 765
1206 625
143 765
1104 385
1673 328
532 765
1752 669
5 235
4427 411
3921 970
710 974
2841 425
68 758
4250 987
430 476
7902 155
870 758
7903 120
7258 692
7903 710
68 385
143 710
7904 988
389 256
311 513
6770 432
3515 544
7905 411
7540 939
5525 299
7906 355
4480 116
372 209
7907 909
2959 949
644 997
94 863
1250 504
130 299
2725 401
3070 761
1299 401
1013 690
2654 710
2486 710
2304 281
7908 401
920 897
311 215
7899 314
1698 117
1432 737
3148 939
1171 470
532 667
935 656
935 507
4710 429
2134 211
402 283
6223 939
2522 235
2535 273
7909 279
422 104
3029 777
4 503
2000 476
755 383
7910 949
7911 476
7234 457
3200 279
2408 863
232 171
148 897
5552 120
7912 120
3351 687
2878 120
6766 590
641 401
3800 459
591 590
7913 367
4707 87
4 885
7914 507
7915 120
5800 600
3264 277
4240 507
214 159
429 145
7916 277
5320 272
1043 301
7337 283
13 457
1311 970
2244 219
7361 654
7917 459
68 43
461 355
17 459
4076 87
3646 690
4390 262
4248 75
353 240
7918 277
4390 411
1862 975
2240 639
1390 818
1820 768
6381 456
423 157
2427 723
423 554
331 184
353 320
502 249
430 144
7314 456
443 418
475 256
608 934
5622 150
1885 92
3460 666
22 864
1828 211
1933 118
518 450
1994 283
339 520
346 277
7919 970
997 262
285 394
17 970
2480 75
1802 322
2944 589
3466 687
2488 659
400 687
1074 685
4479 20
7920 376
3046 443
7921 176
1296 999
7922 401
7923 58
6590 120
764 609
17 120
890 992
107 906
7314 14
1107 456
584 184
3173 40
4481 247
277 669
339 39
731 492
1921 590
68 999
3890 376
2878 252
4725 489
1921 507
959 253
497 478
1788 520
7600 574
4279 449
7924 277
374 247
1038 996
1796 324
859 336
5894 635
1796 130
2196 245
1796 289
4004 58
443 409
6554 253
4407 337
1305 41
2142 338
2518 207
7032 329
6911 184
4842 468
7925 87
17 350
3963 988
304 222
971 240
645 77
7926 277
7466 537
1921 438
7227 277
6527 404
3487 274
4319 191
3712 590
5137 438
4786 388
2973 20
2879 338
163 277
1916 748
1038 939
476 68
1303 590
703 766
4 843
963 452
2777 639
611 219
7654 277
623 155
5998 412
40 910
2148 412
5480 87
2777 226
7927 184
764 144
6191 8
385 897
7928 334
7288 390
5528 507
93 80
7929 319
40 850
385 204
2136 650
3236 737
385 944
1131 264
1942 625
385 168
1200 87
385 346
7930 120
40 942
1775 246
1314 219
68 274
449 14
7931 358
5396 456
3565 713
2356 321
17 116
1921 988
6736 962
7932 14
4401 14
6107 219
96 356
272 104
123 104
1921 385
3000 277
1921 358
570 299
190 385
2198 338
68 14
190 68
1214 308
7918 970
1613 729
5396 120
552 987
3148 120
7933 971
552 622
3794 351
7934 138
990 7
6602 600
7935 409
6623 761
7936 758
581 145
7937 475
3479 25
142 475
1400 534
826 881
1661 23
7938 970
1119 489
5179 973
993 902
3148 710
3756 194
1119 988
7939 250
1187 507
7940 20
615 912
7033 253
1089 991
5413 614
88 773
3646 289
614 277
490 249
7941 35
4935 58
1014 506
205 900
422 207
3690 987
449 188
68 390
2169 100
7942 794
7943 996
1362 363
403 263
22 970
383 229
7944 17
7945 579
40 26
68 40
997 687
40 946
40 718
7946 736
17 736
4371 396
68 188
3495 710
611 736
591 408
7947 794
4887 567
5630 328
3261 186
1806 579
1376 275
1906 283
7948 20
5213 312
68 991
1139 945
1094 163
7949 970
749 206
611 334
7950 278
2219 299
221 492
7951 611
68 138
1001 191
534 184
7952 941
119 184
6828 71
17 71
7953 626
68 939
2776 649
3036 988
1139 281
3514 587
749 384
7954 438
319 853
119 853
6820 967
3533 525
628 226
1797 37
6045 179
7953 399
7955 44
1797 250
221 564
7956 120
1159 363
3646 130
5291 880
7957 33
2092 281
164 920
7850 941
109 33
171 15
7019 979
575 235
7427 585
894 434
1787 599
115 792
1059 728
935 996
762 186
1929 449
1018 190
7958 80
3360 23
802 803
7959 507
1139 946
7960 23
2042 385
7961 835
6623 728
7962 626
713 970
7963 587
7035 101
3567 710
2611 417
6922 186
1929 627
1488 120
1294 470
7964 360
7965 997
17 379
2092 946
7966 326
6714 846
2626 177
532 379
1024 343
7967 385
656 326
2697 569
145 234
2175 652
7968 489
6368 996
68 234
283 213
7969 33
2836 714
7970 476
7850 710
2216 101
6914 120
1335 401
1662 585
221 312
7971 970
6914 710
233 269
233 270
233 822
2579 880
7972 966
233 277
4154 823
233 777
36 438
3461 404
233 818
233 244
1905 219
233 145
5124 868
233 504
233 663
233 834
4825 184
7669 23
40 796
6701 961
768 389
233 459
233 939
233 827
3752 791
1066 758
233 37
1392 66
7091 654
233 863
233 40
292 624
233 970
7973 832
802 373
40 553
2436 184
1594 396
7974 777
233 249
233 654
233 749
979 101
233 589
3011 292
7975 184
233 696
40 535
1803 207
782 328
68 992
40 244
179 136
2610 459
1202 471
148 294
6705 939
777 924
3387 389
7976 126
40 818
40 215
164 126
7977 33
179 767
40 104
7977 46
897 397
7977 744
1733 690
7978 449
3049 425
783 626
1688 337
1343 507
7979 50
2697 399
7980 626
303 394
254 970
7981 876
3916 597
2697 210
7982 491
1656 600
2488 728
969 443
506 50
1564 147
7983 626
2443 72
310 254
506 35
7984 138
7531 174
1258 477
7985 765
5355 254
3275 600
2591 124
2797 20
4965 626
417 285
2114 765
3016 326
659 534
480 643
480 582
7531 418
480 229
252 384
823 421
480 792
285 210
68 33
484 145
7245 150
367 805
7986 51
7987 38
3920 713
853 710
506 987
7988 41
1284 516
6747 323
5215 312
3025 324
1258 281
7989 801
7059 281
1258 801
7990 477
996 281
7991 537
7488 801
6677 801
4139 281
164 556
257 801
806 801
373 281
156 801
2450 801
156 384
17 801
2194 477
429 59
3332 70
1446 120
7992 801
2194 801
1049 281
7993 91
7994 710
7995 801
3871 147
7996 301
17 301
4085 196
5677 737
3382 491
7997 801
7926 987
3871 91
1835 777
2450 281
42 40
1212 211
7998 801
1049 471
623 489
193 146
365 735
2032 801
7999 801
1305 656
174 24
8000 801
464 801
8001 970
17 354
8002 801
3225 150
7782 462
635 376
448 163
156 150
6053 456
2133 34
823 801
1724 154
148 396
1277 801
2485 175
7999 781
8003 400
3741 476
4202 0
379 251
119 102
526 283
1724 475
310 17
3269 626
68 933
351 128
318 801
8004 116
39 623
782 235
8005 231
482 801
717 458
621 329
2162 211
782 163
2134 120
342 343
339 539
6523 516
1598 0
1325 489
865 351
1331 718
291 247
8006 273
8007 140
8008 236
1598 46
8009 941
5366 477
1058 453
826 418
417 637
1139 718
2129 648
6861 385
823 718
7671 333
7718 767
1325 988
8010 48
1591 338
8011 996
3060 781
17 174
2426 988
63 467
2390 174
5556 358
116 277
1199 546
2590 988
8012 801
225 167
1625 22
8013 996
823 34
861 322
635 877
68 767
8010 507
8014 155
7186 337
7837 239
8015 970
1334 524
6250 236
484 767
7428 277
1219 155
68 962
4076 101
2367 174
8016 201
2138 996
8017 184
8018 329
267 756
7434 434
2040 794
7664 410
8019 65
2466 625
6622 801
8020 996
3385 411
8021 33
1131 470
6491 311
7361 277
267 470
895 265
3404 735
8022 970
7295 33
8023 66
8024 412
8025 150
1082 779
4325 924
319 71
8026 418
3649 622
6345 97
418 727
591 337
2811 506
4446 864
327 349
318 988
2138 385
7271 801
5853 864
2434 17
2132 475
2825 12
5522 702
1525 213
7702 507
3690 242
2567 355
552 35
1311 284
5327 391
5327 579
3270 759
2654 184
509 298
977 441
8027 663
8028 684
109 199
2753 173
4966 801
552 654
8029 26
8030 477
5077 499
623 420
965 544
6701 457
476 614
476 622
388 255
1903 155
6916 349
8031 155
8032 319
1464 290
335 22
2476 290
335 84
8033 970
8034 155
335 236
934 349
2434 637
555 161
8035 325
1039 654
2898 262
476 292
2185 537
2654 996
8036 540
476 289
3146 322
8037 39
1647 833
8038 161
636 349
8039 842
143 842
68 891
7205 445
430 609
6752 870
2240 574
8040 385
17 68
8041 283
22 941
8042 656
1325 45
430 274
388 59
1922 833
22 622
5299 882
8043 574
8044 110
1438 278
797 397
8045 217
8046 996
1616 520
6408 144
1044 391
4065 134
18 17
678 337
7283 900
8047 610
1406 50
8048 758
4852 457
8049 16
3507 457
8050 479
17 479
4583 322
1772 486
8051 376
3819 939
8052 366
4093 196
119 441
8053 35
3449 610
6500 239
8054 761
2153 639
1024 365
3320 630
3939 345
8055 763
3491 889
916 318
49 239
1024 347
2138 299
5319 376
8056 468
8057 277
5622 763
3312 40
934 673
822 418
3903 599
148 987
5711 338
2134 404
2134 349
1007 639
541 587
1183 571
5311 859
2761 325
623 12
1134 988
2444 684
1647 35
6016 155
889 260
8058 55
8059 363
2797 318
997 702
249 50
829 120
8060 379
6440 184
1277 379
8061 262
1205 48
8062 262
7545 68
596 66
8063 407
48 45
6086 262
68 996
6569 801
8064 924
2933 859
777 626
7218 491
475 191
1613 801
286 863
2876 970
8065 363
7067 758
3312 660
8066 262
8067 231
8068 452
8069 494
1611 650
318 660
4433 662
84 34
1680 507
3317 494
2797 906
8070 35
1134 941
596 194
3452 39
641 353
4483 948
1865 171
1301 863
1506 476
1424 312
1670 552
8071 614
68 682
5103 866
1376 30
339 842
6605 55
8072 411
8073 23
80 364
799 820
8074 260
2671 758
541 364
2619 900
8075 33
17 33
8076 941
3507 12
4315 941
598 250
17 328
3214 314
8077 680
4085 140
4779 941
1813 33
7159 292
86 61
3081 630
2841 596
4029 645
303 420
3085 77
119 660
303 675
303 97
8078 970
8079 399
7850 363
3861 199
5836 941
1971 471
4862 269
22 258
8080 358
2541 184
8081 879
482 309
4075 359
5577 901
328 698
608 123
608 404
165 513
387 681
22 996
934 452
3218 385
1066 314
476 737
39 709
467 627
476 679
6962 886
725 249
2065 144
476 690
4607 710
950 258
387 356
2353 41
6965 516
666 204
22 737
5622 347
983 41
863 420
8082 765
8083 978
17 978
3670 556
308 224
8084 175
8085 21
6965 793
1263 396
286 710
2671 309
221 495
8086 184
1160 46
8087 988
1229 420
8088 801
1296 865
65 61
8089 417
1096 485
2274 853
764 684
7485 425
148 50
5705 211
8090 214
8091 996
8092 941
26 360
8093 970
532 405
68 865
1479 888
8094 23
646 978
5622 264
68 794
2174 680
2923 986
8095 338
608 955
1363 240
646 996
1568 565
1977 847
5314 551
142 851
532 327
3420 444
608 29
4806 988
596 415
8096 320
494 425
1089 808
8097 996
608 745
4554 507
8098 656
8099 944
2864 382
36 551
532 614
1906 299
3080 642
8100 345
1191 308
2374 449
5122 233
875 844
823 337
875 68
875 219
