8227 2467
2921 721
1884 782
145 49
3046 160
3562 768
849 414
819 119
3110 738
849 372
3537 313
124 105
727 373
1931 19
322 183
1778 783
3216 335
2536 60
2925 641
3142 280
2939 746
1633 577
1052 473
3561 10
819 86
1946 10
3124 585
2943 131
535 313
472 283
3450 775
3563 263
365 244
3564 149
3565 713
391 60
3148 112
725 690
784 386
3566 321
3119 739
1822 273
3567 183
1233 400
361 183
755 383
2836 714
3568 308
3569 499
727 78
966 199
3570 70
3559 237
3571 594
226 27
540 316
2306 526
570 33
535 153
477 112
60 55
118 100
3572 244
1607 512
1719 435
1655 342
2668 162
3573 239
828 699
2434 637
3574 645
401 313
500 112
3575 305
1718 528
233 774
3576 587
3577 112
3483 70
233 206
233 211
233 101
233 739
828 740
233 776
2076 644
1636 578
174 24
1212 211
472 101
3573 46
3578 313
3579 571
2636 112
2434 17
790 100
787 393
3580 112
1257 508
156 393
3299 129
233 763
2668 203
230 169
3581 20
40 461
40 465
1219 344
248 188
3582 589
774 111
3583 631
2225 658
3584 412
918 184
134 113
443 409
303 529
1130 305
2275 664
233 309
226 168
40 585
2948 461
233 307
233 169
233 738
233 777
197 148
233 193
3323 57
327 349
233 17
233 220
233 234
233 416
233 615
233 232
303 408
303 742
233 40
1198 422
997 457
95 109
221 742
2591 55
3585 86
1828 211
3503 725
68 461
233 659
443 207
233 660
1276 393
3028 610
535 483
907 435
443 174
477 661
233 413
68 658
631 162
233 751
1629 405
36 145
3586 0
292 140
1591 343
233 512
737 198
233 337
233 408
233 678
233 728
850 415
3252 755
1042 469
233 33
611 393
233 91
1202 471
2662 677
1548 119
233 10
3587 70
233 244
429 184
1044 278
2488 728
1277 349
40 763
3029 777
1591 338
3588 19
40 307
3323 19
233 13
107 92
3589 413
3590 23
210 675
3028 106
1348 409
675 184
285 209
3513 30
210 156
1827 20
220 164
2031 100
285 399
1359 678
762 125
2240 610
1359 763
342 110
231 58
285 210
1962 690
285 162
3329 728
49 239
175 506
90 78
2240 106
233 773
76 726
1217 408
1359 738
361 204
311 16
525 307
2130 507
884 429
3060 781
388 301
285 133
3426 772
3195 412
1386 532
3591 406
2378 184
3507 12
343 221
2031 510
3275 600
1258 115
1562 338
1369 541
175 181
1657 119
210 399
3592 357
2526 98
2444 144
1537 361
63 144
388 406
270 205
1049 471
3593 299
615 745
1047 191
3499 289
3594 669
1971 337
3455 656
1990 413
506 443
3326 112
1301 81
86 57
218 162
1647 214
334 232
3134 741
897 660
3348 532
903 437
3595 132
86 61
3596 784
3597 360
3598 775
623 155
245 85
2031 784
210 410
3599 509
8 404
1321 494
268 631
2436 184
781 390
63 467
1994 390
205 180
3600 112
3601 738
68 775
382 253
601 768
3602 557
415 268
290 216
2841 596
8 7
88 773
3194 55
3603 574
1206 325
3604 18
2294 464
1934 332
1131 10
3605 375
3606 785
1202 337
2468 677
3607 571
2356 321
3608 660
76 100
36 206
3609 86
3610 283
2162 211
1276 68
493 184
849 576
17 68
562 34
3313 762
1280 661
516 255
1729 14
3611 357
267 470
3612 335
2729 704
68 557
3613 68
1800 220
1256 709
3614 587
249 242
73 661
977 441
73 235
590 361
327 224
3615 91
73 112
73 451
1280 34
73 186
1139 115
1280 112
73 376
934 349
509 259
474 97
1373 134
1575 568
294 218
2192 655
1139 281
849 640
47 44
1793 223
537 511
2706 660
1740 211
537 91
183 140
1183 571
17 550
3616 77
3617 786
1235 404
8 66
3618 357
284 456
509 785
3619 55
1467 541
205 176
17 744
879 427
3620 217
168 456
3621 701
2369 673
3622 645
3623 22
168 181
1647 98
414 267
3312 660
1381 531
285 501
417 285
537 404
353 143
364 441
3624 17
2939 762
934 673
768 213
820 496
3458 325
3625 8
3626 309
3627 293
2336 571
3628 337
324 184
285 22
117 99
1139 718
1139 711
2003 632
1647 709
714 370
68 494
3407 404
2450 337
1139 122
1139 477
114 97
2183 351
3629 58
3540 780
336 163
284 14
3474 585
3630 191
3631 784
278 209
383 187
3632 299
278 638
476 74
303 313
797 397
795 46
303 769
45 386
3633 108
3043 709
865 351
938 405
3354 566
2107 337
2336 410
1235 7
3634 168
2755 507
285 638
3416 660
3635 45
268 204
264 202
3636 460
359 77
3637 640
3638 297
2137 553
678 337
3639 417
213 259
2746 246
2007 633
1024 343
3640 361
3390 421
3641 342
3642 360
1863 529
2049 429
3641 287
1821 604
3643 34
50 72
2534 206
2432 683
411 513
3644 372
3645 510
3462 776
1492 765
878 426
178 135
1492 255
93 80
3180 716
1325 489
1740 660
365 443
1903 155
68 297
3646 690
2807 490
981 184
3257 345
3567 14
997 372
346 314
2930 722
194 160
3647 217
441 250
3648 34
3649 660
319 184
3312 40
440 278
205 71
625 779
2083 119
400 345
346 231
3650 763
476 68
476 289
1700 310
483 288
3442 468
476 292
476 22
476 84
644 525
3651 329
641 353
3463 335
1082 779
16 476
400 510
3652 250
227 93
245 470
2154 651
310 254
703 174
601 574
400 784
3653 19
474 60
3463 282
1329 442
1189 595
3654 661
3655 236
3656 351
1392 404
3237 363
574 325
1802 23
1717 594
1300 267
3657 646
410 67
400 687
1647 490
546 288
2136 650
3658 19
2806 318
1816 602
417 254
3659 576
448 250
1835 19
1677 225
1804 660
3660 646
2478 595
3509 84
3661 408
1793 361
951 412
1152 499
3662 184
68 10
1001 483
1219 349
3663 489
962 451
621 329
3031 184
413 73
2178 360
2870 33
3655 84
16 98
994 407
284 660
1291 517
623 489
3080 787
3664 208
2136 781
3665 649
1224 660
3526 660
494 294
2121 407
764 108
3666 600
2965 741
400 538
3667 722
504 297
165 22
379 251
1468 538
68 660
1593 443
3668 459
3669 277
3670 168
45 541
502 37
379 572
442 277
277 91
1219 155
2917 720
2697 399
1804 14
3671 788
2444 684
3668 198
2126 301
378 250
1244 511
963 452
374 30
617 342
9 8
3672 518
3673 112
366 245
3674 401
3675 777
419 184
3676 184
1060 439
3677 776
1148 280
653 33
1242 301
1436 260
3218 236
3440 615
2177 653
3678 424
1090 284
3679 47
1812 183
1796 130
1148 490
3679 208
1796 324
3680 321
448 163
3681 307
1796 289
2566 789
656 214
2697 210
3679 239
3682 212
1443 507
13 12
340 118
3522 780
286 81
3683 647
1392 7
1176 779
873 422
87 724
497 119
2205 308
3684 422
3532 313
3685 489
3142 507
3686 786
1136 492
3687 587
1176 160
640 352
2206 312
1136 507
782 598
2467 422
1251 413
3688 758
1992 753
1820 357
273 172
1820 639
2933 49
3407 318
3689 8
1173 785
636 349
1400 534
1221 507
243 149
442 231
695 507
3690 56
695 656
3484 758
1238 402
768 90
557 322
335 679
21 319
557 247
549 15
1980 335
870 184
433 643
3132 723
335 74
3691 790
557 240
3692 26
221 507
1710 322
221 656
3693 422
1058 536
3694 385
1261 112
2871 153
335 234
749 677
3385 313
499 656
335 15
3695 414
3696 236
559 313
3142 112
68 319
475 256
3697 144
1068 478
1017 421
1662 585
331 98
3698 208
98 313
601 610
3699 747
3700 35
1044 57
3701 149
3702 304
196 509
1611 650
1647 530
2866 184
3703 65
3704 112
3699 335
232 171
12 769
423 660
3705 355
1209 121
1492 411
421 112
400 340
3706 20
72 65
3187 243
2143 631
2169 100
1069 155
3507 779
3707 608
2863 457
1051 472
3708 660
127 107
526 101
415 270
3709 19
1127 661
3710 660
951 301
318 660
3711 489
768 709
2098 184
415 269
3712 340
3713 791
656 326
633 62
3436 774
752 287
2974 333
1543 313
3694 229
912 68
475 328
1795 109
719 234
3714 406
3715 631
3709 187
1218 745
445 205
3716 71
1469 542
1402 24
2473 184
68 312
3717 410
309 225
242 349
400 558
485 290
172 131
3718 68
465 282
651 250
3719 155
1401 131
3523 77
16 186
506 304
225 167
532 104
238 741
3720 741
3721 375
51 92
3722 773
3723 701
3365 748
1339 184
3239 754
3523 65
994 406
808 234
2144 184
95 66
3724 242
1506 65
3129 364
538 315
3725 292
1506 77
1491 313
3726 792
935 240
3727 673
387 19
3728 187
3722 723
3729 422
1713 507
3730 30
1449 116
3731 550
1036 288
1674 104
342 237
3732 351
2535 273
281 68
518 673
72 108
281 22
296 645
1897 184
1506 108
609 148
3733 155
449 587
3734 459
3735 422
1513 24
1709 55
3320 645
3736 121
3737 112
3738 124
17 19
3694 26
2196 19
1680 23
359 124
1084 742
403 263
963 486
3543 85
2365 793
1443 253
3739 353
18 17
1552 589
535 328
1350 169
2761 325
3740 645
1973 196
535 558
1435 368
483 23
1084 36
957 794
795 47
611 42
3231 308
3741 65
646 319
1424 312
2936 24
2671 758
3716 112
16 22
339 534
1040 124
456 442
1876 142
2121 155
3742 68
1350 18
795 208
2271 661
630 312
703 208
80 335
1031 465
764 609
1305 170
579 50
912 723
3743 544
708 187
160 481
3744 16
17 114
3745 409
221 36
557 343
557 610
687 412
3746 56
2572 184
1139 733
570 77
502 324
36 184
965 184
1179 109
1179 154
3747 660
3748 112
1856 615
935 758
101 566
3749 795
173 132
3481 263
3750 705
3748 661
3751 14
935 656
2355 152
1005 434
51 154
56 52
1443 129
1428 507
26 111
3408 186
96 83
145 68
1611 733
68 758
3752 791
1732 46
578 566
870 758
524 287
649 87
3753 320
3754 395
1712 277
2816 322
58 53
2608 495
578 715
1857 243
2650 321
1087 613
1169 497
1111 223
559 287
2146 187
3755 61
3501 274
1267 564
402 796
49 46
2893 709
1804 742
3756 19
3757 507
1267 705
68 715
383 183
3379 219
3758 19
3542 509
1568 565
3759 510
3760 162
3281 601
826 369
146 391
1449 134
2557 697
3518 660
921 510
460 94
1432 56
462 145
1889 299
335 68
1443 26
3761 797
308 224
2571 304
1087 605
119 102
3762 798
1911 87
356 177
3214 314
3763 22
136 543
772 299
660 613
3764 40
3765 737
959 26
3766 320
2196 313
3214 425
3514 587
632 346
3767 621
2430 37
430 274
26 709
3768 121
683 37
483 507
3769 799
17 192
3770 184
1877 509
483 14
3771 85
3772 585
678 471
2234 661
3773 799
1505 113
2925 661
772 621
2137 215
2240 639
346 134
3774 55
1861 616
430 144
430 684
670 305
51 48
3775 324
1139 734
3776 324
678 543
2137 397
136 733
430 108
3777 13
430 124
2240 226
1972 601
660 332
1884 691
3778 800
1117 111
524 85
195 157
570 299
391 97
3779 322
2196 55
494 758
3780 16
17 16
636 290
3781 84
3774 355
68 277
2974 304
499 564
3782 355
221 564
195 147
499 495
3783 304
80 283
2267 324
221 495
749 779
3784 236
3785 313
570 129
156 460
182 139
3786 320
3787 320
2571 355
1981 361
3427 320
3774 320
2443 72
3788 509
168 129
783 153
3789 355
3790 320
684 111
51 109
3791 22
3506 113
402 136
2365 355
78 18
1389 320
1471 199
78 101
1471 517
1324 168
63 320
443 55
59 54
3792 149
437 91
659 162
1214 308
3793 91
1389 68
68 509
2552 661
3794 351
866 398
402 512
3795 226
423 147
3796 192
179 212
684 213
3797 499
3347 571
1066 355
17 375
17 499
3798 192
3774 68
1182 543
3799 143
1796 68
370 246
2146 68
894 434
3800 459
3801 143
443 198
2588 591
659 63
591 337
17 112
1182 734
3802 292
351 499
3803 449
1505 9
591 408
2234 112
611 334
3804 313
1046 417
2196 68
1295 472
322 395
3805 558
659 312
1505 473
125 194
160 89
17 449
125 147
655 357
113 734
3806 661
1505 191
3807 658
68 361
3808 23
1531 555
203 32
233 762
3809 14
3810 343
3811 144
233 342
3812 681
233 683
125 343
935 507
3813 496
3814 244
47 515
570 184
196 14
737 259
3815 355
512 300
3387 389
1448 420
2228 659
832 347
3410 349
221 492
233 700
2845 229
1547 223
40 221
233 160
144 558
3816 628
1703 337
144 328
220 801
3817 68
3818 244
233 444
17 417
233 383
233 585
233 779
233 701
233 283
3819 373
68 681
233 785
233 772
3820 622
184 174
233 786
3821 14
233 321
3612 153
983 105
233 528
144 354
1590 104
233 473
3822 417
233 214
233 578
233 644
233 714
73 733
144 117
73 734
73 543
73 115
233 47
983 299
233 294
73 785
73 721
107 310
2708 703
73 316
3823 134
73 780
233 791
73 202
73 746
73 528
3824 183
3825 649
68 434
61 56
73 619
2861 146
1189 208
535 491
725 246
3826 395
3827 184
3743 104
68 211
3828 396
2133 34
3829 184
1189 47
3830 55
3831 22
40 193
532 210
84 34
1535 210
40 451
3832 608
1535 209
639 543
1182 733
1644 396
1894 412
3833 324
2985 410
254 666
17 509
443 163
782 244
3834 666
292 624
1921 666
3835 396
3836 396
259 197
179 136
3837 68
2133 396
3838 273
3839 396
532 119
17 202
347 660
761 396
3840 112
3841 163
1260 608
2264 591
782 646
2595 395
3842 219
3843 600
802 373
346 666
412 266
3844 397
480 183
3845 802
1529 333
3846 89
1596 628
2055 184
3847 74
443 70
2353 112
287 59
223 160
611 384
68 628
1670 218
1599 536
1785 544
997 502
3011 192
562 59
3848 253
164 556
537 105
611 391
2375 344
3849 184
1551 561
3850 192
802 803
3851 628
2648 700
959 253
3528 779
3760 203
3852 68
484 184
1598 46
39 709
3853 804
291 65
3270 759
3854 299
2000 213
3016 40
1968 629
3855 318
3856 314
3857 805
3858 329
105 91
3859 396
3860 132
2654 184
1268 332
1119 489
325 229
1268 621
193 146
271 91
285 396
1778 608
318 390
1417 206
3861 646
1241 658
2325 396
3862 411
611 747
36 406
212 158
811 157
1206 507
1959 14
3366 119
1046 18
3863 625
944 163
461 793
3864 132
429 145
76 502
335 22
429 59
2259 662
2734 706
2103 406
242 184
1971 729
3865 806
1266 806
88 76
624 344
3866 40
2488 566
3867 91
3868 661
2216 412
739 765
392 258
3869 382
819 157
2402 382
3870 666
3871 147
3872 12
2265 660
506 355
1971 726
1856 723
3873 396
1435 583
3874 723
2885 10
1662 456
3874 807
1662 363
1608 440
3875 91
17 807
206 335
2531 693
39 213
39 111
350 91
206 153
39 259
506 56
308 228
3876 361
3877 525
291 68
208 179
931 48
842 411
3878 701
3592 112
836 22
3879 411
3880 286
142 660
3881 771
1314 112
1702 8
353 320
285 394
1089 808
2104 22
750 660
1287 388
185 142
1233 157
2447 406
1853 112
1635 91
3882 132
1233 119
3883 134
1284 516
1233 86
3884 347
68 8
1632 557
17 361
53 320
3262 396
2558 28
3446 628
1185 554
3885 666
1296 41
3886 168
1598 239
3887 588
601 747
3888 325
823 12
356 507
356 219
874 796
2025 50
1185 701
2447 79
506 50
3284 628
274 138
969 160
555 320
1853 386
506 305
1399 382
1630 160
3889 174
866 421
3890 625
289 557
184 418
238 286
3445 412
371 321
3594 187
1722 575
2032 486
1892 184
948 446
785 392
3363 169
683 163
1772 112
2353 41
1569 242
303 85
3891 358
303 337
3892 809
1754 525
1569 284
3893 294
552 396
1335 401
533 49
388 255
2376 676
3894 611
467 392
3895 413
533 223
517 406
2116 229
1257 810
3896 361
3897 661
3898 493
199 203
3899 457
537 413
3515 544
103 153
537 318
1278 515
45 400
3900 505
3901 700
3902 155
2115 184
480 219
3903 741
45 119
2848 660
3594 200
3904 84
566 10
482 396
3905 321
3906 294
3206 112
3907 658
1600 38
2794 500
1705 68
3908 356
1684 42
3909 191
3910 68
896 435
1316 521
3911 132
3912 778
45 557
2166 639
3173 40
482 451
3913 313
104 90
3914 661
1263 396
3915 396
2908 660
171 22
1856 112
3916 597
3917 396
3918 625
2141 313
1828 660
1449 318
3919 799
105 506
3893 112
3052 347
1087 760
623 420
437 539
1856 116
935 396
3358 221
3507 457
1711 593
371 227
3920 506
461 192
3921 350
3046 443
422 603
1071 322
1066 284
2057 244
935 654
1659 625
142 284
3922 143
3923 284
532 460
2817 713
849 428
17 625
828 403
788 203
3924 396
3925 566
795 796
3926 138
938 709
3927 236
2505 361
68 40
68 799
3928 396
3929 669
1066 388
3930 10
870 799
1096 485
802 587
68 227
3931 205
1678 587
3932 661
3933 112
2093 112
3222 294
2093 215
2973 220
943 67
2069 679
331 709
8 243
3934 313
3935 50
2093 361
425 7
68 112
2764 37
3936 10
2079 163
3311 612
2730 217
3937 255
3938 320
3504 441
2725 401
333 314
2054 4
2078 299
3939 112
3940 23
83 535
3941 660
3748 33
3942 505
2365 456
3943 58
2365 363
418 727
990 318
3072 723
1694 358
3880 535
2728 192
1040 108
311 215
1912 320
2094 361
3944 287
536 314
3945 112
817 184
3946 39
970 39
3947 112
1752 669
3948 320
1828 220
339 39
2916 39
3080 642
3949 116
346 450
3950 68
477 226
142 154
2806 660
578 88
3951 396
3952 39
2151 413
3423 474
1984 611
846 412
526 283
3953 355
3954 219
3955 112
3956 68
3957 120
1980 647
3958 249
532 68
3959 35
1411 609
3960 506
1617 351
1148 642
3959 256
3961 396
3717 49
1607 811
330 184
1024 338
3962 287
3963 319
2923 585
3964 812
1697 520
1024 647
3965 396
623 444
3919 784
17 327
3966 23
430 609
1485 68
3965 294
1448 2
3967 244
1411 304
3968 305
664 329
3969 643
2357 184
71 51
1485 22
3205 748
3970 39
1066 450
875 424
3971 377
316 93
3972 412
1800 59
3973 470
400 590
1074 685
3974 184
1013 375
3975 297
1373 450
144 287
2110 121
3976 213
2878 252
2341 160
799 4
80 647
3977 23
1220 184
3183 647
2230 321
2110 375
13 432
3978 660
364 7
3979 647
17 219
3980 412
3981 813
1013 10
3982 231
925 37
925 250
3983 112
244 106
498 533
559 350
68 121
889 260
1772 39
40 386
2825 457
2705 385
303 650
890 4
3025 39
303 799
40 473
3984 309
3985 93
3986 666
532 57
1040 274
1013 287
1184 340
483 98
3987 112
552 231
40 17
731 492
1925 109
1244 814
3988 351
68 412
68 39
497 811
3989 587
2678 302
48 45
3717 246
983 23
4 503
3990 37
983 81
933 145
3991 673
2923 155
3992 184
335 289
3993 30
3994 91
1752 813
40 714
335 292
3995 412
335 84
335 130
335 324
539 184
335 235
68 633
3996 506
3997 396
3977 800
3998 553
3999 68
977 713
2523 35
611 140
859 412
3496 68
4000 106
2825 12
4001 397
566 149
277 666
3169 68
3748 395
17 660
2881 264
17 264
4002 351
4003 252
703 384
1127 506
4004 396
4005 43
1397 364
4 498
2252 184
4006 143
3748 666
3088 506
3525 396
2850 717
501 246
4007 125
4008 114
2923 629
2240 574
4009 239
2110 114
4010 666
4011 281
4012 256
1720 714
484 500
4013 184
2137 114
3755 579
4014 294
4015 39
3670 126
1803 207
1726 441
3795 647
4016 20
772 554
484 506
1803 104
2923 260
18 637
1371 587
4017 140
488 442
1259 226
3728 131
4018 260
1819 287
374 125
4019 647
1857 115
608 28
1857 62
4020 374
2777 647
462 184
4021 525
4022 294
4023 14
17 601
1036 361
4020 459
488 14
3254 756
4024 58
950 258
1259 647
3411 301
109 506
4025 406
4025 184
65 61
938 104
4026 499
1952 324
255 341
4027 49
2923 763
1137 499
4028 347
4029 396
494 396
1735 74
727 424
2923 815
1952 679
4030 357
4031 525
68 24
2478 730
1961 42
2234 643
1139 543
1046 160
4032 112
49 47
4033 87
323 184
4034 513
1891 347
1853 221
22 451
4035 610
659 799
705 368
1046 236
1906 451
1185 759
611 464
1490 641
1521 408
4036 443
68 47
2923 426
4037 639
1857 281
1878 347
4038 417
4039 660
123 104
1881 618
1310 51
2199 774
1949 99
169 130
2374 112
1857 122
1857 477
2131 412
1692 5
3139 51
2997 501
736 378
1905 219
4040 74
2505 112
1478 547
3495 742
1478 546
2881 350
402 33
557 647
4041 749
4042 196
1294 328
752 347
1294 117
1294 558
4043 666
1294 354
69 219
1562 343
3229 751
1813 252
4044 183
3981 669
4045 51
1778 545
655 747
762 186
4046 51
3302 186
421 33
2875 550
630 164
4047 134
496 164
2511 649
2577 722
218 210
678 734
4048 660
3551 713
156 128
218 399
248 128
1656 584
4049 250
4050 30
1799 35
557 747
4051 130
635 184
557 338
1878 747
524 264
557 458
4052 458
4053 458
125 747
3548 231
346 128
716 209
535 747
716 399
17 747
289 215
4054 70
4055 804
1828 40
983 27
3238 804
4056 443
1562 747
136 337
4057 274
2627 109
727 764
136 408
1188 109
1577 87
449 196
68 215
1274 127
4058 747
559 51
4059 348
4060 277
611 112
4061 385
713 385
1339 26
4062 587
1471 461
2816 34
1087 694
156 219
571 545
596 66
1024 747
2240 347
4063 114
4064 622
17 622
4065 747
467 700
3362 507
2240 747
1857 361
119 406
4066 144
3491 474
4067 442
15 14
4068 660
1185 518
696 560
3697 55
4069 666
4070 628
1912 22
1940 217
3857 816
608 804
1139 817
1940 70
4071 646
4072 19
4073 178
4074 660
4075 51
660 694
4074 818
1586 557
156 114
4076 51
4077 51
4078 114
4079 114
1139 819
4080 114
1547 435
4081 114
1173 741
2251 144
140 51
1066 425
2285 304
233 795
997 771
4082 114
233 478
1189 46
4083 131
1490 620
233 778
3182 40
2593 30
68 585
1708 461
233 494
233 256
342 347
233 375
527 396
2936 804
387 187
3556 114
4084 153
1140 666
4085 383
4086 134
233 812
745 51
233 361
233 252
233 500
68 375
4087 114
346 396
233 587
233 806
233 4
233 713
233 27
233 397
4088 114
1179 475
233 616
233 187
4089 747
233 681
66 281
4004 58
233 797
2708 30
4090 46
233 597
4091 747
4092 275
697 8
4093 196
233 85
4094 647
233 396
1549 461
4095 30
2988 725
342 343
2790 496
40 397
782 303
697 324
181 90
4096 507
224 166
1140 184
773 236
189 0
271 506
198 114
4097 87
4098 74
188 114
658 184
40 218
1885 619
2394 660
4099 23
376 70
4100 628
760 523
1973 258
1334 524
4101 89
2402 715
1778 7
73 565
73 461
73 772
73 153
938 213
4102 820
73 813
4103 396
1779 51
220 122
819 400
3480 461
1586 812
535 347
220 337
3029 145
2350 429
4104 30
208 109
4105 421
4106 444
1185 669
362 775
537 59
4107 820
4108 396
4109 140
373 819
68 233
1601 325
164 126
4110 637
1217 543
66 819
4111 42
1802 322
1392 821
1367 821
4112 506
4113 818
537 535
4114 411
2493 532
17 411
159 404
68 820
305 141
246 666
3890 376
1189 796
4115 132
4116 574
246 305
2321 672
246 539
823 34
4117 765
4118 821
611 574
4119 821
1994 283
4116 747
4120 112
4121 525
4122 250
3029 184
285 821
552 660
4123 628
2623 211
4124 106
837 407
4125 215
4124 610
4126 313
641 401
1611 734
4127 160
4128 646
350 765
1979 459
631 399
4129 47
4130 677
4131 118
4132 334
3676 494
577 326
1810 105
4133 421
4134 765
1620 395
4135 821
208 154
3611 365
3919 510
4136 539
2120 329
1363 355
4137 601
2134 821
575 235
2531 507
335 614
1114 719
3611 347
4138 765
4139 399
364 243
4140 250
4141 319
2306 670
601 334
4109 362
2692 329
4142 174
4143 401
4144 807
4145 163
4146 646
861 322
2040 457
4147 660
4085 578
2923 141
22 112
861 30
311 649
4148 822
990 660
4149 33
2293 33
4150 762
4151 818
835 97
4152 574
22 574
4153 33
2711 154
1320 51
22 807
509 298
2343 260
4154 823
2654 39
167 807
3896 807
938 824
1613 729
3269 822
4155 68
17 585
17 765
4156 539
919 313
167 585
2783 647
359 144
3716 114
22 585
150 205
1754 371
356 395
4157 456
