8227 2639
36 184
1881 968
328 698
615 966
134 113
3795 365
823 718
959 26
5654 898
535 574
6820 967
1087 965
5940 759
5553 865
1671 553
6829 966
1104 150
3491 889
559 483
3565 713
2788 295
5905 923
2136 781
5702 281
1488 120
6830 207
1024 347
823 281
4446 864
2136 650
6626 493
117 99
1488 710
4447 169
6790 634
611 649
157 64
5549 898
1036 941
382 253
6831 33
6832 318
5680 907
2821 367
4056 367
611 614
494 941
535 347
6833 628
2274 913
6834 125
3476 842
2257 844
6835 175
6836 945
2242 939
754 958
823 711
125 175
2591 842
6837 68
6100 668
81 941
179 767
218 162
2936 955
924 784
1402 24
5155 91
5626 949
611 628
6838 628
1296 41
4085 953
125 628
178 135
6839 231
6179 818
1066 388
4085 587
5137 219
3567 941
190 68
3833 324
6840 941
772 33
2186 225
6841 939
1036 33
449 587
96 302
3646 130
924 718
3252 755
1139 718
5894 635
749 120
5619 949
390 257
5629 366
6480 939
4019 468
4579 33
3646 690
66 945
6714 846
4085 620
6422 939
66 946
440 278
3244 958
6103 142
802 803
6110 850
1220 958
5534 710
118 100
2959 949
736 378
212 158
547 936
6842 85
6662 418
2132 941
2185 941
4019 219
4148 822
737 198
6843 79
2399 495
2943 89
319 184
2242 949
1672 941
6844 240
5255 198
1139 711
6845 110
737 259
1183 571
4085 960
1501 939
1139 281
6536 95
954 364
6167 130
221 958
198 114
223 418
3613 24
221 507
4416 308
532 364
4019 24
2517 240
6846 966
4343 579
4112 954
1876 142
2365 793
6534 941
5391 865
169 130
4416 101
636 349
3436 774
6628 956
6729 536
4340 579
1376 30
739 336
68 865
1376 275
51 941
292 624
2443 72
2697 569
636 290
6847 410
1066 242
68 956
6848 85
6520 905
6847 156
4085 841
5294 860
6849 941
3175 423
3507 457
2907 184
1042 943
5103 866
6850 941
1066 284
1244 914
1478 547
5928 169
6851 65
346 758
5412 888
233 804
5534 120
233 962
6852 409
725 476
421 33
233 173
233 737
4100 628
1215 198
344 233
68 242
979 101
68 284
3036 729
233 92
233 43
5716 423
233 818
40 960
6103 626
401 328
2491 711
233 159
1158 890
4958 175
233 574
233 957
6853 100
233 846
233 663
233 591
3275 600
233 64
6854 409
40 566
1052 473
233 295
233 873
1202 337
1655 547
233 199
1202 408
3124 585
185 142
6491 311
233 741
103 850
2144 184
1244 814
233 870
388 301
233 140
233 418
233 445
6855 835
233 261
2702 718
3046 160
180 138
233 58
233 879
233 963
233 864
233 299
3916 597
1327 698
233 774
981 184
40 718
1202 122
40 122
1327 96
63 467
6836 946
233 690
63 124
6856 360
728 527
3837 941
51 92
39 38
728 635
51 475
884 429
2697 626
3002 941
417 637
337 233
230 169
1283 101
5908 477
3458 82
6331 39
1682 941
6778 423
291 735
4487 838
691 239
1202 718
1059 136
5908 122
1284 761
1972 143
2564 335
321 824
2839 184
1789 536
239 281
1600 38
6181 850
1202 477
162 125
5360 239
40 879
1686 163
3880 535
6857 225
2134 710
5968 931
2846 761
938 824
2129 648
938 405
1629 824
6503 122
6858 16
526 101
526 308
3404 735
1031 871
6859 418
214 159
68 535
759 384
6860 412
6861 614
1733 150
285 209
6852 160
197 148
285 569
4844 932
1185 759
6665 130
675 184
1992 160
1199 547
1696 123
1049 471
285 626
2151 413
5215 312
967 90
4635 18
1197 331
270 205
6862 969
6863 418
6679 958
1785 544
6864 423
1665 586
68 835
3060 781
782 418
3329 728
1287 388
867 886
400 345
400 590
6804 72
400 510
1244 511
616 590
5120 867
608 380
400 538
6865 184
285 394
429 184
1971 471
238 535
8 941
1044 278
5914 346
40 312
2534 206
6807 493
5415 379
1740 211
506 896
4897 477
66 281
2488 728
977 713
2000 213
5467 891
6768 964
44 42
3517 536
6866 958
1647 530
1247 958
6867 941
3114 844
1652 389
1598 239
537 663
6010 413
6783 907
5092 31
5465 867
160 481
5137 891
104 90
6868 68
6171 537
967 824
829 81
918 184
3270 759
6736 962
2306 526
871 377
1788 39
6869 162
1256 38
1621 573
6870 710
6871 396
1876 162
148 396
575 235
846 412
3617 786
311 649
5355 267
631 162
6872 203
1388 530
5475 162
1189 208
1044 91
336 528
1607 512
2306 670
1303 17
284 220
6338 939
4209 65
6545 953
8 7
1607 811
2294 464
379 251
346 450
608 902
608 949
346 134
608 937
308 224
417 254
327 349
6873 309
327 224
6734 850
1034 815
1997 630
379 727
1256 0
552 318
1800 220
5619 902
541 587
286 382
1778 555
4085 311
3114 292
4085 650
364 243
1975 350
2468 677
4428 818
5263 571
1334 524
4085 957
1363 240
5626 902
5092 265
608 967
2558 28
895 265
6874 493
3354 566
6875 396
4085 741
342 110
920 889
6876 101
242 122
3681 967
36 844
3612 876
6877 544
68 630
879 607
498 911
6878 409
36 145
6359 939
196 14
957 265
6879 219
6411 939
6880 649
4096 492
1863 529
2450 122
977 441
1586 970
6881 409
289 215
311 215
934 349
5248 878
343 221
2321 951
13 432
853 120
6662 409
934 673
6882 48
375 873
823 408
6323 290
1312 493
2525 447
403 263
171 22
2797 92
1598 46
3426 772
5439 766
6751 17
641 353
6883 16
1647 873
311 16
6884 16
6847 203
6885 80
5020 16
6760 138
400 848
778 46
1068 478
5953 929
6093 970
6529 639
242 349
3070 873
3645 510
3507 779
683 77
5912 628
6886 936
175 569
53 16
2726 347
1429 402
3238 299
6887 120
1985 669
1300 547
400 262
108 360
335 249
1971 133
997 848
5876 445
303 420
2131 321
511 941
6888 101
3349 873
998 88
5552 863
778 239
6889 308
1321 522
1082 779
2003 752
335 859
1257 508
284 20
2659 17
3039 941
6890 130
1301 863
761 80
6891 147
2114 138
6892 939
476 22
1219 431
476 289
6893 867
3351 687
4590 380
6894 725
6895 941
3963 529
93 80
1277 522
948 446
6896 936
5268 347
1474 363
938 698
6897 551
524 264
6898 939
3302 455
6899 240
17 240
3302 412
400 687
3148 939
863 420
6900 353
6901 450
476 679
67 535
3734 459
6330 939
499 507
4786 314
104 421
346 242
346 128
400 340
482 761
67 620
997 687
4483 948
4041 749
3895 413
2114 551
365 735
1378 544
579 25
6233 253
411 25
2825 457
387 356
476 68
476 614
6902 79
476 622
124 137
2578 120
476 737
925 37
8 66
1933 226
16 98
476 690
4506 963
476 292
956 895
6903 80
925 250
5622 66
518 673
997 702
68 772
3871 147
6904 544
6905 637
1301 81
6906 367
2134 906
2291 184
5636 941
6385 79
108 234
2134 211
448 250
194 160
335 690
476 74
1670 384
532 308
242 184
1060 439
335 234
335 84
2866 184
6173 939
335 235
225 167
310 254
335 324
17 585
335 15
1089 925
371 275
335 236
6907 25
3813 496
366 245
6908 574
2011 941
76 100
5998 412
25 939
448 163
5412 318
4868 858
655 357
303 967
5355 254
2769 941
79 129
6909 941
46 43
284 123
1348 409
6910 936
5522 702
4534 622
6911 184
2593 25
5291 880
6170 913
997 590
1885 906
6582 941
3180 716
50 940
17 832
5675 186
1333 873
107 906
1074 829
6912 574
3410 349
3080 642
6913 388
68 265
4957 68
6914 120
335 130
1828 220
4672 710
6915 941
68 725
4482 836
430 476
359 124
41 39
3474 585
335 679
6785 954
1066 128
2206 312
430 684
335 614
25 331
2526 98
630 312
144 117
6852 141
6609 382
588 941
934 431
974 710
6916 349
1188 308
3204 412
6917 474
1101 531
199 203
2169 100
623 444
144 483
1613 729
2518 207
2933 859
4868 890
2003 632
934 452
2991 101
68 137
6483 939
872 423
6761 963
5917 866
5793 35
640 879
537 634
782 423
5764 880
2444 108
1925 308
6918 68
2049 429
139 941
596 66
963 452
835 156
835 410
3681 68
6919 120
666 204
2369 673
1219 444
951 412
6920 184
6920 59
6921 939
6803 184
1739 939
6922 354
2353 41
6923 784
2500 120
6924 396
5176 941
1187 915
6925 44
68 308
1022 281
5546 363
2599 696
760 941
6926 650
6927 379
997 784
1877 509
6928 253
1772 939
6929 409
6930 737
17 579
5083 509
1321 884
221 922
3049 25
2447 184
656 658
6752 870
2600 347
4225 954
68 913
1492 765
267 579
267 832
1443 129
414 267
2339 116
340 118
6931 431
6932 130
2356 321
375 416
6739 942
1992 924
1677 225
6933 939
174 24
2864 915
3080 787
6073 937
6934 163
2579 880
6935 364
499 958
2741 552
224 166
144 354
2134 120
6936 537
772 364
4248 645
6789 888
5788 918
1076 236
482 225
1188 939
6937 551
127 107
5006 340
535 117
3173 23
389 256
67 8
535 313
119 102
6938 941
1082 796
591 687
4822 240
139 910
609 148
628 574
437 551
1813 558
535 354
1448 313
752 287
2515 939
2264 591
6939 622
3320 645
2769 455
6940 647
1252 402
3360 941
1920 347
2933 622
6007 360
1975 144
6673 768
6941 140
68 796
577 326
68 382
6942 702
2781 77
3512 574
6570 888
1884 647
799 796
3472 34
2404 34
2864 382
600 143
6943 134
3141 340
335 37
6408 247
67 796
353 240
524 368
1778 81
1381 531
335 163
3685 489
6944 322
6945 347
383 196
335 737
6488 574
119 184
3325 763
623 489
94 863
371 247
2434 17
3532 313
69 219
4503 626
591 590
6946 26
6947 520
499 656
248 188
2434 637
6223 939
731 455
2615 631
76 726
6948 345
68 363
449 188
6949 219
935 913
6950 328
1920 365
6951 665
6952 35
415 270
309 225
285 210
415 268
415 269
764 108
2168 567
2225 658
6953 673
45 412
1066 191
1404 184
4753 579
517 455
2615 78
101 88
1046 244
2173 507
4538 85
537 954
18 17
608 257
3749 795
6954 68
579 50
6955 131
45 183
1046 324
172 131
1562 574
6653 26
353 143
1562 347
6956 710
1881 618
58 53
8 225
17 574
45 710
145 68
2946 261
2870 33
1160 46
6957 225
993 912
6958 737
4545 154
792 225
6959 120
344 671
839 360
2566 789
993 956
993 966
993 745
993 339
6801 385
145 49
371 322
6960 41
500 175
371 63
2615 751
1389 320
339 520
68 531
660 939
5840 567
17 314
95 66
1792 939
3231 308
6961 396
353 320
646 936
3720 371
1599 536
3215 401
919 470
6555 941
1046 84
123 104
1722 575
1046 130
67 939
3804 579
6962 886
1197 939
2388 313
1729 941
1752 669
608 225
6658 243
36 551
6963 313
1726 860
6964 140
5538 896
2434 888
5632 949
2495 964
6965 479
660 120
1792 120
6966 55
246 939
1562 338
68 84
17 527
532 600
4926 839
17 134
1663 527
63 684
671 225
1663 314
2169 313
1726 33
67 706
1712 277
1087 694
524 287
2495 706
1046 22
1543 313
2548 354
1562 313
1087 760
1663 375
2548 117
4859 120
6967 958
6968 117
1441 354
6969 895
4859 710
6970 489
160 89
1160 21
1952 264
6971 87
535 85
6746 108
1441 313
6272 264
850 415
6756 530
2314 354
3804 354
539 184
2553 347
2734 706
535 328
6972 77
342 347
3769 907
6973 166
6515 120
645 163
6446 941
695 579
6974 880
718 302
6209 939
1066 970
539 175
1663 106
819 119
2971 322
1663 264
6975 23
5622 886
819 400
781 390
45 874
2892 897
124 105
6976 958
110 87
3495 225
144 287
3495 924
6977 33
17 33
775 302
143 120
2769 219
6978 117
954 610
6979 380
465 71
557 347
218 203
6980 356
1087 605
6981 391
5962 930
5074 118
67 507
218 209
1007 507
6982 347
772 507
68 203
954 106
1878 347
2319 671
1568 565
774 111
451 347
5977 863
3543 85
752 347
6983 459
4603 827
6002 934
3819 214
4634 364
3662 145
329 595
6984 592
598 55
5138 941
359 684
1912 68
1189 796
6985 614
964 453
17 130
6986 483
683 37
3537 313
5498 892
1189 595
6450 514
6646 120
2524 77
6987 17
6988 491
705 368
26 596
4178 225
88 773
826 396
6989 939
68 26
1571 302
6990 140
43 941
78 101
1279 398
6812 737
2196 313
1139 477
6991 347
4067 445
1258 801
1543 391
356 323
1382 214
2196 491
6992 249
764 684
6562 279
346 666
6436 42
3670 658
1179 475
1117 111
2429 622
321 405
829 382
2196 391
218 210
3379 175
656 214
6993 491
3609 119
391 97
3371 382
3609 86
783 347
2196 364
5846 359
6994 347
3518 188
5622 736
557 747
4489 756
6995 184
1562 747
557 338
1087 613
6996 458
6997 747
6998 491
4052 458
1562 491
3237 327
2930 941
195 119
6999 634
684 111
7000 322
5970 850
601 747
6646 214
190 55
7001 391
3194 55
346 971
227 622
3523 77
2196 747
4353 391
2769 391
2141 391
1717 594
1485 549
17 391
244 647
7002 897
7003 23
144 328
1448 85
7004 391
7005 412
17 412
4085 898
1802 23
7006 391
475 328
2548 328
7007 396
6991 313
7008 391
1911 507
146 313
549 350
17 409
7009 574
7010 391
3004 941
684 213
430 144
119 660
1363 350
1802 322
269 84
3932 941
4052 347
601 334
7011 574
5255 259
16 22
2216 758
5552 939
4085 8
5630 328
2092 477
430 247
5445 313
7012 347
2595 219
772 554
1538 574
7013 77
430 108
7013 65
7014 347
1929 468
168 129
1105 431
7015 460
1148 551
2092 718
244 347
7016 363
7017 796
2219 299
7018 240
2042 108
2769 321
7019 205
147 118
53 215
2220 283
7020 347
4085 949
7021 347
1148 642
512 300
7022 15
1477 574
6822 347
752 335
7023 385
451 458
451 338
5503 458
7024 365
717 458
2092 711
167 409
7025 365
4030 335
4085 959
17 491
6082 924
1024 338
4037 347
7026 652
2637 689
1001 85
3218 236
5577 901
3708 972
5677 491
7027 491
68 660
1907 347
7028 767
5169 281
4139 122
1139 122
7029 346
2985 410
557 574
7030 20
4091 226
6189 913
696 758
752 264
1951 574
5858 347
7031 458
2769 574
4625 347
220 281
5552 363
9 8
1024 458
5795 544
328 96
828 941
718 19
832 347
7032 329
7033 253
5614 347
7034 835
51 609
2092 122
1179 154
4910 710
997 457
7035 101
3146 347
3119 739
7036 356
1005 434
659 163
51 247
312 226
1257 810
697 758
7037 240
2055 214
4609 835
966 199
7038 924
179 136
1066 758
699 184
6618 758
7039 418
184 418
192 184
1870 617
189 46
2769 758
7040 574
1710 338
233 967
40 918
764 609
233 31
1557 563
233 850
2697 210
233 930
2186 313
1403 347
1806 579
7041 758
7042 365
7043 941
233 796
2148 338
7044 33
3779 57
2198 758
1884 574
2002 758
1912 240
7045 365
2769 410
218 394
954 64
233 142
7046 218
233 423
7047 726
959 253
1549 364
233 668
233 929
967 405
535 491
2565 335
233 335
5774 120
233 858
1140 758
3515 544
233 535
233 735
233 207
4772 909
233 761
233 786
233 116
1590 104
233 478
55 477
4178 44
233 206
55 122
233 79
233 231
40 930
233 526
7048 449
1719 435
7049 207
725 385
938 207
670 305
2878 818
708 187
1182 946
2444 684
68 415
7050 347
4344 579
447 567
7051 347
1803 207
7052 240
7053 850
1779 499
6492 122
894 434
4085 401
2991 308
7054 365
6492 477
1254 835
7055 30
3060 408
7056 200
7057 491
608 245
3963 287
5751 20
7058 14
993 437
7059 281
2092 281
199 162
1173 880
5908 281
68 939
1373 695
146 391
7040 365
73 221
7060 44
768 90
199 156
51 939
7061 939
267 313
7062 472
815 145
7063 758
3882 132
6088 256
280 200
1316 521
2177 653
7064 435
22 864
675 145
2790 496
7065 328
1467 541
68 200
2394 660
3857 805
2091 939
2962 758
1610 418
274 138
1049 122
2841 596
7066 425
7067 758
1862 857
2552 939
190 385
1258 122
125 128
1258 477
7068 36
795 46
7069 415
5917 712
1119 489
2725 401
367 973
5789 818
1303 477
1971 729
1303 281
7070 938
315 200
182 139
17 68
7071 574
7072 574
4144 807
3896 68
4107 820
611 410
1555 562
7073 161
7074 281
4763 122
5800 600
291 236
611 916
7075 16
17 16
417 285
310 225
4085 758
1089 974
1613 477
5883 120
220 477
220 729
7076 24
768 111
7077 729
3262 950
1806 248
2154 651
4116 574
7078 46
5632 902
5455 471
484 184
7079 365
303 909
303 162
535 365
7080 412
7081 350
3930 835
555 161
1435 85
331 975
4202 239
7082 401
3351 401
45 914
2960 453
249 256
1279 421
6725 347
1618 729
6701 961
5858 365
552 191
1206 922
7083 976
1206 625
3591 975
4699 630
220 164
611 939
861 322
7084 68
1647 974
7085 479
7086 832
168 181
7087 941
4096 507
57 410
7088 410
7089 510
7090 349
3748 120
3593 283
557 458
1984 611
7091 35
287 59
1114 488
7092 758
3004 347
7093 729
272 207
951 455
3004 365
7094 128
2876 425
6088 184
7095 214
509 410
205 977
3407 488
660 706
292 140
7096 365
7097 574
7095 747
272 104
331 974
2564 347
717 574
1948 46
2975 570
717 579
2339 491
6315 443
2375 344
342 491
7098 357
6770 432
6770 12
2038 975
919 313
484 975
3666 600
834 401
7099 936
5725 939
570 184
181 90
7100 842
659 23
365 418
3387 259
5946 927
4677 939
4263 939
7101 729
1343 865
345 238
367 725
4139 477
1404 975
7102 559
5413 282
539 975
498 296
17 587
163 240
7103 0
7104 537
67 166
45 188
7105 365
68 401
6364 875
79 41
6113 941
67 760
4710 429
2200 443
3681 949
1477 365
2473 184
6137 396
98 313
624 344
608 934
2738 975
1337 401
1067 781
5413 347
47 515
7106 292
6747 323
7107 58
4692 321
3682 630
2367 174
3491 474
6019 939
1251 413
1240 202
1840 354
7051 365
4033 299
5909 329
4793 975
2908 939
1820 574
1058 30
443 37
5622 336
6622 729
1478 546
4143 401
6343 939
7108 729
443 514
1608 440
4248 975
205 900
2069 15
4962 710
4248 710
68 381
7109 34
4215 328
6128 381
7110 939
94 81
3748 625
6344 401
4490 532
68 710
6252 924
7111 941
7112 33
7113 622
3701 149
5977 81
997 262
5268 357
411 513
7114 710
2837 771
1702 184
7115 240
7116 513
1650 581
487 184
938 771
7117 882
5091 283
311 513
475 256
3484 758
45 939
7118 120
4001 507
6543 175
7119 318
644 184
1519 915
4515 318
5951 514
1322 449
1684 42
2128 405
5299 882
3065 225
1684 140
2535 273
2579 513
608 595
171 68
2240 574
2179 402
4489 622
7120 170
658 184
2555 347
268 975
3920 915
1892 184
935 758
6418 939
4288 513
333 231
2477 444
68 781
7121 33
1705 68
142 941
7122 283
6537 23
7123 768
3436 264
5320 272
1971 650
6083 402
4801 418
17 364
440 537
1019 271
7124 417
1492 807
7125 939
422 271
68 863
7126 758
1259 343
68 975
1698 585
1130 305
7127 407
3360 507
7128 365
921 429
1724 154
6372 876
232 171
7129 357
6367 947
7130 614
488 14
907 435
2466 625
842 411
84 34
4801 409
1058 440
1733 649
450 976
205 152
1490 620
443 409
7131 184
7132 758
7133 23
7134 338
2000 476
7134 334
912 23
1793 120
7135 365
498 533
601 574
7136 33
68 915
601 338
7137 941
2403 401
1726 544
7138 758
7139 729
1726 507
1058 800
1397 492
3396 262
5314 551
5179 973
2454 467
2708 514
3328 506
3752 939
7140 401
2361 952
1726 380
5294 881
1074 685
7141 242
3187 211
68 952
960 394
1726 962
17 939
1726 313
3048 758
1726 365
1726 318
2708 491
634 365
994 506
2769 491
6309 807
4001 754
2580 891
1726 120
3200 279
107 544
1726 402
552 729
1663 725
2093 279
384 939
2408 81
2708 279
68 23
7142 279
1726 730
552 277
591 477
1772 486
2083 119
17 119
6293 942
7143 842
731 842
697 8
2898 590
68 418
959 308
5737 590
562 59
71 688
858 270
7144 347
1184 941
890 910
1023 363
890 918
92 79
2614 338
1058 715
7145 460
3969 382
2608 507
7146 225
2608 922
1828 211
204 151
17 236
1800 59
335 385
7147 585
335 622
7148 513
623 762
7149 564
148 236
332 92
5552 975
3965 396
335 68
6330 331
3690 242
7150 120
1149 347
1181 484
68 79
2166 639
5383 967
1250 504
68 211
2878 120
2116 971
623 431
1506 77
1259 768
4604 514
4209 77
4800 580
142 978
1259 365
2442 129
7038 109
2527 82
1046 363
6438 453
3450 775
2878 252
7151 365
1680 23
461 735
337 247
1074 452
68 402
286 863
7152 391
1726 225
1726 211
1726 41
601 184
2062 491
7153 978
6401 249
1726 310
4550 841
1726 243
7154 401
7155 120
40 796
156 758
92 364
7156 725
2953 456
2110 550
1299 401
5636 328
156 725
3467 282
3670 548
4173 108
7157 279
741 24
2110 121
7158 513
7159 292
2134 92
451 610
6062 935
4877 85
619 50
5975 748
3863 936
611 698
1043 255
7160 98
2769 98
627 283
7161 301
655 472
169 614
3637 590
7162 331
7163 944
7164 401
68 121
4 885
331 98
951 301
1078 480
2209 401
4157 371
1448 57
308 228
303 59
7165 58
2181 971
6795 279
7166 444
4001 436
7167 978
1448 2
68 758
235 163
411 16
7168 24
2085 748
7169 975
1820 335
40 53
858 268
4001 351
4001 634
7170 590
4827 235
623 590
1411 247
7171 944
6590 120
7172 822
17 941
494 758
3532 347
6213 936
611 271
1382 939
536 231
2196 343
2134 978
2196 350
165 22
4065 134
43 975
7173 941
1294 264
1786 979
7174 152
2769 152
88 76
7175 979
2115 184
56 52
7176 975
1570 978
640 352
1570 975
7177 944
6093 514
1124 599
1991 761
494 294
935 352
385 658
4345 979
7178 978
5622 150
7179 120
1804 283
935 654
385 682
3400 758
7180 347
246 728
5879 196
651 250
4845 737
7181 456
7182 185
7183 278
17 455
5169 192
1813 455
3932 978
462 184
1796 324
7184 130
7185 391
971 324
1058 624
6682 701
2527 692
7093 765
7186 729
7187 391
7188 491
17 476
2349 33
313 507
7189 513
2011 23
7190 656
578 566
6469 23
7191 476
7192 978
221 742
3690 284
228 23
1778 194
4604 476
7193 120
4771 194
3458 692
7194 331
7195 368
526 283
7036 19
2181 14
512 980
7127 184
1743 382
655 335
772 620
581 184
7078 0
2252 184
5480 622
7196 491
7197 347
7198 63
4974 77
499 922
4910 978
177 134
5396 456
2365 33
481 117
7199 33
7200 284
1137 868
7201 506
68 513
1906 299
671 376
7202 290
5622 844
963 486
2551 292
73 140
3129 127
3360 495
7203 264
3129 217
1065 477
7204 748
5163 365
231 58
2456 288
7205 574
1182 945
3129 55
7206 971
7207 120
17 748
5586 978
7208 939
7209 119
2578 938
7210 382
7211 971
7212 375
17 375
7213 971
1920 491
5396 491
7214 981
7215 941
2216 240
68 566
5624 472
7216 667
1184 725
143 375
2557 697
7217 924
402 551
2955 365
1202 711
6470 191
2826 472
1916 748
356 131
50 72
4408 458
5648 904
1666 140
7176 479
7181 33
154 897
7 0
7218 574
1692 5
2559 941
3762 798
7219 358
1109 129
6470 574
7220 971
7221 288
1411 609
391 60
3359 375
1109 363
6470 585
145 385
7222 865
925 164
557 343
7223 574
430 609
7224 299
772 299
3611 365
342 343
7225 941
475 191
205 176
430 77
7226 574
17 400
63 144
2926 247
1474 181
4085 381
659 827
6464 936
220 122
678 471
2933 49
7227 256
7228 842
1499 548
752 226
1352 389
7229 941
406 264
4085 243
6828 275
1534 111
4085 956
96 121
221 36
4085 632
7230 527
993 261
4085 11
5735 975
4528 660
7231 945
7113 385
465 639
7232 978
383 19
465 335
383 926
5799 425
6489 978
5550 477
4821 34
104 771
5037 939
4085 764
248 425
6449 23
68 219
4186 763
7233 507
745 725
534 184
4085 184
6278 282
1343 364
7234 457
17 458
125 690
7235 971
1173 971
1066 450
86 61
482 729
7236 253
7237 971
2943 425
509 150
6808 491
370 590
557 491
7238 265
853 978
1401 23
695 622
7239 975
370 262
2141 328
3132 723
6614 417
4085 769
490 249
387 19
7240 747
17 747
7241 571
3557 402
7242 649
2965 941
63 240
7243 835
1912 513
7244 184
4052 491
1066 89
557 639
1071 144
7245 150
578 527
7246 33
1182 122
3715 33
7247 33
749 396
7248 574
3042 121
7249 939
2528 692
5938 398
437 844
1171 958
2836 982
7250 978
1042 847
6710 600
1777 758
4085 918
1933 604
1564 213
7251 710
1024 343
6634 65
571 220
7252 25
7253 574
1214 308
7254 119
606 363
44 624
782 151
233 865
2362 283
4633 862
5552 120
7255 134
7256 669
608 413
4085 923
7257 199
1373 134
1564 147
749 793
65 61
7258 692
3241 179
5552 710
142 179
1703 281
1183 337
4648 915
7259 288
233 901
7260 61
233 272
233 977
3244 79
2897 624
233 365
2287 35
161 622
7261 61
233 625
659 395
40 914
1760 391
2365 758
4481 240
291 84
7262 574
1076 479
7263 242
233 57
233 596
578 88
68 735
1760 579
233 586
233 975
40 17
233 841
6470 400
7264 292
6332 459
233 175
73 668
73 563
4085 145
40 977
233 162
73 930
335 289
73 23
73 841
335 292
335 74
73 71
73 976
73 398
73 390
73 939
1948 21
4085 459
486 725
344 971
1598 0
762 125
7265 120
7265 941
684 405
7266 97
7267 26
40 976
40 398
164 548
800 34
2168 491
1012 418
7268 61
159 123
228 658
7269 418
7270 244
285 399
7271 801
2610 459
146 579
3483 835
1670 399
7272 551
1670 833
17 971
1205 48
1392 243
6677 122
3800 459
7273 46
461 793
4085 246
611 97
17 609
1076 761
646 941
306 201
5063 456
68 24
7274 123
278 394
7275 391
7276 620
4382 399
3317 150
7274 404
195 147
388 255
256 65
7277 86
7277 119
1359 396
291 65
7278 758
285 981
1270 536
7279 240
6671 70
86 57
6094 771
4085 796
7 230
5398 255
7280 455
5909 942
4085 938
7281 455
7282 184
2304 281
1359 474
7283 184
1359 272
1317 941
3681 365
7284 431
4778 941
1702 8
5698 405
611 924
