8227 2605
204 151
586 329
6100 668
5946 927
1042 943
7083 976
6768 964
823 281
757 675
2151 413
7285 273
1095 978
46 43
197 148
508 312
346 314
4633 551
831 184
3354 566
3878 701
346 450
1712 277
1587 570
5439 766
2825 457
346 388
346 242
1279 398
1590 104
7286 854
134 113
7287 609
3659 781
346 134
364 243
6662 409
7288 390
1599 917
7078 46
7289 121
6881 127
7290 147
1392 243
161 622
39 147
7091 191
7291 418
5268 491
285 209
104 90
1478 546
1183 571
371 407
6714 846
353 240
5294 881
1856 615
3317 150
7292 199
36 184
6053 456
1614 571
223 418
285 399
7293 56
39 38
2788 295
871 377
526 101
2356 321
161 283
3129 456
337 233
6852 409
823 711
2590 571
7294 865
3129 744
4490 532
1717 594
182 139
5299 882
2321 951
414 267
1624 575
3046 443
45 476
78 18
220 164
895 265
6093 514
7295 668
4482 836
6820 967
1001 85
506 50
78 101
161 299
3081 630
4635 18
4921 417
768 90
834 401
675 184
498 911
7296 179
1671 553
311 513
1608 440
331 925
7297 983
1709 55
1647 983
521 303
7298 16
311 16
7299 737
1702 8
5719 48
7300 290
278 209
366 245
3046 160
117 99
2304 337
1178 410
6671 70
3396 262
7301 978
7137 941
623 489
608 506
6250 236
2154 651
938 824
2196 758
68 401
5092 31
6862 969
383 523
1696 404
1148 551
3491 474
328 698
68 758
2525 447
68 8
56 52
601 747
4946 682
3715 506
451 574
400 262
552 25
2361 952
6110 850
768 389
2746 830
5348 376
872 423
6488 574
782 423
717 226
1076 761
641 401
2566 789
506 758
7302 173
2304 281
119 102
7303 184
3180 716
7304 184
6293 942
3633 108
948 446
2564 347
7305 106
17 106
5263 571
7306 20
76 100
6330 939
2144 184
2128 578
3467 282
4144 807
7307 807
7308 807
7175 979
842 411
977 713
7309 765
17 765
68 668
6739 942
7310 807
107 544
5415 379
3930 371
73 718
73 711
2517 240
171 68
1599 536
1250 504
524 264
977 441
289 215
1719 435
7311 278
6367 947
7312 939
526 283
1240 202
1525 147
1044 278
332 92
1197 331
3882 132
6889 308
7044 33
3061 455
374 125
2578 978
4225 975
145 385
220 281
268 975
759 384
1089 974
400 848
472 101
7313 622
623 665
4841 701
5912 628
540 596
5447 59
3459 35
4483 948
6954 68
411 513
732 939
7314 33
2776 649
391 97
829 382
1244 914
6513 418
1019 271
7315 308
3969 382
7316 850
2671 758
488 14
482 331
6338 939
1991 761
2777 347
7317 74
736 378
745 725
4205 22
5619 949
3173 40
981 184
17 120
13 432
374 131
6579 955
3129 55
5577 901
482 761
3426 772
7318 978
3690 242
1206 922
1275 436
374 19
1492 807
3407 20
3374 701
802 803
1587 978
7115 240
496 164
6787 382
1386 532
1791 101
484 975
6261 279
1231 431
225 167
6747 323
1066 242
5063 456
3200 279
3484 758
1101 531
7319 494
7320 725
7321 865
2491 262
387 19
1127 506
6385 758
33 850
6385 368
1219 596
1066 758
94 863
1665 586
7322 456
2846 761
104 771
935 758
456 442
4178 421
2777 226
68 531
7323 124
4041 749
7324 68
7325 121
17 124
384 600
641 353
6545 953
400 538
3072 723
359 124
7326 264
4844 932
400 590
5622 323
17 585
775 302
959 26
5397 585
5522 702
2394 660
1082 796
3404 735
7327 376
6248 184
17 16
178 135
349 121
401 5
3474 585
7328 158
1860 938
3070 761
3420 444
1680 23
2196 585
7234 457
7329 231
5552 863
2697 626
7330 299
1071 322
3091 587
448 163
7276 620
2294 464
6736 962
420 585
7331 978
5397 244
6491 311
17 244
6530 33
3129 371
1325 489
2196 244
963 452
1001 483
2196 124
7332 765
2246 585
7333 978
4491 299
205 977
2196 978
1680 710
7334 120
461 793
2166 347
1881 618
7264 292
7335 978
7336 281
555 161
5248 878
3114 292
1218 977
2196 23
2166 491
461 735
6128 381
3909 151
6537 23
7252 25
7337 283
4480 116
658 184
311 649
177 134
4100 700
3628 729
3436 264
311 215
2753 173
384 25
319 184
7338 120
428 941
142 941
1202 471
6609 382
651 130
7339 391
7340 318
1348 409
7341 281
6103 209
1823 382
364 293
4578 836
1680 225
15 14
364 441
2068 120
7342 499
1800 220
559 264
364 310
80 283
1791 18
2595 499
7343 314
17 314
4304 978
6914 120
7344 261
1632 239
3880 535
1197 939
490 249
2579 215
2000 213
7345 975
71 608
1325 411
1916 748
7306 101
6622 477
4786 314
7346 411
6752 870
242 184
2134 978
5320 272
7347 16
1492 411
6748 777
512 300
429 184
5037 231
2898 590
7348 201
1364 884
4521 456
443 271
445 535
7349 304
5467 891
475 191
1111 223
7350 775
7351 145
921 429
7352 220
7353 240
7354 975
440 278
2240 347
342 106
2962 758
7355 120
994 406
370 771
7356 184
7357 65
7142 279
7358 850
2769 941
2076 644
1060 439
963 486
497 579
1885 906
3884 365
346 666
1779 499
3483 984
7306 283
5979 457
1912 240
7214 981
1287 388
402 796
7359 345
2578 938
6734 850
7127 184
7360 941
1912 16
400 345
6562 279
1733 690
107 906
7358 279
5865 917
2115 184
6945 304
5962 930
1738 149
7361 58
6734 279
270 205
1984 611
5632 949
2115 145
2020 290
591 590
346 56
7176 975
2863 457
1650 581
343 538
3029 777
859 279
5894 635
144 177
7362 984
1373 134
5788 918
7363 962
7062 472
4266 844
1549 279
371 240
7364 121
7365 184
411 25
1802 23
4683 848
6610 614
4538 85
1722 575
7366 853
400 340
7367 635
1961 853
2654 120
532 758
512 980
4780 917
584 184
5977 863
2115 853
1975 514
2121 407
646 941
7368 579
2252 184
717 579
45 120
4779 941
584 853
7369 853
442 277
476 249
3992 853
7370 853
2115 34
7371 853
6081 853
5995 853
1334 524
2134 544
1381 531
443 127
4266 554
68 579
7372 363
4 885
2537 748
4866 184
16 882
7373 379
7374 850
342 110
7375 853
7376 853
5037 554
1448 2
7377 853
660 120
535 491
1216 975
7378 853
730 554
174 24
7379 164
480 225
7380 457
494 758
68 863
1686 163
1257 810
1870 617
730 150
2051 703
1793 853
611 385
6761 963
7381 645
7036 302
7382 853
3960 764
7383 645
1448 771
68 40
2836 982
6181 850
318 853
624 344
487 764
277 645
1220 958
3528 779
7384 622
2744 177
5534 120
1074 685
7385 128
3699 364
6470 853
7386 853
7387 574
695 853
308 228
1802 322
7388 888
633 477
2850 717
4851 853
54 50
506 896
1251 413
506 56
7389 807
764 609
7390 170
518 673
6014 506
485 17
5083 853
7391 710
16 574
7392 425
325 229
17 425
292 624
56 81
2110 121
764 65
2192 655
417 637
56 275
1259 365
557 639
3871 147
1684 42
3376 380
231 58
54 25
764 274
4652 737
5391 865
577 326
58 53
17 134
959 308
56 735
1301 81
3360 507
3450 775
7389 417
7393 574
817 853
7394 853
533 49
6019 551
959 253
6179 818
1863 529
1244 814
938 259
3214 314
611 96
2866 184
524 85
2515 939
780 590
557 343
6628 956
7395 939
476 614
7396 388
4489 117
933 184
1068 478
7397 710
2152 143
571 220
353 143
623 590
335 385
1400 534
88 76
2175 652
7398 299
415 270
108 234
650 744
157 64
6905 637
7399 409
858 268
44 42
2148 412
951 412
4489 313
7400 66
17 978
2365 33
7401 253
2374 412
630 164
187 611
224 166
623 290
762 144
3302 412
2622 472
4065 134
3323 449
1066 284
335 235
5958 279
762 164
4758 941
3323 850
415 269
17 412
4736 853
3360 941
17 690
1934 332
3467 338
6107 476
1083 978
6173 939
7402 385
3755 472
1382 941
476 385
3483 120
2068 522
1438 278
1041 621
3323 978
6107 971
2781 77
2797 544
142 978
7403 283
656 326
1762 184
6741 939
387 356
1435 368
829 863
6682 701
482 939
2375 344
5006 799
17 600
6411 978
1817 710
6073 937
1066 191
7404 853
7377 941
40 818
2522 235
1130 305
1506 77
271 120
3762 798
7405 853
271 710
2003 632
93 80
889 260
7406 322
40 365
1436 260
2928 716
1448 57
539 853
645 163
539 184
6350 292
489 904
4325 783
2960 453
437 853
6213 936
4076 364
1920 347
2185 537
879 607
3144 939
25 939
1806 513
1078 480
570 299
144 117
1571 302
6790 634
17 200
7407 240
68 716
2544 260
7368 756
5654 898
7408 801
4935 25
2557 221
4489 622
335 249
7409 978
68 853
547 936
127 107
56 181
169 130
45 42
7410 853
56 587
7411 26
1076 793
3603 574
6223 939
2545 250
7092 309
3478 978
56 204
6886 936
4018 260
608 708
2436 184
1594 346
56 591
2508 563
646 936
430 476
2885 941
5791 919
7412 457
1778 299
704 177
63 240
2365 793
7134 574
2557 697
1076 236
1461 87
666 204
7413 649
17 649
7159 292
3646 690
1897 87
5549 898
7414 120
45 215
3146 737
870 563
7415 240
3323 120
1516 23
7416 113
7215 941
990 318
4014 939
7417 87
1284 761
608 872
2092 650
4845 737
6418 939
1134 434
217 61
6438 453
7418 850
608 379
7419 939
3942 505
2349 33
339 345
608 643
7420 191
1184 264
609 148
5291 880
2202 134
6956 710
1865 738
1182 946
119 853
1182 945
5124 868
7421 121
7422 15
5146 299
7423 186
7424 284
7425 22
4958 175
1562 347
1303 477
221 958
221 36
615 985
2174 47
221 507
3178 134
40 563
7426 134
7427 585
628 188
1952 264
5846 844
7428 896
7429 134
7430 134
7431 242
195 147
1189 796
7432 134
66 945
4390 134
239 781
596 66
40 946
40 122
628 505
66 946
3148 939
40 504
492 243
7433 283
2518 207
5408 134
3921 68
1181 484
2552 939
212 158
7434 434
6652 939
7435 771
3921 476
635 376
1139 477
7436 134
7050 574
18 17
7437 134
3507 457
1906 283
1906 87
7438 926
2881 134
3301 758
7439 758
683 37
6335 181
3301 309
4609 835
40 86
5970 850
7440 120
1066 309
7439 309
658 853
2242 365
3252 903
1131 841
7180 347
1202 477
1202 408
7441 758
636 349
1296 41
40 440
116 763
3217 750
1139 281
1014 377
1030 464
993 705
557 338
116 277
3981 235
1504 539
68 756
2136 650
2136 781
382 253
220 477
2237 853
492 507
5669 656
1562 574
4603 827
993 397
7295 978
4333 250
86 61
309 225
752 287
5286 645
7442 853
3178 656
6018 256
684 111
697 758
5669 507
6913 388
6913 242
7443 281
4076 87
499 507
603 170
383 926
2528 692
4085 271
2736 391
437 539
499 656
524 287
7444 574
43 853
68 113
1443 253
1877 509
7445 758
2219 299
415 268
43 41
430 609
611 597
3100 507
1182 477
449 587
7446 723
1404 26
1051 472
4085 123
4085 404
5968 931
6417 850
3325 763
7447 23
4554 978
935 58
993 963
7448 12
517 301
1104 150
1906 299
5904 134
3323 240
517 255
517 763
5753 240
1600 38
7449 46
2353 41
7450 507
2648 700
51 92
125 758
731 507
3731 853
7059 281
221 922
7443 801
7093 729
7451 357
628 332
122 18
5669 456
7452 507
2878 818
221 656
7453 626
2591 23
7454 835
1710 458
499 922
1772 486
703 121
6991 287
659 896
1066 450
2591 55
659 622
772 299
3483 835
705 368
7455 279
17 622
2289 667
2399 495
1402 24
3084 723
5019 14
6569 363
7456 758
443 418
1024 343
5429 507
1911 656
781 390
68 279
1023 363
7236 81
7457 507
1568 565
828 941
1220 507
7458 702
2577 184
118 100
3690 388
7459 492
175 133
7460 492
5905 923
3701 149
36 551
1869 57
5622 564
50 72
4412 230
7019 205
7461 941
5977 81
7462 16
257 729
2907 184
100 87
2230 114
6546 33
6866 958
5633 902
849 372
17 80
7463 96
3857 805
179 767
7464 80
6422 939
3857 816
7465 758
1257 508
1401 507
5633 941
2608 507
5917 712
5294 860
3708 972
3270 759
233 173
40 70
7466 16
40 918
4085 367
6082 924
782 418
402 234
233 930
7467 946
233 224
233 965
6085 98
233 253
190 68
2194 477
233 771
741 24
233 220
96 83
7 835
3891 358
739 336
233 975
1005 434
233 40
233 20
233 668
233 759
402 68
233 948
7468 611
144 85
160 481
3436 774
233 904
144 483
828 926
233 363
1652 389
17 91
291 77
7034 835
233 983
233 398
1401 656
233 652
233 692
233 846
1254 507
2962 134
4789 955
6646 120
40 553
772 26
7469 22
4510 941
6646 710
233 891
209 155
744 574
4096 507
1906 972
40 224
233 710
40 725
1065 281
3841 37
7470 850
119 441
979 87
7471 225
1562 656
3565 713
1258 477
6722 464
68 574
7472 758
7473 321
3036 729
2491 711
1501 939
1555 562
5971 748
4085 472
7474 23
6492 61
5321 682
7475 748
2195 134
581 145
7476 203
1343 507
6171 537
4414 321
1179 475
671 708
17 438
7477 939
95 66
7478 645
1331 122
3275 600
162 125
1258 122
68 441
3968 184
5442 120
86 57
4085 620
6470 758
815 145
7479 920
6314 21
7480 622
68 924
718 302
6536 95
7481 438
7482 131
4164 908
7483 438
4085 507
4085 113
4107 820
5137 438
104 34
2177 653
2049 429
317 438
7484 438
303 941
884 429
274 138
17 546
17 656
1997 630
156 438
718 131
1586 983
2879 574
2335 507
1951 853
7485 758
7486 933
5870 231
639 408
156 656
1564 213
2131 321
3383 770
484 767
7487 93
7488 438
1277 240
2277 260
281 68
480 853
819 86
1258 281
5363 852
2367 174
7489 438
7490 496
7491 438
267 832
1268 927
156 130
36 145
799 796
7492 396
7493 46
2225 658
285 626
537 891
1103 983
3740 80
429 59
73 827
148 396
412 266
7494 170
1049 281
537 148
7495 66
7496 979
1785 544
239 281
7497 574
816 34
1189 926
1613 729
2584 184
7498 438
7499 438
7500 111
6470 438
6470 98
2610 459
1971 626
7501 438
7502 438
1607 140
51 154
51 475
1963 310
6096 938
7503 507
768 111
2277 729
2812 712
6332 459
7504 626
1067 801
45 835
1959 507
581 184
997 262
181 230
51 939
7505 87
7506 748
997 702
997 590
306 201
7507 120
3318 348
7508 748
4434 0
4164 438
2629 140
2087 206
346 758
7509 329
4085 163
76 726
4085 97
324 184
39 198
1267 170
7510 240
1182 122
199 203
1629 824
3537 313
4085 37
39 213
84 34
7511 358
611 134
5917 696
4096 564
2833 852
1114 488
7512 507
7513 8
2068 438
2035 191
2087 40
7514 184
623 155
6107 134
6091 656
3800 459
6979 380
7515 33
480 507
6091 564
6345 97
1137 844
47 515
5622 409
1477 574
7516 355
3390 702
5622 510
7517 590
7518 327
4772 909
4085 493
4085 901
68 844
156 507
7519 711
1305 656
3278 120
1449 336
345 238
7520 876
2790 496
1598 46
737 198
509 492
6253 933
4803 401
3612 876
4085 796
874 359
7521 413
765 174
39 709
964 453
4085 895
6117 890
206 574
7307 375
7522 986
7523 875
819 119
3981 853
938 405
350 375
1404 184
79 41
7524 97
4868 858
4085 398
303 299
303 898
1305 41
4710 429
1404 145
2841 596
1940 217
1940 70
1205 48
1277 748
969 70
68 858
4672 710
379 727
205 462
6804 72
2441 350
969 160
7525 382
1012 141
272 207
1268 809
205 152
1206 507
1412 507
1424 312
5320 910
5160 477
7526 818
1049 471
1933 339
1933 745
1933 912
1933 956
1933 966
4992 978
2975 570
2153 187
4304 922
1933 749
1337 401
6113 507
286 863
68 969
7527 824
285 981
68 922
4215 328
4215 313
246 120
7528 20
7529 368
1695 591
1820 574
4201 401
1724 475
17 807
7530 507
175 626
7531 418
56 978
56 120
7532 592
1119 489
3078 293
2473 184
7533 978
7534 375
1619 72
1392 821
4214 826
2114 375
2894 277
17 334
1804 742
442 987
249 987
7535 574
3614 507
997 848
367 199
7536 33
5595 988
6252 924
1840 293
171 15
4676 847
6735 456
7537 153
935 507
4240 507
7102 559
808 234
2000 623
5372 322
7538 277
1692 5
1024 338
7538 987
7539 215
350 120
4446 864
4148 822
1023 835
4725 489
3130 507
7540 939
7541 375
5993 14
7542 328
782 941
885 507
4751 350
3779 30
1663 492
1066 987
1663 375
1663 807
2864 382
350 275
1392 7
1096 485
5711 701
7543 87
2531 693
1371 230
196 14
423 227
1754 120
966 199
7544 988
3236 737
4786 388
6191 144
7545 68
3981 495
7546 987
7547 35
3636 25
421 283
7396 425
319 567
7548 574
1428 507
1614 410
588 507
3351 590
2396 875
2242 520
7396 987
3351 687
16 22
335 614
7549 262
7550 149
4401 456
400 687
68 513
1311 987
196 363
545 290
623 687
7091 987
1066 277
7551 277
7552 539
107 92
7531 174
7536 364
7553 507
721 358
342 237
3231 308
7554 252
7555 656
7556 16
7557 420
339 539
7458 140
619 987
1607 811
1607 512
346 231
319 145
319 91
3495 656
4432 71
7558 88
2216 467
7559 364
7460 656
1103 449
7460 507
7560 537
600 989
5107 654
68 761
7561 299
7562 987
89 150
6801 449
7563 217
1325 988
7087 941
7559 33
3669 277
1327 96
6381 456
6356 299
5981 774
935 654
7564 574
1898 50
7565 758
4707 87
7566 507
2742 173
4707 850
7567 410
2040 702
5527 894
1755 33
887 239
7568 328
68 654
552 987
160 89
5869 531
744 129
7569 853
4065 747
506 987
3895 413
3543 85
388 301
3819 939
2962 277
5300 649
7567 675
1903 988
340 118
7032 329
1468 538
7486 507
2786 941
7067 758
2438 479
7570 418
4957 68
4507 124
1136 507
7571 459
370 262
7307 460
1443 129
7572 29
68 917
1813 460
5779 417
5071 459
1397 459
7573 656
7574 264
494 666
2240 574
1076 479
887 459
7575 758
7576 990
98 264
7577 377
205 176
1074 829
7578 649
7579 262
7580 515
4738 475
7581 121
7582 564
331 98
3712 590
371 322
2434 17
383 659
2206 312
7583 656
2461 229
2434 637
327 349
494 396
17 450
144 287
494 294
7584 590
7218 574
2466 625
2734 706
1070 417
7585 460
4862 270
1373 450
1376 460
7586 941
2528 240
1898 231
2710 71
7587 865
559 281
537 365
5970 513
2110 690
579 467
5031 941
4441 853
6669 364
7588 309
7466 391
730 807
4178 44
7466 507
7589 120
7590 513
6411 941
1920 153
5552 748
1729 23
5455 262
423 939
1276 120
1349 401
6442 364
1369 507
1066 970
7591 729
17 758
2930 29
7592 120
2863 12
2930 941
6565 385
1813 507
4590 380
2444 684
5098 186
422 271
2456 288
6237 467
4735 987
7593 204
1363 350
4259 25
7594 73
5360 321
5620 163
1263 309
1363 191
559 483
6402 68
7259 288
2654 710
3180 121
7595 499
17 499
695 187
5988 329
53 215
2404 329
482 729
371 467
7596 79
732 748
2242 836
68 507
7597 729
3449 610
7598 239
2978 601
5622 601
7599 729
5179 973
7600 574
951 301
2491 590
6956 120
430 124
7601 309
601 574
7602 758
3323 128
430 684
7603 513
2527 692
3360 656
7604 309
4538 33
7605 941
7606 665
7607 748
7608 187
7609 294
7610 184
912 748
327 665
7611 910
465 71
623 420
649 87
68 41
2803 413
1558 404
3323 614
1789 761
3935 50
36 844
3194 55
2426 988
7612 891
863 420
50 940
7613 729
167 574
1023 253
870 184
695 656
761 507
7614 129
6147 97
7615 649
2442 129
1449 649
5526 737
5105 775
2468 677
1710 338
68 382
900 171
506 305
1921 656
7196 282
1270 987
4769 656
4213 12
7616 507
3512 564
2476 290
7617 758
3323 187
68 204
1856 564
485 290
1339 184
476 68
7618 941
1921 579
703 113
384 122
506 355
7619 309
2365 735
2246 309
63 467
7620 906
7621 988
4554 507
443 409
1551 561
695 364
7622 429
2481 39
6664 656
4707 513
4540 679
7623 277
4540 385
826 753
3293 68
88 773
1397 656
6107 574
1090 987
6107 758
3458 692
1140 758
7127 656
7624 277
3849 184
7625 277
3461 404
7626 50
7627 363
3410 665
1890 250
1397 492
2168 567
7626 425
7628 467
6147 429
3609 86
3965 987
2615 445
7629 79
7630 309
3965 277
7631 44
68 225
4154 823
7632 988
1023 23
22 864
625 288
552 277
1089 120
1089 710
402 365
7633 507
61 277
2825 848
7251 611
6369 391
2240 335
49 239
5782 978
6424 865
628 39
7634 289
7635 187
143 187
1854 665
7636 763
2881 187
7051 365
1712 987
1089 991
1786 991
3749 795
5442 978
7637 729
861 322
7638 941
374 609
1109 363
7639 564
4275 723
7640 187
7641 723
422 104
73 946
2198 264
73 585
73 937
7642 356
73 909
73 92
73 344
73 665
5958 850
40 585
73 504
73 865
73 363
73 894
2930 850
73 933
1390 818
7643 14
73 906
1554 762
611 592
1411 124
7439 277
3259 87
163 321
7644 723
7645 449
1865 748
218 162
3739 353
218 210
7646 70
3757 283
7647 58
2943 359
218 399
1284 516
712 945
712 946
6396 748
1562 338
2040 718
1562 334
250 430
737 259
1087 965
2040 281
1087 605
557 334
1971 650
1087 436
7648 277
3015 459
7649 564
17 264
4311 334
123 104
438 277
26 106
3015 277
389 256
7650 277
3974 184
7651 507
3178 80
48 45
3507 12
1191 101
2769 507
1732 208
5552 564
6953 988
2269 587
596 379
7652 622
7048 933
538 315
7653 277
2365 50
7048 656
6626 493
7048 564
5083 509
1059 168
2239 264
4538 364
2240 334
2769 219
7654 277
17 391
7655 391
5413 891
335 737
335 289
5394 308
1065 971
7656 992
335 690
335 292
745 835
68 83
6065 48
2230 128
7657 493
7658 574
2514 177
3585 400
163 277
7659 579
22 38
774 111
7660 971
1247 958
6464 936
2079 163
6045 124
7661 507
1827 20
1086 481
17 341
3324 864
499 564
232 171
1448 472
17 587
7662 184
4065 334
3324 507
1065 58
7663 283
7664 766
22 587
221 742
7665 33
68 850
6436 42
750 858
640 879
3725 321
5858 365
2626 177
7666 984
1087 993
136 408
7667 184
532 723
7668 250
731 375
7669 858
534 184
17 23
7670 886
6470 18
1906 18
3440 184
601 334
601 338
4678 818
1813 318
1139 718
1813 941
1813 120
734 507
1894 177
2230 239
218 209
7245 592
6376 184
184 418
4966 408
1065 801
233 208
68 85
4085 870
2092 281
257 801
4058 768
7671 333
220 729
233 865
233 474
17 400
2408 863
1376 247
3043 207
7 230
4258 933
3043 213
7092 758
1803 207
4047 277
1258 801
1301 863
233 364
885 361
233 283
2390 710
233 772
68 249
233 729
4428 818
233 380
744 987
502 249
7672 208
233 217
73 397
233 404
233 390
233 712
6881 174
73 318
233 580
7065 313
2069 249
1052 473
73 716
73 68
73 43
73 930
73 826
73 507
40 237
4085 976
272 104
73 104
233 318
73 312
1588 0
7673 277
3060 781
227 622
3060 408
68 381
719 235
5164 174
6069 358
40 930
2697 210
3613 24
7674 396
4 843
40 507
764 684
1202 337
7675 978
285 210
7674 294
7676 801
4085 459
7677 546
285 396
7678 363
716 626
1959 14
7679 384
2985 410
4085 574
3124 585
1959 33
66 281
443 607
7680 400
639 281
4259 456
4 498
7538 758
4085 58
7681 120
7682 718
7683 652
401 264
1119 988
691 239
1911 87
39 111
7684 277
537 68
17 410
39 623
2526 363
3861 418
6306 978
7685 410
7686 122
1258 729
506 277
3222 294
537 299
7687 978
7688 922
762 125
1971 281
1975 350
6213 410
7689 922
7690 277
3407 507
1999 91
967 389
1657 119
7691 710
7692 850
1697 39
7239 978
7693 710
5622 438
768 96
2668 626
5658 626
47 44
4209 77
230 169
2468 120
63 247
7694 709
68 400
63 320
1280 184
1697 520
5538 277
7695 988
1313 988
6654 438
7523 459
7696 277
1202 122
7697 545
5858 347
7698 281
4085 209
7699 438
611 438
7700 119
7540 917
1187 564
7701 70
2390 418
4085 986
4137 917
7701 217
327 224
7258 692
226 168
7702 138
7703 460
6654 592
7686 281
660 939
1682 319
1892 184
376 70
7704 409
870 762
575 235
2134 906
1616 520
870 85
967 111
7705 299
3659 945
68 43
68 174
7706 277
5622 924
7186 726
22 299
7707 401
931 48
2693 460
4801 418
417 285
1324 168
7708 975
7709 988
7710 299
7711 507
7712 532
7713 396
2319 671
1822 273
7714 184
1983 475
7715 534
7716 850
1694 358
6743 530
7717 729
7718 767
7719 801
1449 861
2797 318
7720 534
7721 277
5876 445
1857 358
1331 729
3779 322
898 994
68 906
660 710
1889 299
3515 544
870 507
1268 214
3146 748
7722 710
979 101
2134 710
896 435
199 162
3162 743
7723 120
7724 507
5167 872
2111 554
2196 68
5216 375
7725 33
17 766
2196 766
7726 174
2196 987
1049 726
894 434
461 192
171 236
7727 391
2196 391
2953 827
7728 459
17 459
7729 289
7730 264
7731 289
17 289
98 313
7732 289
2024 120
7733 481
1012 70
7734 120
143 289
3442 468
7735 277
1378 404
391 60
92 79
2098 184
7736 853
221 492
7737 58
3497 184
5023 360
7738 710
333 56
2708 264
333 231
2240 513
17 941
5956 338
5808 120
420 941
333 450
7739 941
2711 475
440 537
532 301
2079 690
343 221
359 247
1277 289
7740 334
1343 710
7741 120
2480 530
7742 138
318 729
430 247
782 234
7743 567
5830 98
3348 532
388 255
7744 987
4473 139
1277 844
559 324
17 68
437 844
2120 329
7745 120
68 53
2981 507
7746 26
7747 253
3116 654
2153 16
1804 363
1820 91
7748 46
422 995
7749 952
6378 50
1067 477
4913 579
172 124
7750 338
7751 375
3571 917
600 219
7752 922
532 138
130 587
1713 83
1240 335
5354 110
3169 622
5044 70
5318 194
1677 225
5752 567
7753 58
1738 832
1972 601
547 608
3031 184
475 256
130 507
7754 530
1341 236
7755 82
3265 318
7756 120
3928 481
7757 273
1271 420
6957 710
7758 277
1831 988
