8227 1045
5705 211
7525 382
5791 919
509 298
1680 23
494 425
875 551
8101 184
7486 933
683 37
875 65
205 462
39 38
8078 970
7479 920
826 937
875 842
1997 630
7864 55
781 390
875 33
4751 350
1474 249
8102 832
1973 380
4603 827
1717 594
5665 292
4410 120
6179 818
4965 210
7180 338
171 22
171 68
7947 794
119 102
415 269
415 268
1932 184
179 212
826 116
205 419
826 756
1296 865
319 184
5023 360
5665 839
68 120
1411 124
1829 656
8103 622
7656 992
3762 798
78 101
938 771
389 987
4178 44
2723 625
2274 853
6820 967
611 345
4647 476
417 285
959 308
5665 94
4721 292
702 34
3718 360
5894 635
575 235
1474 328
475 191
5299 882
6704 277
8104 72
417 254
6704 242
8105 320
1233 400
2089 207
7078 0
342 237
959 26
1810 105
224 166
1066 970
959 253
7453 626
737 198
8105 192
6276 227
1299 353
1680 921
221 656
8106 449
499 922
125 449
171 248
5168 196
221 507
221 922
3026 920
4067 445
8107 449
346 971
3491 889
8108 442
17 442
7747 253
278 569
1499 920
1124 836
255 341
5968 931
178 135
8038 161
1906 299
557 343
2289 667
981 184
557 610
8109 417
6480 939
656 214
2144 184
6953 988
182 139
8110 571
8111 941
8097 996
346 134
118 100
6828 710
6828 978
6828 744
1652 389
346 450
2136 650
557 574
1471 863
5209 996
476 68
346 242
2192 655
5291 880
2837 405
508 312
1885 364
1185 36
6015 363
3004 841
80 283
346 388
2515 939
8112 996
1973 801
2579 880
5977 863
3461 404
938 405
68 921
938 824
7923 654
2214 118
772 363
179 136
555 320
764 476
2898 262
5669 371
1362 363
1119 489
1119 988
557 338
1461 371
2565 357
6082 924
250 767
2567 987
2534 206
8113 363
430 124
220 122
1263 309
997 262
430 144
768 389
3270 759
164 920
8114 77
8115 787
22 116
5532 564
1706 673
1706 349
2111 554
1343 507
267 253
267 26
3880 535
1635 476
4 498
3891 358
528 130
4 843
127 107
94 863
3237 33
1042 943
6654 656
1478 546
63 144
33 850
45 196
965 184
725 246
1983 475
1983 179
1562 338
7083 976
1607 140
3000 277
2194 801
3273 337
1025 450
6866 958
17 412
675 184
7 0
8116 996
2306 670
54 50
109 200
659 971
1686 163
6249 626
3036 729
6967 958
36 184
2306 526
8117 155
8099 944
967 111
190 350
3709 333
1558 404
4621 988
8118 544
823 281
2697 626
1373 695
60 55
344 233
7271 801
220 408
285 209
1624 575
285 210
285 399
2892 847
2697 210
1670 814
2846 761
555 161
8119 329
8120 513
1276 479
8121 120
3015 459
6099 522
8122 822
3252 755
285 569
1348 244
4752 479
4107 820
285 626
17 479
285 162
684 405
17 861
684 824
736 378
1276 861
197 148
1625 22
3015 673
337 233
292 140
5998 412
8123 178
684 213
1276 16
8124 20
4202 21
823 408
8125 626
823 337
8126 857
484 184
86 61
951 412
1446 857
8127 254
7664 766
4752 857
506 305
541 857
2041 441
3862 857
506 50
2541 857
8128 857
86 57
7308 857
768 90
2133 184
8129 120
1828 211
5467 891
484 767
8130 857
1665 586
429 184
1973 857
8131 857
506 35
506 277
5578 709
1625 236
8132 63
8133 862
3016 326
2425 857
68 211
8134 134
4447 169
8135 857
1179 475
8136 152
480 857
5415 379
1244 814
1373 134
7102 559
7994 710
286 863
218 399
1785 544
1533 804
1185 761
1206 857
8137 453
7756 857
13 12
218 210
4752 174
4752 545
8138 857
3352 545
8139 857
1264 407
5622 349
1264 59
249 587
6862 969
1971 626
8140 70
1206 507
541 545
1264 857
2003 632
6103 626
8141 857
2866 184
8142 857
4464 489
2264 591
2479 254
2557 221
17 385
285 857
4464 16
1331 122
584 184
8143 748
4085 820
487 857
1296 710
1220 827
7991 537
311 16
1225 857
4217 857
277 857
2870 33
1221 897
1305 996
1719 435
8144 122
2394 660
47 515
8145 857
3270 669
220 281
8146 857
768 111
2557 697
3395 122
373 122
68 710
4752 385
7205 144
774 111
977 441
7205 857
2216 187
17 350
1220 184
277 669
271 857
1802 23
1288 35
109 857
7064 435
8147 247
1250 504
2366 655
447 567
4085 507
2068 857
5481 118
8090 214
8148 181
1199 546
3659 781
2648 700
6654 192
867 857
8149 701
823 122
3275 600
1258 281
994 407
829 120
6411 978
1276 857
1557 563
3636 857
189 46
4266 857
835 184
1388 530
193 146
3114 970
218 209
8150 34
8 243
1971 337
8151 857
6118 801
5129 701
867 184
76 100
5407 857
2103 857
220 337
4499 857
506 896
8152 626
6338 939
278 209
346 537
8153 55
1613 729
1856 615
306 201
2892 367
2436 184
6002 934
5858 347
815 145
278 399
353 165
175 363
835 229
429 34
716 210
318 857
716 399
6252 924
1381 531
7053 302
6752 870
861 322
8154 857
379 727
400 262
3351 687
1296 999
8155 857
400 687
1392 243
3114 857
879 607
866 398
411 513
526 283
447 227
934 349
2169 100
8156 857
4096 656
890 820
1313 988
1148 642
1671 553
7116 385
1863 529
2134 710
493 184
4096 507
308 224
2361 667
270 205
8157 299
8158 263
1343 978
1139 122
8159 184
1139 711
934 673
225 167
488 14
2361 952
2907 184
8157 364
1501 939
509 970
8160 665
119 441
340 118
8161 857
364 243
623 260
477 857
148 987
4202 208
5103 866
477 997
68 531
8162 401
2443 72
6359 939
623 988
175 626
284 220
8163 853
104 157
623 687
948 446
1905 219
8164 350
400 590
7627 363
5720 364
870 836
601 768
1338 184
8081 879
1101 531
119 660
4202 46
4085 758
6209 857
518 673
2134 857
400 538
636 349
2049 429
8165 409
3080 642
5720 239
8166 710
8167 643
919 470
6756 530
963 452
3148 710
601 334
4085 325
68 660
480 482
8168 941
5858 357
68 687
5626 949
1647 530
339 539
1301 81
2746 830
2788 295
2876 425
1666 140
8169 363
8170 349
532 970
822 418
3676 794
2741 552
963 486
717 579
93 80
1856 857
6245 236
4186 744
7536 364
8171 219
8172 277
7587 865
839 360
79 129
423 761
591 337
8173 702
2522 235
1206 325
4186 508
159 123
7205 68
8174 187
343 221
602 491
284 554
311 513
1299 401
4186 796
8175 271
5038 857
997 702
2414 476
145 385
924 590
534 184
7522 986
7899 25
163 277
616 590
924 687
303 807
541 30
1087 993
3916 597
1024 338
8176 842
623 590
346 231
2461 753
1885 906
1024 491
5891 97
4885 450
346 987
4590 380
2132 319
1217 408
476 679
476 249
346 128
499 656
476 614
448 250
346 284
476 737
2268 663
5632 949
8177 34
1068 478
476 622
476 289
925 37
608 491
7271 408
6147 221
2654 710
1349 401
476 292
1392 906
476 234
205 152
7032 329
686 363
346 425
8178 539
145 68
7288 390
3108 939
13 432
46 43
2000 623
7416 456
292 624
476 324
8179 539
3756 842
5124 868
7914 507
2073 184
2000 213
623 155
244 106
371 30
109 243
2369 673
205 900
846 412
5869 531
524 264
476 74
249 425
476 22
4441 847
1818 589
8180 244
6545 953
8181 891
745 850
517 857
387 356
109 293
3649 622
2943 196
2943 175
3173 40
68 624
1311 987
1090 284
4786 425
17 857
3592 449
8182 112
7205 112
768 213
8183 857
509 979
1074 829
2486 710
7295 978
8184 366
1287 388
3218 385
640 879
997 590
7205 199
2517 240
2610 459
8185 449
8119 138
884 429
1130 305
327 349
641 353
311 215
2230 449
4710 429
7176 479
5622 289
327 224
8186 654
951 301
148 85
1076 479
8187 75
8188 646
5522 702
974 643
3574 857
1392 66
8189 380
2590 571
144 177
4361 857
717 980
934 452
4638 625
58 53
919 149
1975 514
1013 648
5855 243
7776 801
1325 489
6330 939
400 340
4736 509
596 32
3624 590
1547 174
3466 687
6016 155
5474 590
328 698
8087 988
8190 155
8191 324
415 270
2134 906
7995 801
1271 420
6264 771
402 551
5314 551
274 138
577 326
1547 360
1971 471
7536 33
6600 654
8192 702
7787 857
482 801
5355 254
16 98
17 702
8193 97
2697 394
1903 155
8194 449
1136 507
623 444
1131 470
8195 988
3735 857
5526 737
1089 482
5321 682
1042 184
8030 122
3497 456
311 649
1903 489
88 76
25 939
4033 299
8196 857
1060 439
335 385
1726 24
8197 299
3204 412
467 194
335 614
144 85
8198 941
335 622
335 289
7336 281
335 292
8188 818
68 429
335 234
1726 623
581 184
7788 163
335 690
4327 322
1131 483
1334 524
7994 120
335 84
1865 748
335 235
1802 322
84 34
335 15
635 877
335 324
2175 652
16 882
335 236
17 345
8199 702
422 271
1300 17
8200 997
8201 274
8202 845
744 845
2068 438
68 364
537 281
541 587
8203 33
8204 857
2892 375
768 96
6170 33
8205 857
461 192
7654 277
6747 323
1529 551
8206 587
3491 474
6100 668
17 33
6251 56
5320 910
364 310
646 978
17 106
1961 42
572 186
5592 184
7154 401
1726 33
4380 366
7400 66
8207 997
2209 401
994 857
3148 120
8208 299
2399 495
78 18
611 56
3467 338
6368 477
1049 471
3182 40
335 68
8209 509
537 993
2436 857
8210 227
623 489
7113 622
76 726
441 227
8211 710
537 814
68 857
824 366
318 988
5872 470
1772 486
400 345
461 355
1066 425
4455 175
4621 680
4251 978
442 277
221 492
89 235
890 982
6417 363
2133 34
3565 713
8212 997
6529 639
353 240
89 350
2092 650
1066 35
609 148
8 66
8213 364
143 364
1206 625
5552 710
4251 857
442 987
5383 943
3749 795
5320 272
476 385
1959 507
896 435
2468 857
512 980
476 235
7678 363
169 130
1342 364
2375 344
8214 23
143 112
1023 363
55 184
1772 452
1023 23
4085 692
1366 299
8215 604
653 33
1549 459
1342 33
8216 344
3611 152
8217 546
17 349
4085 834
107 906
6113 363
221 958
1975 350
277 91
8218 995
7750 338
328 230
8219 710
906 366
68 33
887 16
8220 89
1071 322
490 249
8221 453
2933 131
8222 328
8223 301
1176 710
1856 449
1247 958
267 470
160 89
5659 449
3535 801
2019 996
1820 91
664 39
3514 587
1181 484
8224 978
1007 310
1205 48
691 71
8225 710
1920 491
3390 702
752 470
7772 14
8226 33
17 449
