8227 2545
270 205
1189 913
142 851
3085 65
482 939
6326 944
4634 364
632 346
1922 833
6397 327
400 510
3749 795
437 913
5894 635
5869 818
6398 748
1677 225
547 936
5846 359
400 590
7 96
552 98
1427 939
1241 295
6399 939
1038 939
1087 686
400 262
6400 537
6401 327
430 274
430 476
981 184
2599 696
1314 915
430 247
335 622
4844 932
445 913
1906 299
1074 829
1078 480
2003 752
959 308
430 609
1202 471
5841 717
3129 364
2846 761
3148 939
496 164
451 237
2788 295
5962 930
1885 905
498 911
1928 120
495 295
169 130
2000 476
410 67
5935 175
764 274
6402 292
956 895
2527 82
142 941
608 934
1052 473
997 510
1975 350
2648 700
764 609
799 938
6403 939
925 37
1906 283
997 784
2394 660
340 118
5083 509
1019 271
695 58
422 603
925 250
5103 866
1722 575
197 148
6404 68
4214 826
6405 455
422 271
346 666
6406 939
6396 748
1305 939
736 378
384 939
2206 312
3351 590
1140 58
404 93
2921 721
951 455
4862 184
6407 388
517 255
1363 350
2819 236
5905 923
319 184
1424 312
1785 544
6408 30
1494 16
1219 665
6097 908
3491 889
584 184
1363 191
6409 590
1363 280
1325 489
1719 435
1074 685
4256 590
465 71
36 184
25 939
335 737
6410 658
476 737
5248 878
6002 934
4665 350
6205 939
745 908
997 590
732 748
997 702
36 551
5788 918
437 551
3676 184
5209 376
4202 0
224 166
4269 890
476 68
476 679
6411 939
3694 247
579 25
6010 510
5556 273
2020 290
623 590
579 50
6171 537
1733 690
552 324
4813 792
1980 347
557 574
2069 163
996 869
526 283
935 58
1187 915
2252 184
3173 40
327 665
6412 718
205 71
2725 401
6413 187
205 152
1467 541
4523 220
6225 55
127 107
2179 402
2179 913
6179 818
2149 737
1839 338
371 275
6216 116
6414 924
1877 509
1952 264
6344 401
1030 464
6110 850
1649 401
3544 717
1087 760
89 842
5467 891
6415 766
2515 939
437 853
2520 10
353 143
4033 364
487 525
6173 939
6416 160
387 350
2136 650
4590 380
2925 886
2557 697
271 306
6417 850
912 277
6418 331
1188 308
5356 908
4837 125
442 277
1259 365
6173 331
4186 756
566 149
6419 184
913 730
167 939
6100 668
6420 777
2219 299
388 301
3407 23
1130 305
4186 832
979 101
4665 376
1179 154
328 96
912 157
6421 939
403 263
6422 939
2566 789
36 844
959 253
609 148
476 614
6423 305
328 698
6424 865
1140 256
6037 551
44 42
1521 203
979 18
134 113
6425 779
3359 375
6426 768
442 305
3407 33
231 58
570 184
423 24
366 245
1376 275
335 289
627 554
6008 58
3329 728
6427 44
335 292
959 26
5415 379
1066 388
5289 873
62 939
335 74
6007 913
774 111
645 163
5888 921
631 162
5105 775
174 24
6367 947
2175 652
157 64
5876 445
2365 592
96 83
2232 715
6428 138
2185 537
6429 144
145 68
68 24
5561 273
938 207
335 234
935 936
6430 939
1371 587
335 690
4329 65
335 235
6431 614
104 157
581 184
335 15
5399 348
3225 15
335 679
96 936
1404 26
107 905
4483 837
6432 87
4727 308
704 177
578 527
1712 277
1294 832
1058 67
6433 350
3099 292
6434 184
411 513
6435 247
1058 759
3755 472
646 936
5311 859
4067 445
411 649
512 300
117 99
6053 456
578 715
2881 231
5320 910
5855 936
402 551
4845 842
3613 24
951 412
1139 122
1404 253
499 348
467 138
6436 42
415 270
415 269
5980 932
415 268
1139 477
608 826
6437 844
5176 941
33 850
4483 948
4248 23
40 913
732 939
1270 162
1176 913
1800 220
3643 96
1411 247
6438 453
6189 818
63 467
6439 247
2216 308
6440 184
63 247
1036 908
6441 252
1775 858
5836 20
1082 332
6442 36
6443 649
4935 58
359 144
4955 519
359 247
3825 649
449 188
2356 321
5648 904
40 281
40 718
1562 338
63 144
40 122
2294 464
40 711
40 477
178 135
4946 682
4293 723
40 174
636 349
471 690
6444 23
6445 23
5622 175
678 471
3080 642
492 243
539 890
772 123
221 36
2781 77
40 873
5300 649
5552 939
731 455
289 215
3532 574
3461 404
6446 247
1066 450
6447 376
6448 467
5338 449
975 374
6062 935
162 125
2777 647
5157 20
3466 122
6449 23
78 101
3132 723
6450 514
3060 781
1652 389
4599 818
5188 376
6451 660
684 111
221 859
826 410
741 332
6452 409
221 869
6453 527
1709 55
1802 23
1973 82
1270 497
2864 528
2908 939
731 375
1270 283
387 356
6454 247
570 890
6455 844
1662 585
1505 635
1546 72
2237 850
866 421
1870 617
1137 868
6456 16
4041 749
4868 858
4875 65
6339 507
40 186
68 332
4482 836
1139 281
2555 347
65 61
1236 161
3354 527
5654 898
3649 660
3715 939
335 68
227 417
1519 660
6457 459
6458 910
508 347
5178 941
5321 682
6459 308
6103 626
684 213
6460 924
1488 120
1046 679
3819 939
4085 140
1036 939
6461 491
221 507
4060 277
2790 496
6462 614
291 65
1139 718
1501 939
344 671
3436 774
1488 710
6463 256
6464 14
1717 594
6465 609
659 37
750 72
4085 505
5619 902
1185 913
762 125
50 940
6466 939
3029 777
683 37
5029 421
6080 936
3344 763
3865 806
611 939
3612 876
6467 939
1443 363
1188 941
2840 116
4065 338
1775 890
370 510
772 120
6468 710
1710 338
3762 798
6469 23
741 24
1066 89
4063 219
772 932
6470 129
1813 375
3779 23
1036 716
104 771
477 844
6471 247
3194 939
171 22
3105 642
2365 793
1443 253
6472 0
586 329
2136 781
3778 800
6473 314
6474 579
4178 44
179 767
220 281
78 18
1860 938
346 134
6475 33
400 784
561 163
1665 586
2568 939
2697 569
6476 143
1860 826
130 850
3404 735
1590 104
6082 924
2946 261
5262 376
6477 537
2517 240
6330 939
5262 875
3857 805
1066 35
4085 912
5619 949
6478 949
6479 949
2959 949
1158 890
3565 713
5262 928
6394 174
184 418
2171 130
4056 367
539 175
118 100
5968 931
66 945
261 116
6480 939
233 671
4240 656
1333 873
76 100
2606 875
1258 477
853 939
3633 108
782 418
402 844
51 609
2554 193
6481 418
6482 459
233 480
233 63
536 314
227 622
66 946
6483 939
611 418
76 726
233 417
233 160
233 527
225 167
6484 924
233 625
233 822
40 307
6485 247
5622 418
233 865
6486 513
6335 181
6487 363
233 283
195 119
198 833
2230 239
51 92
1828 220
233 668
51 845
233 735
233 648
1980 335
233 380
311 513
233 660
811 157
1562 33
233 840
7 0
233 850
6488 574
233 528
1042 943
185 142
6489 939
233 17
1718 528
233 763
109 506
233 445
3060 477
233 401
233 586
233 295
233 768
6490 905
43 41
233 909
6491 311
6492 281
6493 735
4085 751
168 181
51 851
83 866
51 109
156 116
233 630
40 23
884 429
1411 124
3049 25
1179 179
233 378
391 97
233 777
1179 109
6494 614
6495 862
477 381
6496 759
716 210
3305 184
4085 398
5994 143
2355 226
5702 281
214 159
220 164
6103 133
6497 409
2272 279
1183 122
285 210
5006 340
1202 122
6256 121
6498 274
1202 718
285 569
285 394
306 201
285 626
40 763
2319 671
4965 162
6499 361
4085 909
4058 768
773 236
823 281
6500 348
1202 477
823 711
3450 775
6501 949
6502 459
6503 122
285 399
2049 429
815 145
6504 939
1270 399
1244 914
6485 124
285 638
5391 865
1586 836
1331 122
1971 471
6505 277
2997 909
285 133
1934 332
1117 111
2742 173
417 254
1478 547
6506 939
2277 313
6507 939
6095 477
1202 711
716 209
1233 157
285 209
4772 909
4941 65
2671 758
1980 639
1943 124
233 104
4107 820
233 175
6492 122
303 155
2825 457
303 45
6508 510
68 609
6392 939
3857 816
1975 514
195 157
2713 510
239 711
6338 939
2870 33
802 803
1913 579
6252 924
1359 896
2933 859
6509 239
5946 927
1244 814
66 281
3180 716
996 905
1031 871
182 139
1343 865
267 832
1499 556
4416 308
675 184
3026 548
51 941
343 538
56 52
1600 38
3426 772
429 184
3262 950
291 476
1611 122
331 98
335 614
5294 881
39 38
4676 847
6510 544
2128 950
1182 281
5442 939
3324 864
985 905
285 162
1611 281
5728 412
2525 447
1183 571
2264 591
39 259
3548 231
691 239
3011 292
39 111
1984 611
2289 667
343 221
335 84
5917 741
842 411
6360 123
1629 824
367 384
1629 405
1940 70
938 824
938 709
1206 507
4917 477
3302 412
6511 38
466 939
938 771
639 281
2134 936
768 824
6408 247
6512 348
364 243
6513 244
3349 873
6514 713
710 879
2668 162
1042 847
1862 184
601 768
3302 455
1810 105
164 556
924 718
907 435
924 711
4240 507
379 572
4446 864
1327 96
220 477
1778 557
6515 120
1889 299
239 281
6516 58
6165 939
379 251
6517 547
870 950
6518 939
4800 580
1296 41
39 198
2304 281
46 43
509 445
379 727
6294 763
2261 174
485 17
5447 850
4251 939
2321 951
2697 626
2797 869
1258 281
2841 596
919 313
6152 938
5092 265
2960 453
1624 575
4666 120
6519 939
3442 468
6520 906
2930 941
6299 184
114 97
919 149
6521 818
6191 8
4194 509
1197 939
2231 660
894 434
5092 31
3200 279
2697 423
199 162
1979 459
344 233
716 638
6522 421
5299 882
116 763
346 128
4100 628
3387 259
3481 263
1655 547
353 240
108 234
108 360
107 906
1114 488
400 848
1389 359
6523 556
2376 676
6086 262
4710 429
5909 329
3387 198
6524 421
6525 247
737 198
3596 784
1671 553
119 102
116 580
5298 637
3890 376
175 626
6526 242
3992 184
1024 343
920 534
644 184
305 141
1373 695
1404 283
5167 872
6527 404
2552 939
1327 698
18 17
3162 743
920 405
6528 348
45 123
866 398
6529 639
871 377
1287 388
6530 328
2944 589
365 735
5063 456
6530 354
374 125
948 446
3147 184
5622 423
6530 11
6531 551
608 736
1608 440
3275 600
346 242
608 924
364 441
67 184
997 457
349 141
4992 941
346 450
3882 132
2361 952
3194 188
67 938
2353 41
997 848
623 489
997 262
6532 184
6533 924
1082 779
6534 852
624 344
5622 852
2876 425
2020 349
2654 939
482 729
3778 873
346 231
6535 939
2144 184
6536 95
3129 649
3070 800
12 769
175 33
4707 279
5280 134
1012 418
6537 23
61 56
782 423
552 50
387 19
2708 30
2115 184
6382 382
6538 72
3525 537
6261 279
360 38
429 59
2427 743
1743 382
1681 588
1320 394
506 56
6539 423
6540 184
6541 421
3070 873
4665 875
2708 361
1014 375
2390 924
1920 347
1492 345
475 256
644 842
1068 478
440 278
460 94
421 14
5803 331
4957 68
5758 913
790 100
4325 279
109 507
94 81
6542 409
2444 247
3031 682
1794 68
2444 684
3664 208
1823 331
171 15
443 514
109 293
6543 175
109 243
2373 913
6544 537
4186 868
4401 14
6545 953
8 7
1333 800
1197 331
3317 950
1279 398
1443 129
2512 743
3161 713
1277 361
829 382
3701 149
2491 262
5446 585
559 287
364 293
3114 292
2790 409
3396 262
2753 173
5083 14
68 950
311 649
2434 17
4225 954
6546 33
94 863
6547 411
1634 0
311 215
6548 23
6549 460
388 255
977 713
2434 637
5206 928
895 265
237 178
4065 134
6550 737
2478 66
839 360
2491 784
2769 941
6551 574
1726 461
506 305
346 580
5151 243
2595 499
5538 580
124 105
1684 42
506 50
3222 294
734 278
4725 444
124 137
6108 939
6552 347
935 56
6549 327
107 544
4148 822
6553 134
2769 29
242 184
506 314
768 90
2110 121
2621 818
6554 253
2621 660
1705 68
417 637
4480 116
1863 529
4157 253
3029 928
232 171
625 779
625 382
346 476
1009 129
1726 443
1684 875
6555 941
6223 939
466 941
536 231
935 507
1329 442
6073 937
5058 409
1885 906
3812 681
559 264
646 941
1738 149
5622 580
1067 729
2697 210
5037 939
6556 932
6557 924
316 93
3161 23
6558 147
2697 399
144 117
6559 941
4428 818
6560 622
1022 122
2881 423
5383 350
6561 147
616 590
188 114
5977 863
1270 394
4786 666
6128 381
6562 279
292 459
658 184
4490 532
3812 744
1013 215
3517 800
1804 129
4230 928
1386 532
872 423
5767 924
196 14
5620 163
5215 312
3849 184
6563 120
547 869
2558 28
1392 243
6564 423
285 184
17 423
497 953
4697 336
5077 449
1376 30
1299 46
1733 150
196 363
6347 939
5439 766
6565 385
1270 456
6566 247
160 89
730 157
6567 348
1013 614
3231 308
1148 551
3507 457
730 19
54 50
6568 585
1013 175
977 441
5091 84
217 61
730 423
6569 87
1051 472
1980 491
6570 888
6571 150
4343 116
640 879
277 91
6572 348
1716 242
1402 24
4096 507
6573 784
1716 450
443 160
6574 347
4441 324
6575 33
1013 939
5988 329
2190 301
641 401
3507 779
1716 134
52 324
588 322
1356 401
6576 347
4888 301
671 376
1044 278
6189 913
1737 941
3523 77
555 161
17 175
6577 939
1397 239
4538 85
535 57
6578 79
4426 170
2734 706
6579 955
1684 459
54 25
1791 101
6580 758
58 53
374 247
2797 906
934 349
488 14
6581 649
6582 941
6583 215
6584 939
335 22
6585 401
6359 939
935 758
3982 396
86 57
359 77
6586 106
2209 401
17 106
3741 65
2134 869
421 939
284 48
6587 844
2527 692
1772 939
5120 867
1339 184
2495 692
6588 364
6589 939
1089 925
4251 862
1339 145
421 364
3605 63
687 412
68 891
2741 552
615 956
3845 802
1087 694
2923 46
1047 350
1819 287
6556 939
1087 613
623 155
4861 588
1259 647
623 444
703 667
6590 120
80 283
695 364
1087 605
6591 283
3512 936
6170 175
1364 516
1806 649
2928 716
5972 622
6592 252
327 349
963 452
371 322
1087 436
2528 692
6593 666
378 250
17 936
1378 318
5614 335
371 247
5398 255
1567 939
6594 939
17 853
571 220
627 335
4 885
2881 795
1788 520
93 80
1724 154
627 22
963 486
2121 407
2531 693
4751 859
1766 596
6595 625
2042 108
95 939
6019 939
400 538
6596 129
4645 756
1862 857
6597 957
5320 272
68 442
2198 65
6598 355
6599 120
2069 614
1109 363
5775 243
4554 941
671 937
4066 247
6600 654
1031 465
8 243
517 301
6601 935
155 23
492 958
951 301
2111 554
920 205
6602 600
1087 959
1284 516
40 548
6603 55
17 614
879 607
1069 941
2468 677
611 327
6155 771
5175 65
5561 939
879 427
5592 184
3512 119
481 264
6604 424
9 8
3407 318
6605 622
6606 941
4154 823
6607 958
6608 958
1952 679
645 37
3367 308
1179 475
22 936
5854 219
3512 574
5179 874
218 162
2051 257
1343 33
162 164
6609 382
1775 598
3080 787
6610 737
1973 380
4650 20
675 145
5124 868
6611 363
2365 314
6612 147
22 476
4085 630
6596 308
6612 455
487 764
384 600
6613 939
764 65
143 939
3591 928
6614 417
6612 936
1737 865
2169 100
22 37
205 176
4296 24
48 45
1139 711
22 614
6615 729
221 958
1331 477
22 868
705 368
6616 477
335 249
6617 522
1220 958
218 210
6618 758
22 939
1299 239
5908 477
5586 936
218 203
284 211
5779 417
596 379
6619 868
6620 35
499 656
22 186
3148 112
6621 729
2518 104
6622 729
2710 467
6623 761
5383 955
1288 35
5160 477
823 547
1148 642
17 459
6624 63
6625 625
4085 680
1478 546
1828 211
552 33
6626 493
22 574
1937 299
659 158
68 8
5526 737
6627 945
6628 956
4019 24
6629 958
1104 150
40 868
6630 186
3261 186
1925 941
14 13
2878 211
6631 247
608 746
6632 507
5255 259
1154 690
6633 939
6564 412
17 412
22 412
4085 441
6634 77
6635 939
499 507
499 922
6636 960
1294 302
6637 649
3360 941
402 382
6638 567
1826 606
477 941
660 382
123 104
80 365
6639 19
17 19
4523 148
6640 941
6641 219
3474 585
6642 681
499 758
195 147
449 587
5731 144
3252 755
221 922
6643 122
1153 614
3646 690
220 567
6644 347
6645 346
764 77
1884 343
1647 940
1912 22
6646 939
218 399
1036 33
6647 941
912 567
195 207
954 753
382 253
6648 496
2478 730
1471 380
570 65
772 921
221 742
2936 955
6649 941
221 656
570 253
6650 220
1471 379
1471 950
850 415
6651 220
2132 941
190 385
935 800
278 209
6186 150
346 388
65 57
6652 939
1135 160
6653 363
823 718
935 939
749 457
1284 761
335 324
6654 365
918 184
1940 217
6655 347
3916 597
53 16
655 472
6656 124
6657 371
3812 283
6489 371
3476 842
912 701
611 219
5853 864
1258 729
6658 958
1586 928
6659 299
2878 252
1221 897
1295 472
68 701
6660 946
3849 958
4325 409
1136 507
1973 842
233 31
1547 955
576 283
63 13
233 123
2234 941
1594 370
233 173
535 347
233 635
1811 252
86 61
749 928
6661 84
233 760
59 54
233 201
40 918
6662 409
233 949
1046 614
6663 614
233 444
233 155
6664 147
233 252
17 147
233 906
2693 98
233 872
1179 941
6614 68
233 948
6665 130
6666 111
671 46
233 924
233 376
233 737
233 950
233 743
233 904
2609 595
5716 423
68 98
242 349
233 424
233 178
233 65
898 509
233 585
1703 281
5679 187
6667 846
40 410
401 55
1046 737
233 941
5534 376
6668 941
2878 865
233 605
233 939
1066 284
40 717
6669 364
40 752
725 537
5622 579
6670 38
2564 335
716 399
40 173
6671 496
768 698
6672 614
22 264
5702 547
3236 737
40 910
1981 936
68 308
17 409
199 203
346 396
5622 104
2429 622
6673 768
4635 18
6674 170
1598 0
1686 163
6675 22
6676 254
996 906
3083 538
6677 122
6678 250
1005 434
6679 958
1595 184
68 906
40 96
651 250
3943 58
5215 350
233 873
40 201
3613 872
2893 259
8 869
5498 892
1594 96
966 199
6680 946
6681 905
6682 701
359 124
40 735
4621 363
6683 77
1202 408
1283 101
40 527
4067 442
447 567
1348 409
288 913
6684 119
87 724
2695 467
6178 335
6685 20
6178 347
6686 439
367 104
8 941
223 418
2129 648
2444 124
611 491
506 355
3119 739
291 244
63 124
6398 939
3596 510
68 159
506 896
267 941
281 22
2068 710
3031 184
2068 120
45 863
6687 924
913 43
6688 42
5041 294
6689 842
6690 637
342 110
3636 25
284 220
13 432
4494 107
4085 381
39 147
764 684
13 457
6691 710
6692 418
716 626
6693 283
6472 96
2819 477
6694 347
4085 958
4157 26
181 90
1278 515
3320 956
1119 489
1381 531
5731 55
1350 87
5632 949
5076 17
4091 106
764 124
6695 477
764 247
938 104
6696 318
898 207
1300 784
6697 279
759 384
68 124
292 140
3252 903
1127 506
620 506
6698 763
2495 763
6699 958
1613 729
4494 614
6700 410
4085 950
17 367
6701 961
2687 367
2687 410
6702 247
737 259
400 340
6703 763
4517 783
4085 842
6704 50
310 120
6095 281
2777 226
5486 46
5622 890
3225 68
17 46
5534 120
1034 815
608 648
2495 878
744 124
5534 710
6705 939
6706 955
6654 207
744 385
6654 104
2444 108
537 243
5412 888
131 110
3617 786
272 104
601 747
63 684
744 409
768 111
4209 108
6707 574
6227 942
3328 506
5076 267
1359 760
5474 590
1231 431
3528 779
17 399
6708 684
36 145
1375 567
6709 92
6694 153
1148 484
509 866
5263 571
3134 741
4524 700
31 308
6710 600
6711 22
414 267
598 250
896 435
6712 804
6713 321
364 7
6714 846
3354 566
1183 410
6715 58
1041 690
6716 710
3070 761
2535 273
5851 365
6717 762
1856 615
4487 838
5519 310
6718 489
1350 169
615 745
2536 60
2003 632
5953 929
6719 622
17 622
615 912
6341 848
628 854
615 339
6720 279
2240 357
68 566
3407 20
870 308
2755 495
1023 23
2344 852
493 184
3440 615
6721 144
1392 958
6722 464
6723 16
311 16
3649 622
6724 423
6725 347
2777 639
22 949
6726 247
6727 780
6728 431
47 515
6729 536
6730 431
103 689
103 730
4494 409
139 941
6314 21
6731 338
1219 260
1856 364
934 431
3645 510
1733 679
1856 33
447 144
2217 184
6696 660
6732 941
3351 262
2287 305
4011 471
6733 766
6734 850
68 914
476 622
1205 48
537 914
3036 729
6735 308
6490 906
6735 101
6735 18
832 347
6736 962
4100 924
3809 692
3756 850
194 160
2415 410
3646 649
6737 312
912 361
1835 709
6738 404
537 679
1047 191
6738 123
6739 942
6740 567
6741 10
3930 364
22 119
2864 382
1188 939
3049 235
3592 239
6412 711
2943 56
383 530
1003 173
6742 610
3540 780
68 43
367 952
5626 949
2316 358
312 226
1680 23
533 299
3677 939
6343 939
6743 780
2579 880
6744 358
734 495
734 507
500 941
6745 472
734 656
734 564
734 922
6746 684
2476 290
4491 299
938 213
735 377
342 237
1240 153
500 55
2246 763
6747 323
6748 777
476 289
3682 850
476 292
6371 510
954 660
2001 247
367 329
752 431
6749 359
3244 958
2761 363
6573 510
1464 290
1067 781
8 404
367 923
2414 108
5355 254
3114 92
4472 825
721 358
6750 939
139 579
6751 17
601 574
139 483
6752 870
1043 255
6753 418
6754 336
196 33
1461 87
1492 336
3514 33
3646 130
4365 336
6755 590
4699 630
2491 510
1803 157
433 643
1591 338
494 58
6423 510
1813 252
6756 530
6757 240
17 240
1803 147
1449 240
145 385
6758 669
6730 260
1803 104
1066 128
5622 134
490 346
6759 23
6760 138
430 124
2495 679
5565 452
6761 963
889 260
456 442
6762 265
482 761
6763 63
1911 87
3407 488
285 22
781 390
6093 936
5491 375
4401 456
190 68
3681 46
6764 402
799 909
5383 191
6385 61
1823 364
6593 59
6765 240
2491 590
5373 376
6766 590
5491 23
655 335
1060 439
6767 963
6768 964
430 108
440 537
1469 542
934 673
1971 626
1663 364
5465 867
2477 489
6103 209
329 76
2544 260
921 429
4426 13
277 364
6769 77
2138 124
1087 965
1647 507
390 257
6770 457
3682 630
6771 958
177 134
68 445
5268 347
6772 418
1314 219
1314 119
303 281
2268 663
303 287
6773 906
3879 411
2089 119
2584 184
1374 236
6774 213
6775 409
5633 941
467 956
6776 336
2495 347
608 28
3135 299
3591 336
4587 183
954 787
954 208
6777 614
954 239
6778 423
4018 260
5347 367
749 940
3229 751
1022 281
1411 144
3981 669
919 470
6779 35
6780 364
17 364
572 186
1220 184
448 163
6781 44
1036 507
3748 506
6782 574
1321 884
6623 728
2512 116
2083 400
772 364
2185 941
1321 522
43 941
2821 367
6783 907
4266 364
1772 486
2353 530
570 299
538 315
17 744
1308 423
6784 625
4325 783
6785 954
1390 818
6786 579
1007 239
2485 886
81 941
172 124
68 173
641 353
6787 23
2485 175
935 656
6305 737
6788 279
6789 888
2131 321
742 367
725 246
5947 590
3322 963
524 264
6790 634
1479 888
5680 907
5669 129
1772 534
1017 421
339 39
6791 407
6792 98
954 836
4752 492
566 941
739 336
339 520
1271 420
2495 818
6793 13
935 793
402 660
6794 888
39 213
4751 350
255 341
6795 279
3458 82
3484 231
627 450
1025 450
5354 110
485 290
17 247
1596 924
3831 33
6796 853
6797 467
2481 39
552 396
591 477
467 639
5940 759
5669 363
1751 43
6798 939
17 939
458 649
764 144
6799 129
6800 450
3942 505
483 364
4019 13
2488 728
1602 941
6801 939
4266 939
417 285
1257 508
3691 790
3895 413
17 219
1023 129
462 184
6802 574
3241 179
867 401
4928 56
3009 413
1127 764
5612 888
6803 184
5363 852
5070 476
308 224
6804 72
4603 827
2312 457
86 472
467 786
5544 609
5273 175
351 236
461 793
1083 507
331 506
119 827
2803 413
22 367
4297 827
4419 401
1997 630
3525 666
6805 936
611 119
4868 890
1255 24
1317 851
443 55
6293 942
430 144
524 287
971 324
2608 507
430 77
4825 417
6278 282
3270 759
443 409
1720 941
1109 129
6806 252
935 941
752 287
2923 954
630 312
623 431
3241 154
954 901
68 779
6807 493
1024 347
2008 48
2120 329
68 938
2730 418
68 211
68 30
68 284
6808 347
6809 939
1024 639
68 872
68 188
335 236
863 420
2074 906
1331 529
6810 941
6811 939
68 129
1737 120
68 717
68 507
68 147
5450 431
68 220
68 924
68 913
68 915
608 700
1105 431
68 679
8 48
703 48
6464 348
608 949
68 954
68 639
608 902
5632 902
954 318
2196 219
518 673
6812 737
2627 109
993 741
68 614
2196 279
83 535
6813 340
6814 958
4599 660
6194 236
51 48
6815 263
615 966
51 154
458 690
627 455
68 535
6816 941
68 759
200 149
4917 957
2196 550
17 550
3192 507
1009 531
17 455
6817 348
6818 941
660 885
3262 396
2348 729
6819 129
6820 967
3723 701
6181 850
68 858
5213 312
68 949
6821 344
819 119
3628 477
6822 347
532 191
819 400
823 122
171 294
6823 509
6237 467
6824 320
1023 363
3532 347
4604 320
6825 349
180 138
190 690
4085 459
6826 460
1933 181
5210 63
4085 82
391 60
6827 290
4604 385
470 253
5930 614
1881 968
6167 130
5549 898
1189 239
3795 365
6828 87
4436 941
535 365
1376 51
1007 509
1131 483
3522 780
5253 215
