8227 2540
5538 896
506 896
308 228
1189 926
5926 844
1478 547
5527 894
4772 909
717 579
5498 892
5788 918
997 457
2488 728
4487 838
1804 363
474 60
1429 402
5927 624
894 434
353 165
951 301
3060 781
997 510
1252 402
1802 23
5900 217
884 429
1001 85
823 281
5462 621
3612 876
1629 824
5905 923
1389 359
3453 130
1321 884
2441 551
3349 917
931 48
981 184
5928 169
5929 479
1076 479
1665 586
675 184
5265 660
220 164
3646 130
997 784
2055 18
1259 365
5245 804
5930 614
3882 132
5931 66
1949 99
1148 490
1296 834
3706 318
4447 169
2055 299
340 118
2837 771
4885 450
311 513
337 420
4800 580
5876 445
1148 551
220 281
242 184
3751 87
5932 239
220 729
1629 405
967 405
1975 350
5933 33
1997 630
277 364
402 359
2564 845
311 215
3194 55
2777 647
343 221
356 207
5875 184
5934 191
342 347
1103 239
417 254
5382 859
2710 347
1031 465
285 68
5935 844
1189 886
2543 108
552 396
226 168
181 230
2734 706
367 216
342 106
442 277
5936 459
17 459
967 111
2543 77
774 111
994 407
1047 191
367 621
5518 916
1205 48
1611 650
307 359
1719 435
5937 421
2711 154
4813 792
435 396
195 147
493 184
1290 95
1042 411
5389 592
3393 184
2648 700
3080 642
307 396
967 771
2921 721
225 167
5320 272
5299 882
1139 281
119 184
5938 421
4879 844
364 7
2069 74
403 263
1743 382
5912 628
951 412
3762 798
2069 622
1333 873
5938 398
832 347
285 560
5939 544
967 90
197 148
5940 759
410 67
3491 889
5373 348
5741 625
5941 63
537 104
768 90
537 148
181 90
5942 645
17 55
3464 366
2294 464
5943 855
823 12
178 135
476 622
5944 141
5103 866
68 402
2825 457
5926 551
3371 382
107 310
4834 350
451 71
67 106
5945 652
1709 55
1702 341
4459 457
3778 873
482 844
640 879
1684 42
8 869
5946 927
3740 645
5947 590
5894 635
1257 731
596 66
1024 347
938 405
5948 601
87 724
67 404
997 771
935 654
938 824
2192 655
440 278
4841 751
400 848
5949 928
5124 868
1670 321
400 784
8 7
997 702
5846 359
3646 690
1820 574
98 313
3363 169
997 848
576 283
5950 98
5262 753
2182 404
5951 514
391 60
3965 396
1811 184
819 119
319 184
2526 456
5507 875
2136 650
400 340
5952 854
400 538
509 298
641 353
2526 98
5953 929
3920 915
5865 917
476 292
3436 774
5954 250
104 771
5955 551
3985 456
437 844
608 114
476 68
443 207
2179 402
2447 844
494 396
5258 376
4532 601
400 345
476 690
1075 363
5209 42
1324 168
1791 101
912 915
5758 913
741 24
1019 271
5956 338
842 411
782 418
1655 342
3485 856
1705 68
4246 560
4710 429
443 141
2522 8
4751 350
211 87
306 201
5957 771
1443 129
3518 66
5958 364
4401 456
68 318
601 334
1985 396
400 590
441 227
1877 509
374 30
874 551
562 59
4240 507
1071 144
1066 191
270 205
230 169
1244 814
739 490
581 184
5612 888
1325 45
3467 71
1754 196
488 14
5959 240
5960 145
5961 574
3383 770
5962 930
5947 784
2065 271
68 628
959 26
196 509
4218 39
4534 564
4100 628
343 538
4526 828
1989 184
900 799
4769 364
4769 33
5963 68
1820 357
89 63
5964 551
4764 287
625 382
4769 744
623 762
443 174
5965 472
1279 398
983 322
2522 63
5966 551
382 253
623 489
896 435
94 81
78 101
1044 278
498 911
437 551
3367 308
214 159
5749 63
456 203
17 367
4515 367
487 764
2960 453
1671 553
339 39
402 844
68 308
5967 507
499 922
5968 931
5969 58
499 507
1295 472
1680 23
2517 240
1283 101
476 22
963 486
430 144
782 55
476 84
3114 844
1148 642
5970 850
1078 480
476 737
5549 898
963 452
2134 905
5971 219
68 771
4041 749
2864 701
4402 579
3390 421
235 63
3354 802
2307 344
1506 77
682 143
1724 475
1012 141
1033 456
2246 564
974 869
2741 552
4361 844
601 347
5972 622
5973 324
333 284
5974 348
333 388
5019 14
5975 23
190 68
400 510
333 450
4482 836
5976 219
13 457
3329 728
5622 160
5262 875
697 8
5977 81
333 242
768 111
13 432
759 514
364 243
5978 844
76 100
1694 358
1263 362
1818 589
2864 915
3453 275
3031 184
1066 284
1381 20
3426 772
3237 327
342 237
5979 457
1069 155
1443 363
1066 388
1066 242
5980 932
5981 774
499 442
2448 425
4534 507
4550 841
3442 468
3507 457
3763 240
5982 153
866 421
3712 590
5869 660
4534 933
268 204
3351 590
445 205
591 590
4266 375
2387 862
1972 601
3857 816
3857 805
1074 829
2898 590
997 590
68 327
255 341
4214 826
1209 121
2110 121
1179 475
1885 905
49 47
1325 420
89 234
4503 626
5983 23
552 412
5984 144
1189 47
4651 243
5622 19
5985 510
5522 702
422 603
880 44
5986 579
2878 120
5987 869
4852 457
144 117
5988 329
627 219
1148 362
1885 33
5474 590
5989 924
1268 621
623 590
5990 336
3029 928
2697 569
107 905
5523 461
68 85
277 33
5991 449
5105 775
1529 551
5992 328
174 24
935 23
3141 340
2591 886
2087 206
5991 470
535 347
1381 531
623 155
2397 781
2020 290
1082 796
4503 638
998 88
4252 348
4250 396
5993 385
2867 355
3865 806
5994 143
5813 294
5995 666
516 255
2003 752
2198 63
5996 234
1411 227
3029 869
4459 421
2426 680
5997 85
2846 761
285 638
1411 247
5998 412
346 666
3088 506
346 294
2230 579
1787 599
2848 531
2606 652
4252 660
3302 412
3085 869
5311 859
2087 153
5999 58
4844 932
5262 497
3052 347
674 332
764 77
870 247
2499 255
422 271
6000 320
3734 287
6001 20
285 209
4202 239
2812 712
7 230
2468 677
1680 348
2394 660
573 65
644 844
5620 37
286 81
476 679
1696 123
2087 350
2444 247
312 226
4178 421
1052 473
2444 684
2375 344
1076 761
799 909
1270 560
6002 934
907 435
6003 924
3083 538
4504 924
6004 544
764 247
655 335
3544 717
205 900
1388 530
5614 647
526 283
1300 421
6005 117
4091 226
3481 263
80 647
497 277
353 143
5620 163
1179 154
6006 25
3591 928
1244 914
465 71
1435 368
2878 865
1402 24
5467 891
3141 590
1400 534
956 895
632 346
624 344
6007 836
6008 58
2138 277
366 245
6009 252
1448 313
1074 685
627 690
4063 277
6010 510
205 71
80 283
1816 602
6011 918
6012 33
2138 33
163 844
317 33
36 551
6013 837
411 513
660 712
1878 347
17 455
134 113
1114 488
1432 859
68 586
3812 744
1189 275
6014 506
68 552
2151 413
303 909
1101 531
2881 455
5091 283
5379 886
5836 579
2803 413
4209 65
6015 359
3701 149
762 567
2148 412
6016 155
6017 838
5321 761
6018 256
68 725
3985 36
2761 283
6019 551
1218 900
2659 862
6020 364
870 865
3204 412
6021 23
224 166
4215 391
3749 795
5779 417
627 662
1686 163
421 364
5916 772
3879 411
1350 169
2595 219
721 358
5680 907
430 247
4018 260
144 354
6022 449
144 328
6023 348
1493 842
6024 844
6025 347
430 609
611 348
925 37
364 441
4845 844
127 107
1860 826
925 250
2457 875
4647 476
52 65
604 722
964 453
5899 376
1140 396
6026 455
611 58
2925 641
2443 72
5415 379
6027 16
1819 287
1526 16
5799 425
6028 363
353 240
5300 449
5383 350
6029 16
3450 775
6030 353
1920 347
5391 865
5286 645
362 775
557 338
1438 278
2154 651
5399 877
872 423
40 552
6031 818
6032 250
6033 68
2240 335
655 472
6034 350
17 350
1726 332
2146 184
239 281
6035 23
623 260
2396 875
40 440
609 148
631 162
16 22
6036 89
3466 452
3637 590
6037 551
611 141
4019 24
1321 494
10 9
3037 924
6038 371
1284 516
1060 439
737 198
1677 225
492 869
78 18
462 184
6039 276
5798 510
205 152
119 102
879 427
2873 184
6040 68
108 234
159 123
68 918
3663 449
2557 697
5853 129
6041 495
2468 875
423 157
4739 348
6041 922
6041 507
6042 620
2576 680
231 58
5622 348
579 25
1257 508
1721 679
1404 928
101 88
645 163
1448 264
4148 822
1889 299
935 495
2928 716
2078 449
108 94
182 139
1089 887
5175 77
16 882
625 601
1040 144
5669 33
524 264
68 460
1112 155
2892 828
772 620
4178 349
2892 873
6043 916
271 306
938 207
429 928
623 420
218 209
160 89
6044 149
482 761
3453 690
1848 87
3755 472
6045 77
2593 25
6046 160
6047 299
4957 68
216 161
261 455
570 184
1505 106
1621 573
1066 425
5669 371
2356 321
169 130
1137 507
437 196
384 25
1499 548
6048 362
764 609
93 80
5633 902
161 364
6049 58
2978 601
533 49
2746 158
471 153
5772 93
335 15
6050 680
6051 832
1046 417
6052 187
3812 681
1005 434
6051 579
413 73
6053 456
6054 284
425 869
6055 75
5836 116
2003 632
17 16
1130 305
1772 534
6056 493
4489 33
6057 601
2274 913
335 679
1182 477
40 918
2365 666
948 446
3053 149
6058 396
68 681
1314 507
5669 922
5761 371
387 19
116 277
4293 723
1182 122
116 763
1916 748
221 507
6059 924
2570 149
608 700
1662 585
591 408
683 37
5896 376
195 119
339 345
5826 622
65 61
1373 695
5619 902
1139 711
1666 140
63 609
80 226
635 928
5841 717
36 844
524 287
1796 289
6060 227
1796 324
1772 486
3931 615
2141 609
764 274
2558 28
5702 281
1362 363
1139 718
6061 33
524 85
5626 902
5624 472
731 455
1187 915
5648 904
912 23
890 498
1813 252
717 458
1139 477
6062 935
5632 902
2365 844
1257 810
1912 22
6063 924
1806 579
2196 902
1443 253
1866 91
2477 665
2252 184
5532 22
476 614
3252 903
684 111
4333 250
4085 818
391 97
772 507
1202 477
6064 250
6065 924
5622 868
6066 187
218 399
2365 305
1717 594
1139 122
3085 65
51 92
1114 719
4908 832
670 305
764 65
221 922
218 394
221 869
221 742
248 188
4085 796
1826 606
449 299
2578 886
1910 184
3324 864
2625 447
346 396
3891 358
346 242
346 388
6067 219
535 313
1471 667
1202 122
63 144
68 120
1652 389
2781 65
51 475
476 65
1471 889
68 434
649 87
2650 227
221 859
1906 283
471 65
2194 650
5685 58
6068 321
17 348
651 250
6069 358
2355 226
1547 806
2092 122
1449 558
430 274
3833 65
6070 239
4647 65
2175 652
802 373
494 666
291 65
2826 472
571 717
3921 65
1376 275
2230 16
1288 35
1432 74
6071 539
68 371
17 539
118 100
4085 791
1182 718
1412 890
6031 277
5622 116
1036 33
3275 600
221 36
17 842
402 551
492 243
1688 122
5039 890
233 94
233 700
1046 68
996 869
1158 890
233 147
40 868
561 184
2289 667
4085 174
6072 528
89 292
1182 711
5888 921
561 163
3559 237
5357 873
156 890
1600 38
2976 861
233 225
233 677
233 435
233 724
2231 936
233 761
1434 936
162 341
6073 937
233 574
233 252
233 651
233 915
156 589
527 859
4085 902
233 894
195 157
233 717
6074 359
233 918
5847 348
233 283
782 423
5724 718
6075 767
68 528
227 93
6076 902
36 184
233 725
156 902
233 526
1343 507
233 635
221 622
6077 365
1136 495
233 392
233 904
2230 275
233 461
233 160
233 445
233 601
532 213
6078 299
45 932
233 25
1906 299
6079 844
5735 318
1999 347
2378 184
3497 890
4085 348
4910 875
40 838
4 885
4633 842
1590 104
2069 690
2216 412
2031 100
233 928
233 104
233 243
233 770
233 159
68 347
68 184
472 101
2306 526
716 399
2069 737
1392 936
1918 184
3049 292
6080 936
1392 869
215 936
169 690
4085 494
3049 68
40 873
3049 235
40 635
3049 22
5772 844
3203 348
762 125
5063 87
1980 347
6081 936
1980 335
3848 253
4085 883
6082 924
815 145
1392 7
1316 521
472 283
2092 477
985 905
1951 357
6083 402
765 174
6084 46
646 936
996 7
6085 98
310 254
3349 873
3404 735
5412 888
68 521
1268 297
1187 143
535 491
6086 262
6087 936
5959 68
4085 449
996 936
3189 412
252 613
2306 670
5115 261
109 243
4085 868
40 22
8 123
1785 544
4530 840
6088 256
4085 913
537 761
6089 890
292 624
17 22
175 133
4752 859
739 336
4100 924
291 476
429 59
6090 328
4015 869
4648 915
36 145
1702 8
6049 163
39 259
39 213
1277 65
39 38
1258 477
537 932
124 137
3060 477
6091 936
6092 160
2177 653
3483 197
5908 477
327 665
6093 936
977 441
4446 197
6041 869
5932 100
2264 591
344 233
2777 106
6094 771
109 936
1012 70
1611 477
1976 318
6095 122
3659 711
5275 421
3180 716
4503 501
1334 524
6096 938
1367 936
611 375
6097 908
6098 936
1713 625
3855 318
1611 122
168 181
1119 489
2610 459
6099 522
823 122
66 281
3025 39
6100 668
4164 364
6101 14
823 718
780 510
269 84
658 184
124 105
4490 532
853 845
1971 729
2213 206
303 439
164 556
2115 184
6102 936
2000 213
1971 718
6103 209
107 404
4304 507
1575 568
346 128
5909 243
6011 390
2717 184
4775 850
2534 206
829 382
5813 396
4217 205
1613 729
379 572
6104 334
1206 922
1206 507
736 378
271 91
5063 456
4515 417
68 507
5813 666
346 450
5092 31
285 399
1031 871
3356 460
68 936
3609 119
46 43
1251 413
2584 184
6105 701
6106 625
552 25
3890 376
5871 924
6107 890
6108 936
819 86
6109 924
4998 22
4676 847
245 449
3159 125
1703 281
1182 281
291 244
1778 360
3270 759
1594 493
6110 138
6111 120
783 153
6112 890
861 322
393 255
1363 350
379 727
823 34
1802 322
305 141
466 936
6113 507
5017 163
6114 22
2839 147
2997 909
2041 441
3871 147
4102 717
2134 936
5201 46
1635 65
4697 844
6115 717
322 20
713 187
249 256
76 726
150 205
6116 460
2713 784
68 147
417 285
6117 890
429 184
4271 723
1973 380
1607 512
2396 677
1892 184
2726 347
6118 33
6119 457
512 300
6120 551
1569 284
863 420
367 60
6121 382
367 78
1569 242
3134 741
3649 660
3039 364
6122 96
3526 660
484 936
1313 336
2319 671
1259 152
3611 347
644 842
17 345
367 28
6123 763
6124 192
6125 120
2825 12
2535 273
4534 922
2864 528
285 394
6126 573
285 501
2671 68
3748 322
3390 702
442 242
6127 505
1596 924
6128 381
6129 348
1283 308
990 7
259 197
1042 847
6130 460
853 936
5237 73
3173 40
68 924
1211 336
4272 457
6131 219
6132 127
2131 412
1303 848
780 389
6133 132
6134 336
5255 198
2153 187
6135 376
966 199
1224 936
1296 41
6136 141
6137 396
4468 348
344 671
5586 936
2526 363
525 307
2011 936
1686 37
6138 449
6139 364
68 759
6140 336
1449 421
289 215
6141 91
4446 864
498 533
6142 443
142 851
4329 108
6143 77
6144 57
1506 108
3028 610
4209 108
371 144
6145 924
17 924
1506 65
181 198
347 40
6146 23
475 191
2697 423
537 141
4806 336
3129 364
506 443
6147 590
1594 436
1831 345
6148 219
17 124
6149 277
5883 16
68 381
53 16
6150 44
364 310
2365 355
3124 585
6151 818
359 77
3979 647
6152 938
2797 869
875 424
6153 938
1856 615
750 818
1684 875
167 350
6154 507
17 509
3591 336
6155 457
6103 501
400 262
6156 547
6157 936
6158 288
4178 336
346 231
5577 901
2864 363
4178 44
333 56
418 727
4483 837
6159 417
1696 404
6160 939
6161 68
157 64
2087 611
3592 459
2878 252
2946 261
6162 89
1678 918
3592 418
6163 132
5439 766
6164 842
6165 939
506 56
3969 299
3729 590
56 52
6166 924
6167 130
3592 489
89 385
2630 347
371 63
476 385
3928 758
1775 890
6168 537
1684 459
423 10
205 176
1301 81
1482 145
44 42
6169 737
2866 184
890 932
3748 844
6170 413
3726 792
382 26
1399 382
6165 331
319 145
6171 537
475 256
537 413
6172 460
119 940
6173 939
6174 875
6173 331
1570 936
1647 940
311 649
6175 141
6176 105
349 141
367 35
487 184
1857 939
5716 423
205 462
1905 219
6177 320
3029 777
205 180
418 625
1811 252
68 81
6178 347
1804 818
68 940
935 758
1510 120
1785 905
319 34
3108 580
6179 818
142 941
451 347
4433 662
79 363
3046 443
3027 174
5176 939
68 758
1435 583
402 382
6180 391
1276 391
6181 850
2580 227
6182 939
4786 388
1155 63
316 93
6183 363
777 924
3741 65
404 93
870 758
1218 759
1814 108
1448 499
232 171
337 457
2580 891
6184 331
1024 365
3512 758
6185 551
443 37
285 22
847 413
6186 150
5070 65
480 780
1148 359
482 331
6187 847
3682 850
1191 308
1775 598
2867 309
3969 382
2468 936
482 939
6188 460
2194 337
2566 789
5552 939
5070 304
1197 331
227 622
17 45
584 184
2121 407
2834 149
1276 936
1195 423
2769 29
6189 913
6190 455
6191 8
608 335
3495 924
3495 922
6192 336
3495 905
331 98
3238 455
2659 890
6193 832
1329 442
4590 380
1152 499
2933 131
142 29
6194 131
6195 862
6196 33
6197 936
362 717
443 160
6198 649
6199 22
5321 50
430 476
644 184
3565 713
1492 336
6200 141
4895 936
2114 244
4756 936
6201 924
5815 321
6202 131
68 50
6203 939
2444 108
2206 312
6204 590
6205 331
5314 551
799 573
799 938
3479 25
40 677
1202 471
977 713
616 590
3072 723
517 301
4269 890
5544 609
935 936
4202 208
1058 511
3461 404
1952 264
4480 116
6206 38
40 122
1058 321
40 477
6207 391
2251 144
143 936
6208 551
601 574
2134 661
162 125
494 294
342 110
4443 939
4443 331
6209 939
5354 110
2361 667
1778 123
5289 928
17 264
5440 832
1188 939
557 574
2403 771
6210 574
2936 759
1197 939
1448 2
485 290
1071 322
143 350
39 111
2512 116
1436 260
342 343
47 515
970 260
6211 155
3148 331
143 622
6212 592
40 780
6213 936
143 592
3039 936
6214 37
6214 163
1109 363
2606 579
3694 610
4186 364
4085 840
959 253
1607 811
1366 364
6215 116
17 116
384 449
570 253
1366 33
17 219
6216 116
570 26
6217 318
867 939
3148 939
6218 939
6219 309
6220 665
4065 134
143 89
6221 528
4248 742
5455 784
3752 791
6222 939
95 154
6223 939
6224 939
645 37
2559 850
1066 89
1607 140
6225 58
17 157
462 939
934 673
1397 271
3678 201
492 936
1185 759
889 260
1179 179
62 939
630 312
2654 939
6226 93
1086 481
4479 20
146 579
627 157
2365 350
4868 858
1397 239
6227 942
146 832
1684 140
6228 58
2544 260
3532 347
160 481
829 81
2143 939
33 850
506 50
6008 231
6229 763
335 74
4157 835
53 131
6230 645
2476 290
6231 20
2476 665
6232 710
4868 890
6233 253
3683 413
3591 913
727 373
1820 18
6234 939
1429 153
6235 119
6236 301
6237 467
48 45
6238 924
1390 818
499 939
4908 579
6239 219
6240 360
6241 33
600 143
1082 332
335 622
17 507
6242 737
5532 507
4586 507
335 289
335 292
2136 781
335 690
335 234
6243 314
17 314
997 428
335 324
1373 134
6244 65
5774 913
3581 939
6245 124
2836 23
659 938
5175 65
659 909
4814 854
6246 334
611 116
6247 808
1411 124
575 235
6248 497
4024 58
2923 69
6249 761
752 264
5321 682
2473 184
6250 236
3203 376
6251 56
5291 880
2242 331
4947 429
4721 292
6252 924
248 425
6253 933
5118 504
6254 818
2231 939
195 104
2231 331
4116 574
2185 537
1692 5
2174 12
1562 574
6255 939
826 299
5203 579
683 131
2042 65
460 94
499 656
3252 755
2948 461
5983 481
3466 122
5286 591
6256 243
4027 131
1068 478
6257 68
6258 292
6259 457
6260 15
1870 617
5864 456
6261 279
762 164
6258 363
3819 939
447 567
17 74
762 144
4085 381
68 630
745 932
3436 264
1429 413
171 15
6262 939
6263 184
378 250
4085 573
25 939
86 61
4060 277
6264 771
3551 713
6265 302
2628 299
4215 328
684 213
5028 65
4085 421
4085 186
596 359
4707 18
6266 313
17 313
6267 331
1236 161
559 287
289 16
6268 625
719 350
2567 56
1568 565
7 692
3147 184
12 11
476 131
96 121
437 539
2555 747
761 23
6269 417
635 348
596 916
6270 184
954 87
719 235
6271 122
2528 692
1066 450
6272 264
6273 87
518 673
68 939
4946 682
6274 331
4567 163
5693 457
3231 308
6275 108
130 331
2365 793
6276 227
2788 295
6275 684
202 157
3752 331
802 803
6277 331
2626 177
1405 350
125 364
4085 63
6278 574
4325 783
1469 542
641 401
1042 943
3849 184
959 308
1940 217
1940 70
6279 304
6279 227
233 777
6280 226
233 811
6281 215
6282 294
6225 939
233 573
79 424
167 365
373 122
233 938
233 528
233 771
6283 768
40 281
40 718
104 157
40 711
4251 939
40 661
233 667
233 716
651 130
2501 219
233 668
233 735
233 197
6284 936
6285 283
233 873
233 157
233 71
233 940
40 329
5300 804
233 924
1697 520
68 417
233 120
233 884
233 493
233 610
233 460
1353 528
778 239
248 476
233 845
6286 418
3004 579
1007 924
4085 23
6287 41
1221 897
5037 119
699 184
233 585
233 921
699 34
233 206
233 307
233 102
6288 472
5424 534
365 244
967 96
40 668
6289 624
40 924
1411 304
4085 379
768 96
3567 939
6290 65
6291 614
768 698
2312 457
1525 147
2143 331
1022 281
6292 122
1169 497
6293 942
40 163
84 34
1025 134
1022 122
4428 818
6294 763
4085 265
104 421
4085 137
4085 307
40 898
4085 404
1327 96
4752 221
131 110
938 213
365 443
285 569
367 677
1778 908
1268 332
2606 908
185 142
184 418
68 143
6295 144
1588 0
5908 122
895 265
285 133
6296 553
639 718
2230 249
1593 174
639 711
601 747
6297 366
5728 412
5424 22
6298 147
3450 717
6299 184
6300 236
218 162
1202 711
1202 718
5006 799
601 768
6301 279
997 262
2899 348
6302 57
5122 233
5255 259
158 9
39 623
6303 614
6304 163
7 0
997 687
6305 737
2639 939
6306 939
145 68
5006 340
1386 532
2623 211
6307 181
1499 556
639 281
1420 141
6308 250
388 301
291 737
3026 939
2285 304
68 211
2285 227
1994 283
1599 536
181 0
6309 60
6310 939
6164 131
6311 939
3967 450
6312 520
6313 628
5428 174
267 756
6314 21
1657 119
3026 548
6315 443
6316 717
6149 758
5182 9
6317 625
1611 718
6318 331
3354 527
86 57
1059 418
148 277
3650 763
2111 554
5789 818
6319 143
6320 842
1258 122
2515 939
400 687
859 763
303 650
1971 726
6321 340
1178 766
1984 611
2594 505
938 771
6322 44
704 177
349 21
4139 162
6323 22
6324 91
3351 262
371 467
199 162
6325 764
6326 944
6327 160
6328 551
730 924
6329 939
2367 174
6330 939
6331 39
321 824
164 548
1788 39
601 282
175 626
2536 60
1635 131
6276 304
4240 656
6332 459
335 68
509 445
1217 281
335 737
547 936
2521 55
1673 281
2225 658
919 149
335 84
6045 131
339 520
1624 575
3142 939
1814 737
506 355
6333 65
2841 596
6334 939
687 412
66 945
66 946
1450 939
285 350
1588 46
6335 181
6336 23
1305 939
3200 279
823 457
6337 331
6337 939
6338 939
6339 507
2697 626
6340 936
4725 489
1087 686
6309 97
1219 665
1435 85
1449 160
890 620
2605 104
4997 363
1305 58
6341 848
890 499
6342 844
3612 735
6343 939
874 359
5526 737
6344 401
6345 97
6346 611
5248 878
6347 939
3499 289
6348 259
17 259
5176 331
6349 329
1778 600
6350 292
3764 234
6351 510
808 360
630 164
559 264
6352 23
45 41
6353 277
6354 42
636 349
6350 68
381 363
3916 597
3081 630
6355 331
1185 119
6356 85
540 316
6357 184
1670 651
1550 560
1094 65
6358 936
2129 648
6358 939
17 939
350 936
935 507
1791 18
6359 939
1206 710
2031 702
6360 123
3719 155
6361 386
6362 388
335 294
935 294
6363 471
1305 170
935 922
6364 875
4395 331
2466 625
2056 143
5552 331
657 579
4106 45
167 656
6365 242
687 59
6366 939
335 666
6367 947
45 309
2230 939
6368 939
6369 184
384 600
1029 463
1241 295
1325 489
421 939
1722 575
172 124
2373 913
5943 120
844 396
2925 886
6370 279
6371 784
448 163
45 123
2246 242
2179 913
6372 847
6373 25
237 178
171 22
17 460
6374 58
384 331
45 96
2491 784
3440 828
3347 571
6375 184
1183 571
839 360
6376 184
488 442
6377 936
384 939
578 715
1922 833
1718 528
1778 910
6378 50
6379 418
2237 850
6380 33
4266 33
3592 347
5037 455
1778 418
3756 19
541 188
68 388
6381 456
537 91
717 508
559 85
2802 537
6382 382
512 508
994 506
5869 818
4395 939
5037 939
608 648
6383 939
6384 68
6385 455
974 939
6386 625
6387 240
1348 160
1348 70
3205 939
1348 141
1492 411
6388 939
3845 802
6383 936
6389 163
1738 149
2344 852
5669 456
4329 65
6390 423
2491 510
5833 350
608 46
1359 940
249 56
6391 862
71 608
4055 861
6392 939
309 225
6393 608
1392 243
4039 939
3085 108
1779 499
6394 174
6395 147
5463 289
374 247
6086 848
6395 310
374 609
2024 939
4764 736
1087 694
5393 376
4085 758
1114 63
6396 939
2989 56
1460 641
1189 913
