1899 2389
1657 574
488 1116
1149 1120
1149 1169
1657 407
580 1585
1657 475
1256 1149
1256 1426
1657 1886
1657 1218
397 567
397 1736
512 1137
273 307
1256 1589
1256 1555
57 495
1392 1210
1788 1103
1495 1595
1170 453
1170 19
251 453
1450 586
1436 1485
157 1645
200 567
1326 1702
594 544
438 202
438 1810
438 1104
1355 31
1164 1082
1355 1141
211 1582
241 94
211 1485
1463 560
187 1326
565 595
211 1294
1245 1315
1245 1582
1256 595
1579 1507
1189 1025
583 577
583 1485
350 1353
350 1604
464 1582
1606 1096
1479 1089
1589 1127
314 397
1440 501
1572 1119
115 1206
484 596
544 1256
31 1473
1365 543
31 576
1713 222
1365 597
85 1576
1413 1211
593 1736
1642 1674
448 1671
263 521
1533 544
223 1196
1123 357
1062 1005
491 1256
1844 429
128 576
1495 483
1844 1136
143 19
1540 1227
1862 1736
1462 1269
1049 1004
1155 598
407 1504
407 438
1533 599
1131 989
1189 989
449 1844
153 1207
453 1820
1697 1879
42 1669
1544 1781
1350 576
1339 239
1339 483
1339 409
1339 801
1339 576
128 549
1654 1582
366 1055
1475 600
600 1831
318 26
237 420
1690 1049
1186 213
1277 500
1186 431
600 504
406 1103
1606 188
268 1288
1186 1288
1788 318
1479 237
1798 1181
544 322
1533 1675
1533 1798
1121 196
600 1237
1403 1152
1704 1106
516 1237
600 579
1447 1395
1447 1208
1574 264
1207 1705
1704 585
491 567
400 553
1453 599
378 812
1150 598
562 1609
395 1256
602 491
1203 589
602 200
205 1207
366 199
35 440
378 384
1160 1139
487 371
487 506
361 1831
128 603
35 1781
1770 1152
39 314
39 1005
604 1256
211 315
604 315
1245 1503
1245 277
1245 604
1245 153
1145 19
1145 605
1266 500
35 1266
35 259
1480 606
35 1303
566 206
566 26
1572 259
1004 1489
371 1223
382 374
565 458
607 371
371 1685
1489 1815
1286 268
42 1121
1235 1458
582 1035
1235 1316
35 481
1258 78
35 577
516 1204
1538 1103
325 374
1663 546
1788 569
475 1166
1663 378
285 371
1475 1269
521 378
1764 602
533 1520
1690 602
1259 1132
605 1103
1583 602
1712 475
0 491
1066 562
1066 603
608 1145
177 1582
1881 1883
35 344
1149 1361
608 609
273 1473
602 610
273 1165
1893 602
1026 565
207 1540
364 1733
1397 275
203 607
17 1733
275 1888
101 1145
1203 1749
94 1733
479 1014
1116 611
613 609
442 1116
581 559
1764 544
479 378
400 382
544 1396
378 608
177 420
1026 614
615 616
608 617
615 1694
1281 206
491 576
1293 1363
160 576
1235 618
1572 1555
580 1350
619 620
1256 1627
1757 1244
1235 467
1256 621
1583 549
460 1203
1256 622
1690 460
1098 1770
1256 1205
211 1317
1669 1203
1348 211
464 1235
1235 160
464 1733
115 549
211 624
1348 1235
1036 625
313 1788
626 576
1173 1077
1036 361
463 1256
211 580
1036 315
1208 1836
580 1820
481 1170
1729 357
1572 1589
600 627
481 1642
1322 19
1317 1235
845 13
628 629
526 418
628 1648
1676 1145
452 1363
452 416
1757 460
1170 1688
491 85
1231 1306
35 542
35 386
217 18
211 1148
35 404
465 1625
1122 1552
484 823
484 384
35 465
630 1397
1075 1256
35 1568
1863 1589
35 243
35 1520
35 1103
22 631
1075 1688
1245 617
1026 322
35 602
283 1642
1606 1690
35 617
404 1388
1788 559
35 632
1625 404
35 1035
1816 177
35 1563
1312 1480
632 633
632 1227
600 632
1726 1106
1170 404
312 569
1147 1225
75 553
1726 1772
559 1185
378 344
1552 1276
1610 1276
1431 317
318 31
1421 1863
498 635
211 1396
1325 544
610 1127
1348 318
1143 143
403 205
1143 1882
1740 0
1743 450
1743 582
1863 544
1475 1605
1096 1736
431 1473
1572 1489
304 1642
350 1326
241 1670
1726 218
619 636
35 521
486 1426
544 1022
1066 625
1025 312
1133 566
478 637
35 1798
17 1563
35 1097
35 1749
1730 630
399 1355
35 553
1645 1278
442 1371
612 1049
1145 1881
1788 350
223 1103
223 350
619 1580
1475 1068
442 1704
1680 275
213 1227
1408 1489
1145 92
386 351
1408 1669
600 1605
1421 350
157 35
483 1881
1572 1348
448 1820
701 233
1572 1017
1145 638
1072 638
600 1017
600 638
638 469
638 1664
1543 639
1111 1733
223 1145
602 1111
638 1598
608 638
223 331
638 1599
347 640
1572 1703
1122 1145
1788 638
600 1371
1677 582
1606 1365
607 620
581 1072
1606 640
1421 1111
1788 581
1602 1705
223 1677
1453 641
1863 1859
1122 642
1569 1152
285 1533
643 1624
643 499
1339 50
1068 1317
1122 643
199 442
644 1569
646 1145
1316 1621
1723 442
213 632
1387 647
350 18
1533 350
646 213
1226 213
1339 1533
35 1339
57 638
1757 632
646 367
1572 643
223 431
1256 625
1378 566
349 1132
57 431
1186 632
1186 581
350 1256
349 17
1186 1863
350 1059
1000 638
1810 35
1186 648
470 1328
1391 1235
1186 340
1572 646
1546 133
1788 349
1533 259
1572 1475
1576 1843
35 1475
1576 1750
1576 1692
35 1278
1533 638
383 400
383 382
1421 1068
319 383
1863 1789
644 350
35 383
619 1733
644 1733
1501 521
649 1119
1533 1145
356 1474
644 1473
544 612
1810 1256
1142 1131
644 1185
558 498
223 319
44 544
619 314
619 1317
619 447
1028 638
549 650
619 1453
1546 49
1142 595
1453 1317
1788 1664
35 651
1520 1004
1378 1132
1764 651
1788 377
1462 1605
1788 1612
1788 1342
1788 382
607 652
1378 1788
223 540
211 206
607 223
626 1820
449 498
1453 626
35 101
638 194
619 275
22 651
1788 1145
1435 1154
1325 653
1764 653
1396 653
619 607
619 479
1583 653
619 1781
581 1256
1730 581
207 653
1730 643
207 465
1325 1017
1325 1221
1462 207
544 1546
207 495
544 1819
1462 1621
1033 203
50 651
619 449
608 1533
427 1621
207 427
654 1348
1764 1348
654 317
1245 1391
1245 646
1245 655
1245 1474
619 648
1245 1122
619 259
1788 1543
1764 26
619 490
1120 1365
1804 1327
1804 1730
1788 207
657 544
364 1433
1203 604
9 499
1203 1764
1066 638
1757 499
1757 1079
1262 1639
628 1453
607 658
1657 1122
608 659
1412 1149
1636 544
1636 563
1636 651
1636 552
211 1677
1636 1891
1636 553
1636 1485
1636 660
661 39
313 1412
652 619
652 662
1878 1579
1145 642
1227 648
663 1687
1436 1453
1569 1142
283 1345
82 1679
661 420
82 177
82 1764
35 82
1111 653
1499 35
1499 1000
349 384
1179 614
37 123
1680 1066
1338 1221
17 1306
1711 273
430 646
651 39
644 1170
1122 1189
1572 1853
1853 1854
1788 219
1122 1589
1122 491
651 648
1844 275
1844 438
1844 638
1845 1221
560 1054
1844 133
1245 1468
1245 516
1704 1339
1704 35
1844 1121
1245 160
1245 1277
1245 283
1245 378
1245 540
1844 407
1148 243
1480 72
1122 1278
643 1164
1568 1164
1066 1278
1413 1844
626 486
626 1704
410 160
223 13
126 648
35 189
153 1636
189 1598
1122 390
37 1713
1355 653
1075 664
1098 45
1473 1155
1533 243
351 1070
542 1345
254 1152
133 1127
608 486
1089 37
1572 1317
1325 1005
1624 1703
544 654
1773 1642
665 1506
1884 701
665 1882
665 1884
1884 296
1543 1884
1492 1092
1316 233
665 1492
582 653
665 1412
665 367
665 1766
665 1145
665 666
665 1148
1107 1015
665 604
665 1530
665 612
665 1768
665 1606
665 1579
665 1317
665 1810
665 1680
665 384
1642 243
665 1169
665 209
1579 1468
665 1278
1579 544
665 293
665 1159
665 1516
665 1652
665 1724
665 296
665 45
665 1399
1863 1399
665 1484
665 573
665 1863
393 646
1704 1399
665 282
665 1185
665 153
665 275
665 1226
665 195
665 542
665 1173
665 552
665 658
665 121
665 254
665 621
665 625
665 188
1736 491
491 467
1145 219
1186 651
1522 1103
1572 651
1186 1475
64 1026
318 669
1385 1203
670 1475
119 173
318 1866
1196 389
580 1288
119 491
670 1649
670 1373
1396 1453
580 572
646 1844
600 45
1435 671
600 648
651 1583
580 1291
665 540
665 1453
665 1420
665 315
665 1733
665 218
651 213
213 648
665 400
665 213
665 1231
665 1576
665 340
580 1301
670 315
665 1520
665 1164
651 1127
665 1072
665 1345
1680 1138
1348 1826
665 197
665 664
670 602
1127 241
665 1121
665 1097
404 1126
665 1153
1863 1127
580 1360
665 241
665 533
665 526
665 9
17 1121
177 651
17 544
177 661
1533 1268
672 576
326 1453
404 1070
576 1489
1803 1206
1378 389
1378 1507
661 1392
1489 673
674 1654
378 1393
1489 1803
626 386
1653 1871
1544 1149
626 77
619 1104
675 1772
1764 211
1810 1127
1810 1756
185 1480
185 1831
580 42
600 1275
39 674
600 64
1203 602
296 1831
600 29
553 661
1145 1268
367 1374
1361 1636
1582 422
1582 1585
1582 1583
610 72
663 676
1836 465
1757 677
1148 26
1378 614
1449 1625
600 1576
404 677
1788 621
600 449
1122 678
431 1533
1245 553
1256 648
1226 1836
1075 680
672 1161
1844 1581
626 1825
648 586
1144 85
1258 486
1844 281
681 682
1770 1062
438 683
1396 8
684 672
641 1431
1256 664
0 1256
1378 685
1642 1480
641 1704
67 672
1256 407
67 1398
529 677
600 1677
581 133
223 133
223 642
600 77
1145 1209
665 185
1145 1677
665 1781
665 314
665 1388
665 1028
1186 672
1170 45
74 1387
1378 1755
600 333
1182 1120
206 1203
600 1555
600 206
686 600
600 1853
600 210
283 1733
629 1098
1582 1621
1582 185
1582 588
1457 1730
600 1787
1533 672
600 601
600 1429
1396 285
544 1132
582 206
582 629
629 282
641 1017
600 117
1764 1453
654 1364
491 205
629 526
642 619
629 1826
316 687
600 688
1546 101
629 422
1345 686
1582 1396
1582 654
1010 648
686 194
1406 1453
600 377
600 148
1132 576
1132 1456
1371 1043
1688 1022
1676 1010
1122 1070
26 500
1657 613
1436 292
600 651
326 1059
304 313
1016 1317
600 1375
42 139
42 1353
689 449
207 194
1119 1408
542 679
689 834
378 1462
670 1462
600 691
213 1478
689 570
213 389
686 670
629 1479
1256 692
665 1642
600 693
18 542
600 1896
1142 206
1228 1286
694 1373
1479 273
1582 1803
1604 1860
35 266
1604 133
1604 677
1604 1485
177 629
1009 13
317 1845
695 1604
1863 1604
1286 1604
189 1604
689 1581
695 457
1397 1375
695 1039
695 1050
1244 1415
1378 694
206 613
35 1244
1120 1426
1169 1670
1035 49
1462 1119
1572 1605
1355 58
45 353
670 1035
1035 1050
472 177
689 1035
1330 1453
1089 1050
1196 1533
1196 670
643 1170
1245 651
665 651
1551 696
665 1596
1533 1097
35 665
1533 1555
697 0
1089 665
1657 351
1103 698
689 1657
1385 1604
1863 177
587 490
1533 1143
1457 506
1181 1723
1397 1581
845 672
219 612
143 1240
567 1181
1595 291
57 1439
35 1787
35 19
1186 400
479 1186
1122 1456
1473 1704
689 1119
1736 681
119 1723
501 1826
501 1505
441 1532
0 1137
689 114
35 1631
689 1631
1743 1595
695 577
1690 695
12 1304
610 665
1355 1781
1170 285
1221 641
600 699
582 665
1582 1604
582 686
823 259
1589 353
1572 672
582 834
35 1760
35 1275
600 219
1170 58
1412 700
1170 1221
608 689
35 467
632 49
378 1316
1378 651
1397 1145
605 1317
1572 629
1066 700
1259 333
259 378
1339 702
1066 677
378 1149
378 78
1066 404
1397 1580
1479 1049
1870 1072
661 1033
1563 703
1543 1810
1580 694
1479 1863
607 1077
600 285
1183 416
454 211
1462 275
254 266
686 1436
1676 1126
600 704
1304 1466
581 1736
1066 1126
641 277
1621 542
1339 1826
1339 1342
1339 1613
1066 1576
1240 1231
1642 340
600 386
1757 1119
1757 672
177 1089
600 1454
211 1326
35 672
1149 1845
565 1256
441 688
1004 1103
1004 201
641 40
1004 705
331 1679
1004 1733
461 1679
1863 1004
1540 231
686 1072
600 231
801 672
605 1489
686 1834
45 704
1533 629
1552 686
1050 273
629 823
1406 706
421 707
282 686
1582 1764
547 357
629 845
1378 708
427 708
1882 708
1014 686
1543 1859
629 1043
35 1589
12 1820
12 1625
12 856
1355 1580
143 1555
0 679
1582 1771
1582 1725
1582 1091
1355 1723
561 560
1688 582
1147 1097
1582 1355
1371 1473
1676 677
600 1626
1670 1748
1174 686
283 407
600 709
1270 653
710 705
1221 1712
600 189
182 1804
1845 1339
1225 352
600 569
569 1122
1371 1004
1371 1756
1371 1533
600 856
479 1436
1713 1339
1757 923
60 153
128 616
1552 1630
35 1462
600 711
600 1121
600 713
600 78
600 26
1692 686
1050 277
1145 1033
1698 1203
600 1698
1698 300
600 1189
1764 709
1145 377
600 1458
128 1166
1572 1286
431 1642
600 494
223 549
223 711
1844 1373
714 1844
1371 845
1543 1533
1844 1447
600 1209
600 1579
715 1543
1844 569
35 26
378 333
1256 1860
35 716
717 600
284 262
715 1145
1703 715
626 333
115 1582
1788 431
600 382
1145 718
490 558
1066 718
600 719
600 720
1260 553
49 1473
1600 719
702 1221
1764 720
333 719
1625 1453
285 1764
717 670
35 719
670 719
346 285
1421 582
302 1714
1186 717
581 1709
689 721
1004 719
1245 1371
285 128
1245 845
714 600
1002 109
109 302
1373 1000
1004 147
600 237
695 283
1730 431
714 1867
147 1167
1867 312
695 1588
695 558
211 544
540 450
319 259
714 1169
128 629
128 1394
605 1447
1726 1757
1726 265
1533 1703
1726 616
1652 711
689 1721
475 75
1533 475
383 1102
689 1648
211 720
582 688
128 312
318 629
318 714
600 1521
604 1390
600 722
1688 1396
128 1339
128 1275
409 540
128 390
390 1256
390 397
687 1201
364 1582
390 541
544 1066
313 1322
390 0
35 1123
689 1448
1640 1070
1276 356
491 1276
1002 1609
304 147
1164 714
710 719
1385 1826
350 450
1788 715
1788 722
1788 724
1788 720
1788 719
1788 716
1788 717
1788 721
1788 713
1788 725
1788 726
1788 709
1788 714
1788 693
1788 688
1788 692
1654 1723
695 1595
1788 1791
1788 1475
1345 1631
313 44
1316 1473
322 1568
1269 1597
727 672
689 700
285 727
1066 264
1613 285
1237 1546
371 1113
695 1102
354 1345
493 1770
367 1881
715 192
223 1896
1186 1447
177 243
580 1803
147 586
349 1296
1473 147
720 728
720 8
689 714
1050 285
1050 1695
312 421
1191 486
1251 695
717 1368
721 1102
1191 1749
717 1692
0 1278
354 1810
1132 714
1066 1121
1553 1152
729 714
729 1613
729 665
1066 729
1475 1072
710 458
1102 1159
1066 1605
1260 1751
1688 453
213 318
349 730
1764 475
721 1681
1186 1649
721 1789
1186 629
1186 475
1186 404
1533 731
1699 715
1186 117
1186 695
732 1097
1533 717
1102 1142
1396 1649
1533 709
1538 695
1122 0
721 1750
732 1884
721 1859
721 698
721 198
223 1375
731 26
223 285
526 1695
223 453
223 491
223 580
731 714
1000 147
731 1582
580 1453
580 733
1225 735
721 614
49 714
49 285
211 1325
1385 614
582 285
1124 731
721 316
721 823
453 672
453 1726
721 1505
177 1210
49 1581
721 49
49 273
1120 394
1690 407
453 207
721 60
715 331
453 715
1203 1421
1398 312
1104 383
241 526
1191 1498
1191 714
1480 1551
1838 1695
736 1582
736 31
1475 1652
484 349
431 349
207 160
431 484
431 384
1568 1703
1066 273
1371 737
1449 1097
1449 1079
1145 1365
1582 586
738 692
1145 731
731 1371
731 1226
211 19
211 1450
1350 1203
544 1203
1166 1582
695 105
1203 695
13 1103
695 389
1505 273
695 1197
371 1339
646 607
371 1120
1102 349
1102 1072
128 516
128 632
378 1350
612 646
1810 1844
1713 302
1713 209
1867 1475
207 1385
1325 1304
207 349
207 1243
207 1615
207 415
207 449
1600 1475
1000 739
17 407
1816 1642
38 1659
629 1122
34 1858
740 56
128 672
740 128
283 17
283 40
207 1582
1260 672
1260 475
1260 740
259 1859
1589 1543
313 320
1164 1119
1355 740
1355 1659
670 741
670 708
1355 516
426 1579
177 285
1258 1124
740 1426
1764 740
845 740
1226 1426
1325 740
177 740
742 259
34 26
34 740
742 1378
742 349
721 1164
721 1588
259 670
1191 1563
1191 78
1191 64
1191 653
1191 1136
1191 1304
1466 1371
1602 194
34 526
211 740
742 1371
1132 670
1238 1126
740 1845
1191 1688
1756 349
641 740
1450 115
604 1309
670 1226
604 1049
211 1872
604 427
80 1453
1245 740
1238 1421
1466 740
1009 720
720 677
720 1059
1466 700
81 147
371 1475
382 285
371 1378
720 331
720 1309
720 1004
720 1702
1378 1249
223 1788
607 349
371 1499
641 607
1642 701
1867 1348
1066 740
318 1872
1066 349
1470 312
1551 1642
1551 302
1281 629
1788 607
890 912
283 383
1066 1863
380 34
364 34
743 1688
1245 34
1145 1695
1145 740
1533 740
1688 1672
744 746
1473 743
1387 747
1378 731
285 1286
431 350
1393 211
1143 318
1579 316
1653 34
748 1275
1355 285
34 544
172 312
1191 465
1066 1143
1066 383
1066 721
1066 84
542 253
542 749
1325 750
285 400
211 1479
751 1436
37 1256
1580 1505
365 1580
1475 1505
1475 742
1551 752
1062 316
1182 1005
223 349
153 1657
743 422
153 1050
338 1165
324 753
1422 686
743 1294
1505 686
679 749
1226 1082
1050 686
1050 349
1453 528
1170 1394
1371 300
1102 1576
1688 422
1186 383
1186 686
671 1444
526 1843
1652 1386
652 620
277 1642
542 1256
671 754
755 629
755 1421
1145 349
646 752
717 694
646 642
286 757
1203 383
1679 286
646 582
1480 586
1066 646
1480 720
646 617
1480 1705
1533 82
396 39
396 205
396 1256
646 652
646 316
646 1788
1552 758
1642 686
1203 1582
1203 549
1203 646
646 1365
1642 1705
646 566
259 1050
1066 1516
617 521
453 383
632 1159
1203 1325
751 85
1203 1688
1363 314
1653 1097
1479 1516
1102 646
1145 759
1145 760
128 383
1385 1004
753 651
742 761
1654 344
283 304
494 1397
1530 147
626 382
1164 1142
726 573
1473 1474
1197 1164
1479 1543
1462 1479
1068 1582
1068 740
1316 755
1068 285
1066 26
285 259
283 762
1642 1589
1145 26
1225 1589
670 427
695 1164
1574 1679
1597 1317
1226 1174
670 1747
1004 383
1096 383
763 1226
1552 1097
1324 721
801 1723
580 1810
1676 529
582 1386
211 312
211 617
1826 764
573 1810
765 8
765 1221
765 211
765 1097
283 1092
283 765
283 455
34 265
763 1035
1303 719
1303 710
416 1582
1066 1397
1256 181
1256 766
1463 404
1463 312
1145 766
17 1231
1256 768
758 1245
1256 769
768 384
1050 1378
1075 390
211 1371
1002 69
449 758
1066 770
277 346
1010 1489
461 1010
1266 632
1316 1368
1743 1397
1010 285
1757 1447
211 1266
1066 1005
1066 1480
1309 651
1066 285
177 1392
1367 265
1367 207
371 1368
1245 1810
126 1226
1569 1742
1279 428
1479 1569
1642 313
1642 1448
416 1480
717 1843
721 1843
1654 312
1654 1616
618 1075
602 1207
69 1010
69 209
1227 1266
602 1311
1722 720
720 1342
1066 602
1722 1291
1722 237
1722 1791
1722 1371
1059 1266
1316 1059
1256 285
989 714
989 1576
1543 314
1186 617
1266 322
1186 390
1186 1266
1102 314
743 1803
1186 1870
1574 427
1186 608
1394 1674
1186 19
1186 1317
1186 1576
1165 1317
1231 1164
46 1582
1251 1896
731 353
602 1279
608 1004
386 1322
1251 1724
602 316
488 1499
277 752
1310 1304
1322 695
1322 277
1050 1133
1050 1576
207 1376
254 45
1303 1582
1186 405
484 744
484 670
560 771
1066 632
259 284
1642 1680
1197 602
1066 147
461 743
679 690
1235 758
1235 285
717 340
1642 1243
1145 770
285 772
1066 340
1066 1855
1245 472
575 1226
1066 1348
1066 1453
1066 1810
1191 31
1066 203
302 1579
302 1386
1386 255
602 1345
651 461
651 632
632 285
410 651
1066 449
602 773
1191 449
1396 717
602 1740
602 1365
1191 1804
1191 1301
1066 1316
1191 1664
1191 1648
316 1448
17 774
223 137
1066 1820
137 468
1256 1845
137 1674
1066 689
670 768
0 1189
670 1227
1004 490
1316 717
742 1605
742 1462
1870 775
742 1394
374 772
400 772
318 382
318 243
1126 776
89 88
695 697
318 845
318 1394
1399 1151
1396 1394
318 1475
318 1221
461 1399
1066 1221
742 1286
1066 1286
1221 1191
318 1367
318 407
318 1089
461 1221
318 350
318 1122
461 1394
1453 1127
668 1453
1764 1640
1462 1475
1102 0
318 461
1165 1489
665 648
665 1266
1403 461
1286 318
542 1543
1235 1385
1235 383
1004 1227
1456 147
731 490
731 629
314 316
341 117
1552 491
1256 1894
1256 1316
1256 693
1862 1367
1355 672
1066 475
751 1014
475 777
1010 1394
1349 1462
481 752
128 1889
720 575
720 1145
720 128
731 720
731 386
602 1004
720 491
1066 720
602 416
665 1235
665 1367
665 1186
689 1681
1066 400
1066 133
128 521
128 1695
1642 495
1473 1453
1102 1070
602 188
1186 1688
1186 277
1186 1378
1186 273
1186 243
57 721
780 404
780 1642
1186 781
1022 781
207 1464
1124 782
1169 64
1396 388
205 783
1367 781
784 665
1659 785
1066 665
1066 786
1788 781
1788 786
1788 759
605 520
614 708
1723 87
438 476
1002 1639
1000 718
521 476
1133 520
383 787
1516 1119
1004 460
670 460
1050 460
1066 788
1066 781
160 789
1145 791
1844 1648
490 620
1676 620
1863 620
572 1301
1676 1604
1122 792
1122 1011
1122 559
1122 1627
378 330
268 1681
793 519
317 1604
1844 467
1002 470
567 630
605 1119
1145 729
383 81
1844 1575
1844 1464
1844 1747
1322 729
285 81
1040 475
794 795
794 638
453 796
371 1136
1145 1136
1505 1136
797 344
523 563
797 1555
1688 81
798 1003
1066 799
798 565
1028 1107
1028 1359
797 766
1096 760
268 693
268 1304
1000 796
1145 61
17 781
1266 213
1266 1002
1688 1730
1844 1485
1191 285
1844 1286
1844 643
605 796
605 800
605 1373
605 1348
605 1865
455 802
605 1736
481 1269
213 126
605 313
605 1688
605 349
605 629
1597 1579
1387 1191
717 1028
717 268
1479 717
1145 49
404 1676
1269 329
794 1373
794 1413
794 629
794 516
516 1132
794 1688
794 1103
1004 1226
794 1567
1122 57
1122 1355
1122 1667
1122 173
1122 416
1122 1679
1122 1350
1122 1050
1122 321
1122 612
1122 1705
1122 205
1122 233
1122 1469
1122 1653
1122 1502
794 1097
794 1733
794 726
1494 1736
794 386
1533 49
1677 1174
438 252
1659 1059
1499 794
629 268
259 794
803 1467
765 720
285 268
1028 1373
1580 1503
794 1209
266 1066
794 651
698 153
1845 1182
794 617
794 1514
717 367
1597 1703
266 1844
386 1118
1182 804
386 765
386 1503
1269 386
794 82
1066 1726
1066 1489
1066 153
1066 629
1514 1453
1325 1294
1082 1132
241 794
751 1145
57 314
213 805
1505 1588
794 695
69 1066
794 1489
794 1498
798 1660
794 806
77 1538
605 806
798 1182
798 1798
605 540
794 1278
794 203
834 1039
1408 579
259 674
794 1210
794 1630
1089 1514
794 1453
807 82
794 431
431 1408
431 1844
431 318
431 596
455 695
793 808
794 721
794 1589
1066 1103
386 1226
1142 1136
1139 1505
89 1103
89 1089
283 1505
147 1028
283 1537
794 147
1137 1505
644 1256
596 378
596 1505
675 1726
807 1786
605 812
605 793
605 698
720 1394
809 1894
809 1174
809 505
794 1475
1010 798
1514 354
1479 542
1479 632
1373 1514
463 160
1505 1485
1505 632
213 1505
1514 700
1062 1473
378 547
1844 721
1068 1688
1844 291
1677 266
1844 1582
1844 770
1282 1169
386 526
810 1505
1844 285
1844 1480
1408 1677
1408 386
1408 1373
453 404
668 1266
668 203
668 1563
668 811
794 84
731 813
84 1363
1740 197
1155 569
468 490
468 640
386 1132
1225 777
794 1339
1514 1473
1066 814
1066 1339
1865 448
794 1865
357 690
1137 357
1764 717
453 1339
453 213
1365 1373
1408 629
501 794
794 549
371 1386
1059 1704
211 77
809 78
809 1505
809 1498
1296 695
1296 1017
1296 1339
378 544
1896 468
845 1865
605 608
1150 1155
57 809
1867 285
1579 626
742 203
794 1576
143 1582
845 1786
1373 1278
1326 989
1788 383
1788 814
815 619
1066 313
845 651
1066 651
720 801
1066 440
128 440
315 720
1066 394
1066 717
315 1731
1066 1659
549 730
22 717
486 1436
