1899 1771
0 1011
1122 1233
1344 1011
1455 1566
1677 1566
1788 1
1788 112
223 334
1788 445
1788 556
1788 667
1788 778
1788 889
1000 889
1012 1023
1000 1034
1677 1045
1788 1056
1788 1034
1067 1023
1078 1566
1089 1100
1111 1067
1123 1134
1145 1156
1167 1178
1167 1156
1189 1200
1211 1222
1189 1234
1245 556
1245 112
1245 445
1245 334
1245 1222
1245 1256
1245 1267
1788 1234
1278 1289
1300 1034
1278 1300
1311 1300
1322 1300
1788 1333
1189 1345
1278 1356
1145 1367
1189 1145
1378 1389
1189 1400
1411 1422
1189 1433
1278 1444
1356 1433
1278 445
1189 1411
1189 1456
1411 1467
1478 1345
1145 1444
1245 1489
1245 1500
1245 1511
1245 1411
1245 1467
1245 1367
1245 1433
1245 1444
1788 1500
1788 1433
223 1522
1145 1433
1533 1145
1245 1145
1145 1544
1544 1411
1544 1467
1533 1677
1555 1533
1567 1356
1278 1345
1578 1433
1578 1589
1600 1611
1167 1433
1278 1622
1788 1633
1145 1644
1245 1633
1245 1655
1666 1322
1666 1489
1245 1678
1666 1433
1245 1689
1666 1567
1000 1700
1000 1589
223 1145
1000 1500
1000 1433
1000 1367
1711 1444
1211 1433
1533 1444
1278 1722
1000 1733
1122 1722
1000 1677
1722 1744
1711 1433
1744 1322
1755 1489
1189 1766
1755 1677
1189 1777
1789 1411
1189 1789
1189 1722
1800 1811
1189 1822
1833 1722
1555 1722
1555 1844
1722 1677
1800 1689
1855 1766
1800 1311
1866 1877
1322 1866
1888 1677
2 13
24 1866
1322 1433
35 1589
35 1433
46 1444
57 1411
68 1589
57 1467
57 1677
57 1156
57 79
57 1689
1278 24
1189 57
1189 46
1167 90
1167 101
1189 113
124 135
1189 146
1189 101
1666 101
157 57
13 168
1111 1433
1755 1433
1278 179
1278 190
1278 1666
1678 1433
1855 1145
201 2
212 224
224 1622
212 1433
201 224
235 90
1278 1811
1078 246
0 257
1855 268
279 290
1189 268
1189 301
1189 312
1278 323
1788 224
268 101
268 1467
268 1589
1189 135
268 1733
1145 335
268 1677
346 1123
1888 290
35 1489
35 190
1555 268
1555 1666
357 1123
1189 1888
1189 368
1189 379
1189 1689
35 390
368 390
1788 101
1478 401
412 423
1855 412
1000 224
1278 1789
1000 434
1278 1456
1278 1766
1000 124
1788 1145
1211 1744
446 57
1211 13
35 13
1211 1467
1211 1689
1278 457
1278 1611
1278 301
268 390
446 268
57 1433
57 1489
57 390
468 1433
479 1145
490 1888
490 57
490 235
35 101
1322 1689
1844 1689
501 1322
1844 1489
501 1844
1844 101
1855 1322
1855 1844
1455 512
1278 57
1278 1145
1189 523
1788 401
1788 534
1788 545
1788 557
1788 568
1788 579
1788 590
1788 390
1788 1677
1788 601
1788 235
0 390
1122 612
1122 1433
1189 623
13 1356
13 1167
1189 1600
1788 634
1000 645
57 323
0 656
668 1589
323 1677
1189 323
679 690
701 1589
1145 712
1433 1677
1245 224
1245 357
1245 723
1245 734
1245 634
1245 745
1245 756
1245 767
1245 379
1411 601
1411 779
1411 790
1411 801
1356 634
1677 712
35 812
1533 601
1145 1078
1855 701
1788 1012
1788 723
1788 1467
1145 612
1145 101
1145 823
834 1345
35 1733
1211 312
1000 101
679 712
1211 101
845 1489
679 1489
1245 856
712 867
712 856
1145 834
1145 856
712 878
1145 878
1855 712
1245 890
890 856
890 901
890 912
1245 1789
923 934
1489 823
1489 612
1245 945
945 523
945 1145
956 945
446 945
35 856
967 956
945 1866
35 1866
1245 956
945 1489
35 978
989 834
945 101
989 1677
1245 1744
1245 978
13 1001
1002 834
35 1003
1004 545
1004 1001
1002 1655
1001 101
35 1001
1245 1003
1005 545
1005 1006
845 1012
845 1467
845 545
845 224
845 357
845 1744
845 1866
845 1589
845 1433
845 1677
845 1007
845 1008
845 1009
845 1010
845 1013
845 1001
845 1003
845 1014
845 978
845 1015
845 945
845 1016
845 890
845 901
845 856
845 934
845 834
845 734
1017 1018
1017 46
1017 934
989 490
1122 945
1122 1145
1010 1433
1489 1010
1489 934
1010 13
1005 1010
1005 1019
1005 1020
1017 257
235 1002
1017 323
13 934
13 1021
1489 1300
13 1766
1010 1012
35 357
1010 1022
35 1024
1189 1022
1010 1024
845 13
1544 13
1145 1009
1025 13
1026 1022
1025 1027
1025 1822
1025 1733
989 1010
1028 1029
35 1029
35 1700
1278 1028
35 756
1028 101
1029 1533
1245 1029
1245 1030
35 301
1029 1478
845 1031
845 1030
845 1032
1033 268
1489 301
35 1411
1028 1411
1356 1029
1000 834
1000 1029
35 834
1028 834
490 945
1035 1028
1035 1145
490 1145
845 1036
35 1877
1037 224
1245 1037
1245 1038
1245 1866
1189 1037
1189 1036
1026 1522
1855 1039
1040 1038
1189 1028
845 1038
845 1041
1036 679
1278 1041
1017 1036
1042 1078
1025 1043
1028 13
1044 1046
1855 1047
1855 1048
35 1036
35 1012
35 1744
35 1522
35 945
1026 1455
35 1677
1489 1015
35 1822
1788 1049
35 1049
1788 1866
1788 1001
734 1050
1555 1167
1051 1002
1555 945
1122 357
0 1123
1245 812
35 734
1489 1811
1866 1043
1002 401
1002 1052
1145 1053
1788 1051
1866 1002
845 1049
1788 13
1322 1367
1322 834
1788 856
1788 834
1245 823
223 834
223 756
223 1689
1766 1035
1788 1022
35 1367
1035 1322
490 1037
490 1006
1002 1053
1035 1844
1844 756
490 1766
490 1054
1055 834
490 1057
1055 1052
223 1789
490 1045
490 1322
1788 490
490 1058
35 490
1788 1030
1005 1059
1005 1022
1005 912
1145 1060
1017 1058
1042 490
1788 1061
1062 1002
1025 1063
1049 1766
1167 1059
1000 1049
479 1844
1145 1766
1025 1049
1064 1065
845 1065
1025 1048
1066 1489
1245 1068
1245 1065
1245 1069
1356 1744
1026 1070
1026 1167
490 1064
1017 1356
1378 1071
1788 1069
1278 1322
1072 1677
0 1073
35 1074
1017 1075
1076 1633
1077 1079
1080 1074
1017 1689
1077 1074
1356 1079
1017 1081
35 1079
1082 1072
1245 1074
1189 1072
1083 645
1455 246
1189 1455
1245 1084
1855 1455
1017 1322
1025 1069
1017 1085
1086 1079
1086 1074
223 1079
1082 1002
223 13
1356 1086
1087 545
446 1455
35 1086
1555 1072
1026 1322
845 1088
1000 1084
1026 1072
845 1090
845 1086
1555 1091
1092 1093
1322 1074
1094 1322
490 1079
35 1084
1082 1037
1009 1074
35 1090
845 1074
1082 1055
35 1043
13 1091
1095 1012
1096 1677
1082 1097
446 1098
301 1079
1010 1099
1010 1079
1245 13
1245 1101
1102 1072
1097 1544
1103 1167
845 1104
845 1105
1035 1091
1245 1090
1035 1533
1533 1074
1189 1106
1107 1036
13 1145
989 357
1035 1036
1036 1122
901 856
901 1079
1079 1108
1356 1109
1666 734
1666 1074
1666 1079
1017 1544
1110 390
1017 1666
1017 1096
1017 1091
1278 1112
1089 1036
1113 1114
1555 1115
1555 46
1788 1079
157 268
1489 1112
1145 1113
1189 1052
1189 1113
1356 1116
1025 1079
1117 1118
1025 1109
1025 1105
1017 1109
1017 1105
1455 1036
1119 1002
1567 268
1378 1113
1017 1120
1110 1035
1025 1084
1036 1025
1097 1167
1097 1121
1124 1367
1026 1533
1097 1345
1017 901
934 1145
1004 1049
1125 1489
1110 1677
1788 1121
1455 1766
1126 423
1127 1116
1018 1128
612 1677
1097 1070
1026 1025
1109 1345
479 1533
1026 1043
1043 235
1533 712
1533 357
1043 1467
1043 1128
1129 1130
1533 801
1097 801
1022 1121
1533 834
1131 1455
1131 1356
1455 1121
1097 1356
1097 1666
1102 1132
1004 1126
1131 1533
1102 1126
1456 1132
1133 834
1135 1589
989 1126
1097 934
1189 1025
1127 1026
1189 612
1004 1136
1189 1167
1005 1118
1025 312
1118 1489
1005 1137
312 1356
1005 357
1065 1104
312 1052
1082 1132
1189 1121
1000 1126
35 1121
1138 1043
1139 1132
1097 1002
1026 1356
1082 1136
1004 1101
1139 1072
1127 1120
1082 1140
1082 1141
1356 1444
1139 1356
1139 1167
1132 1140
1788 1140
1788 1141
1142 1140
1143 268
1107 1167
1139 1322
1143 1167
845 1136
845 1130
845 1121
845 1144
845 1124
490 1004
1103 1533
845 1140
845 1141
1119 1167
1110 1026
1119 1766
1072 1132
1711 1138
35 1143
490 1109
1028 601
1833 1146
1103 1028
1005 1766
490 1112
1089 1005
845 1145
1278 1888
490 1356
1043 1140
1147 490
1245 934
1004 1140
1788 357
490 1148
1102 1149
1844 1367
35 1150
845 1150
1119 1151
1278 1121
1356 1150
1655 1152
1102 490
1533 1489
1167 1150
1149 1167
1131 1151
1144 1167
1144 1151
1167 1766
1017 1153
1367 1154
1150 1155
1478 1655
1589 1113
1788 1116
1788 1143
312 1155
1788 1655
1211 1367
1788 1367
1788 1157
1356 1367
1788 1744
1356 1158
1211 1109
1159 1160
1788 1081
1788 1109
223 1109
1478 1079
312 1150
1138 1655
1127 1141
1533 1789
1161 312
1162 1167
1788 1103
1160 1144
1159 1102
1163 1140
1163 1160
1132 1160
1189 989
1160 1155
1149 1160
1189 1622
312 1036
35 1141
1245 1132
1164 1102
1167 1138
1164 1079
1132 1136
1788 1132
1165 1079
1072 1136
1002 1140
35 1136
1162 1002
1136 1345
1167 1136
1788 1136
1017 1166
1378 1167
1378 1168
1378 1132
1378 1129
1378 1169
1322 1136
1165 1144
1170 1079
1142 1136
1866 1165
1167 1171
1167 1121
1172 1022
1145 1677
1311 1655
1173 1411
1173 1143
1489 1145
1278 1167
1159 1132
1097 1455
1378 1174
1139 1160
1051 1175
1139 1043
1165 1176
1139 1844
1177 1677
1177 1144
1142 1132
1278 1132
1142 1082
1002 1175
1142 1072
1164 1072
1142 1002
1072 1126
1082 1102
1092 1082
1142 1102
1089 934
1026 1082
1179 1455
1180 1121
1179 1121
1055 1177
1082 1181
1182 1072
35 379
1142 1144
1102 1181
1478 1183
1141 1184
1141 1102
35 1182
1092 1141
1888 1177
801 312
1147 1049
1455 1070
1122 1356
1185 1489
1186 1187
1145 1082
1110 1188
1555 1177
1555 612
1110 1744
1149 1168
1159 1082
1122 1132
223 1190
1051 1082
1186 312
1186 834
1456 1005
35 1139
35 1190
35 645
223 1141
1159 1141
1132 1164
346 1119
1149 24
1149 1002
1149 1766
1131 1322
1489 1611
1022 1059
1085 1345
1141 1132
1177 1119
1092 1079
1119 1065
1116 1166
268 1149
1177 1866
1097 1132
1097 1191
1097 1192
1866 1141
1172 312
1193 1194
1131 1102
1131 1072
1161 1194
1026 1766
1622 1138
1022 1195
1149 1622
1000 1158
1000 1195
1026 1622
1766 1187
1589 1164
1788 1196
1788 1187
1026 1039
1107 1197
1107 1015
1198 1197
1189 1191
1788 1026
1198 1109
1153 490
1866 1153
490 468
490 1199
1026 1611
490 1201
1202 1130
490 1188
1149 1203
490 1104
1204 1132
1165 490
1065 1205
35 1206
1203 1059
35 1195
1278 823
1278 1204
1198 1168
1844 1195
1278 1203
1203 1198
1788 1202
1278 1195
1788 1198
1203 1202
1203 1206
1203 1207
1207 1208
1162 1589
1162 612
1162 1766
35 1209
845 1205
1065 1206
1162 1198
1210 1177
1159 1181
1162 1877
1245 1212
1245 1202
1162 1345
1245 1213
1162 1195
1245 1214
1245 1171
1245 1215
1198 1005
1198 1052
1198 1148
1198 1133
1478 24
1478 1175
845 1209
1145 1209
989 1187
1124 1216
1245 1124
1245 1151
1203 1866
0 512
0 13
0 1025
1567 1217
1147 601
1666 1195
1666 1218
1218 1345
1218 1079
1207 1345
1218 1219
1123 1589
1097 1207
1207 1002
1026 1207
1202 1208
1136 1195
1220 1130
989 1177
1167 1195
1072 1209
1173 1191
1173 1174
1017 1205
501 1766
1221 1072
1489 1164
1489 1004
1026 1220
1082 1209
1223 1141
1224 1177
1225 1215
1144 1164
1226 1227
1228 1677
1226 1082
1229 1209
845 1229
1218 1171
1788 1224
1788 1218
1110 1225
1245 1224
1110 1206
1110 1202
1110 1224
1147 1188
1104 1079
1072 1229
1478 1202
0 1230
1147 1229
1186 1229
1186 1209
1035 1204
1035 1132
1035 1039
1035 1478
1035 1072
1017 1116
1145 1229
1231 1022
1232 1229
501 1082
1232 1194
1232 1214
1022 1229
1232 290
1232 1121
1232 1206
1232 1444
1232 1218
1232 1633
1231 1209
1235 1145
1611 1210
1611 1229
1611 1209
1232 1195
1232 1136
1232 545
1043 1225
1235 1229
1189 1118
1189 1236
223 1237
1135 1866
1238 1677
1788 1766
1788 1167
1237 1102
1127 1221
1278 1059
845 1082
1226 1002
1002 1229
1235 1149
1245 1082
1455 1239
1026 1227
1231 1240
1002 1240
1139 1102
1005 1241
35 1229
1455 1209
35 1240
1221 1478
1245 1242
1788 1240
1239 357
1119 1478
35 1226
1611 1243
1244 1345
1014 1246
1014 1367
1028 1229
1245 1229
35 1202
1132 1145
1172 1238
1089 1241
1119 1092
1082 1240
1211 1195
1198 1227
1122 1766
1147 1247
1147 1248
1131 1198
35 1172
801 1172
1788 1247
1203 1221
1203 1242
1244 1082
1455 1249
1147 1240
1026 1249
346 1226
346 1002
1147 1172
1089 1250
1211 1240
1211 834
1251 1155
1250 1229
1711 1198
1151 1172
1147 1221
1555 1455
35 1171
1555 1238
1211 856
1151 1209
1147 856
1147 1589
1252 1026
1151 1455
1026 1219
1533 1246
1127 1455
1186 1171
1533 1229
1097 1253
1186 1240
1186 1226
1533 1209
1186 1489
1186 1221
1555 1254
1149 1249
1855 1611
1149 1164
1147 1136
1149 1185
1207 1455
1555 1622
1000 1229
1110 1255
1162 1098
1000 1255
1066 1677
1147 1367
1278 1000
1162 1455
1611 1255
1231 1198
1356 1255
1043 1136
1149 1197
1000 1257
1149 1258
1231 1455
1198 1116
1162 1082
501 1102
1259 1026
1116 1109
1203 1026
1162 1204
1203 1589
1168 1411
1203 1136
1203 1049
1162 823
1260 1246
1162 168
1162 1456
1043 1209
1245 1255
1555 1204
1204 1136
845 1255
1555 1043
1260 1677
490 1249
1221 1544
1147 1026
1162 1000
1043 1218
1260 1866
1260 312
490 1205
1261 1240
1198 1036
1261 1052
1162 1185
1322 1455
1245 1225
845 1225
1555 1185
1005 934
1005 0
35 1225
1262 1229
1259 1162
1262 1209
35 1253
1244 1002
1263 1264
1244 1677
1244 1005
1244 1455
1244 1079
1244 545
1244 1249
1050 1224
1082 1224
1165 1218
1589 1082
1259 1005
1189 1265
1189 1249
1170 1677
1170 1489
1231 1162
1266 1059
1119 1050
1145 1266
1261 490
1147 1225
1147 1202
1268 712
1268 1433
1261 1079
1269 1202
1269 1145
1261 834
1269 1766
1270 1677
1266 1133
1269 1242
1269 1195
1261 1140
1356 1266
1135 1240
1489 1268
1231 1677
1170 1005
1161 1187
1271 1272
1179 1162
1179 1207
1273 1132
1273 1102
1203 1244
1203 1225
1179 1274
1203 1266
1145 1268
1203 1052
1278 1270
1478 1085
1186 1242
1107 1252
1611 1275
1228 834
1017 1270
1123 1225
1235 1266
1235 1195
1052 1242
1235 1225
1235 1367
1052 1079
1130 1276
1149 1096
1149 1228
1235 978
1235 634
1277 1279
1235 490
1235 1139
1235 1700
1235 1265
268 1229
1280 1281
1235 1280
1235 1282
1235 1283
1235 1284
1235 1285
1286 1151
1079 1287
1242 1229
1110 1288
1286 1455
1555 1290
1111 1282
1266 1022
1291 1145
1291 1533
1147 1275
268 1292
1119 1203
1186 1266
1186 1677
1186 1511
357 545
1293 1145
1126 1226
1262 1367
1110 1511
1186 1294
1149 1295
1149 1877
1142 1141
1296 1297
1198 1280
1149 1298
1221 1294
1245 1221
1611 1299
845 1284
1094 1455
1245 1275
1278 1118
446 1014
1094 1611
1094 1252
801 1301
1221 1052
1203 1302
1094 1303
1126 1203
845 1304
1127 1005
1245 1304
1000 1282
1000 1285
35 1305
1119 801
1286 801
1306 1296
1286 1296
1307 1225
1231 1611
1221 1308
1107 1309
1231 379
1231 1229
1231 1304
1231 712
1310 1304
446 1312
1000 379
1231 1195
1231 1313
1147 1301
1231 1309
1211 1275
1314 1082
1245 1315
1186 1244
1186 1275
1244 1177
1000 1244
1211 1244
1026 1314
1316 1145
1316 1296
1316 1611
1186 1305
1317 1198
1261 1171
1186 1318
1142 1133
1319 0
1186 1301
1186 756
1082 1301
1000 1320
1211 1320
1211 1305
1455 1314
1082 1321
1323 1026
1026 1324
1198 1301
1147 1082
1147 1325
1326 1198
1188 1301
1231 834
1455 1324
1097 1325
1097 1324
1000 1324
1203 1301
1094 1324
1147 1294
1203 1307
1260 1171
1260 1294
1327 1203
1147 1766
1147 1207
1186 1307
1231 1072
1147 1171
1094 1207
1186 224
1231 1589
1147 1181
1147 1314
1147 1002
1260 1305
346 1198
1147 1098
1186 1323
1203 1325
1097 1181
1133 1181
1147 1324
1328 834
1231 1323
1147 1677
1147 1109
801 1329
1147 1138
1147 1133
1147 1622
1147 1198
1147 224
1260 1225
1321 1324
1147 1330
1147 834
1147 1305
801 1331
1147 1177
1119 1622
1321 1187
1147 1321
1147 1290
1147 1332
446 1132
1147 1052
1142 1266
1147 1187
1147 1318
1326 1321
1321 1677
1317 1324
1356 1332
1356 545
1147 1323
1142 1321
1147 1151
1356 1318
1147 1334
1147 1335
1147 1203
1147 1195
1147 1237
1356 1307
1147 1043
1147 801
1147 823
1082 1172
1356 224
1336 1221
1337 312
1338 1489
1336 1171
1338 1221
1788 1307
1286 1356
1788 1314
1788 1304
1788 1306
1261 1339
1788 1221
1788 1301
1338 1304
1286 1203
1043 1304
1338 1284
1022 1275
1338 1266
1235 1467
1235 1314
1235 1294
1082 1294
1235 1171
1244 1126
1235 1221
1082 1221
1198 1309
1082 1119
1309 1124
1317 1309
1317 1340
1321 1098
35 1323
1341 1240
35 1294
35 1275
1342 1339
1184 24
1341 1126
1342 1866
1005 1343
1378 1324
1005 1172
1340 1294
1478 1198
1119 1110
1147 1346
1478 1294
1005 1478
1347 1052
1478 1324
1147 1348
1478 1177
1478 1052
1133 1348
1455 1171
1005 1038
1455 1722
1210 1110
1478 1306
1478 1348
1082 1349
1225 1348
1161 1478
901 1294
1147 1339
1161 1275
1147 1350
901 1339
901 1116
1035 1351
312 1151
312 1478
1456 1118
1567 823
1567 1325
1231 1866
1110 1866
1293 1083
1170 1294
1147 1141
1147 1022
1147 1352
1147 1353
1147 1176
1145 601
1269 1231
1269 1203
1269 1294
1240 1354
1245 1349
1355 1294
1203 1354
1005 1296
1203 1184
845 1293
1025 1005
1544 1275
1082 1075
1294 1357
1287 1181
1179 1195
1555 1082
1378 1072
1278 1358
1286 1167
1000 1359
1360 1220
1360 1361
1279 1360
1259 1195
1259 1301
13 1362
1293 1363
1316 1052
1364 1198
1364 1544
1364 1110
1210 1290
1306 1231
1210 1270
901 1270
1198 1188
1316 1188
1364 1188
1788 1005
1145 1022
1365 1173
1000 1366
1368 1145
1337 1155
1235 1350
1369 1129
1221 1340
1093 1370
1371 1372
1310 1366
1368 1113
1368 1114
1278 1025
1028 1373
1245 1371
1319 1374
1145 1375
1788 1375
1788 1376
1286 1322
1478 1206
223 1126
1356 1377
1356 1376
1356 1371
1356 1379
1296 1375
1296 1347
1193 1348
1221 1261
1235 1107
1186 1348
1235 1348
223 1348
35 1348
1245 1375
1245 1377
1245 1348
845 1348
1478 1317
1186 1347
35 1349
1231 1348
1478 1098
1326 1478
1022 1184
1296 1022
801 1380
35 1292
1325 1221
1004 1184
1316 1203
35 1296
1004 1348
1245 1292
1325 1381
1186 1265
1211 1138
1043 1317
1533 1382
1533 1383
1533 1377
1533 1375
1533 1202
1533 1325
1533 1093
1533 1109
1533 1279
1533 1384
1533 1611
1533 1589
1533 1052
1533 1079
1533 1138
1533 1348
1533 1059
1533 1261
1533 1369
1533 1195
1533 1317
1058 1347
1211 1348
1058 1079
1611 1349
1211 1317
1533 1766
1119 1325
1211 1218
1355 1383
1364 1324
1245 1376
1211 756
1028 1359
1245 1385
1231 1132
1245 1184
1310 1866
1245 1305
1170 1348
1226 1145
1386 1385
479 1014
1235 756
1235 1209
1296 1240
479 1296
1296 1221
