1899 9015
1347 1058
1103 1296
1075 1082
1000 1387
1000 101
1388 1348
1259 1385
1317 1611
1622 1317
1364 1324
1132 1544
446 1096
1259 1866
1132 1390
1132 1387
1052 1347
1245 1387
1052 1059
1278 1611
1388 1198
1211 1138
1385 1381
1002 1385
1381 1391
1103 1167
1381 1304
1198 1392
1788 856
1245 1184
312 1478
1360 1279
312 1052
1370 1093
1866 1181
1866 1392
490 1231
1151 1325
1392 1393
312 1866
1151 1371
501 212
1151 1589
212 490
1611 1209
1151 1866
1611 1375
1611 1376
1611 1394
1611 1366
1611 1391
1544 1866
1151 1360
1245 1360
1324 1478
1392 1360
1544 1322
1151 1467
1544 1467
1392 1467
1360 1877
1151 101
1360 1395
1396 1381
1396 1392
1396 1294
1396 1866
1397 1136
1151 1392
1392 1398
1119 1622
1151 1399
1097 1181
1270 1210
1147 1722
1147 1401
1147 1016
1147 1544
1147 212
1147 1059
1147 1335
1147 1195
1110 1385
1386 1611
1231 1132
1386 1385
1286 1151
1026 1110
1251 1155
1221 1325
1221 1296
1291 1145
1633 1232
1633 1076
1245 1633
1106 1385
1004 1348
1355 1221
1355 1385
1245 1392
1206 1203
1316 1145
1000 1291
1245 1206
1113 1226
1402 1039
1402 1130
1402 1395
1402 1208
1189 1600
1189 212
35 1348
35 1387
35 1307
1403 1052
1788 1633
35 1187
35 756
35 1195
1356 1404
35 1404
35 1405
35 1478
1286 212
1306 1231
35 1306
1017 1296
1017 1270
35 1399
1260 1116
1260 1294
1788 1393
1355 1866
1355 1294
1355 1126
1406 1355
1356 1376
212 1126
1356 1029
1017 1390
1296 1116
1296 834
1296 1404
1210 1611
1210 1325
35 1467
1052 1355
1478 1405
35 1346
1355 1092
35 312
1478 1106
35 1407
1231 1355
1017 1325
1017 1478
1381 1194
1408 1375
1866 1110
1384 1360
1408 1126
1089 1250
1004 1184
35 1226
1324 1321
1079 1058
1028 1126
1226 1389
1844 1226
1126 1409
0 1319
1126 423
1189 1122
1126 1611
1141 1184
1221 1410
0 1126
1151 1398
1151 1412
1000 1049
1000 1511
1375 1145
1375 1405
1070 1455
1245 1301
1017 1059
1022 1375
1245 1375
1070 1866
1324 1070
35 834
35 1360
1085 1866
1245 1413
1316 1611
1104 490
1004 1221
1373 1025
1373 1028
1373 1822
1356 1413
1197 1226
1104 1206
1104 1362
1356 1222
1107 1399
35 1373
1028 1346
1151 1404
1296 1375
1406 1414
1306 1296
1235 490
1119 1082
1296 1070
1186 379
1235 1265
35 379
1296 1089
1296 1387
1235 1266
1221 1070
1231 1296
1186 1387
1211 534
1211 856
1231 1227
1415 1055
1211 756
1211 1226
1211 1049
1028 1275
1231 834
1028 1416
1079 1104
1338 1151
1338 1221
1235 1107
1356 1306
1388 1229
1326 301
1245 1182
1371 1417
1296 490
212 756
845 1090
1245 1418
1245 1090
1235 1229
1419 1079
1419 1301
1420 1201
1119 1324
1097 1070
1245 1221
1294 901
1478 1294
1138 301
1000 1418
1388 1294
1388 1385
1245 1324
1788 1375
1788 1221
1788 1421
1788 1418
1035 1132
1387 1276
1364 1276
1364 1390
1622 1866
1711 1385
1097 1419
1711 1218
1387 1423
1004 1198
212 1387
1193 1294
1339 1390
1239 1455
1163 1198
1322 1387
1387 1390
1147 1294
1387 1110
1322 1202
1147 1387
1147 1090
1132 1181
1132 1294
1163 1116
1211 312
1211 1090
1017 1163
1611 1299
1788 301
1600 1226
490 1322
1132 1163
1600 1294
1225 1043
1600 1171
1600 1292
1225 301
1163 1385
35 490
1132 1866
1225 1387
1211 1209
35 1209
35 1229
1424 312
35 1090
1235 1294
1424 1079
1279 1301
801 1225
1240 1296
989 490
1324 1176
1396 1425
1478 1456
1455 1418
1296 1229
1788 490
1402 1711
1017 1424
1110 1144
1142 1132
1132 1399
1110 1288
1147 1288
1141 1132
1141 24
1184 24
1390 1424
1296 1288
1402 1144
1402 1296
1195 1390
1402 523
1010 1385
1097 1600
1097 801
1677 1145
1364 1070
1110 1195
1567 1426
1788 1866
1245 1419
1151 1410
1017 1419
1049 1004
1049 1324
1427 1455
1026 212
1296 1184
1085 1288
1126 1288
1455 1362
1455 246
1211 1348
1026 1455
1478 1085
1555 1110
1555 1132
1130 1276
1231 1138
1428 1429
35 1430
1316 1322
1219 1218
1104 1065
1431 1169
1254 1359
1254 1432
1254 1434
1415 1387
1066 1126
1026 1203
1026 1127
1026 1082
1026 1129
1435 1436
1147 1237
1402 1341
1193 1317
1489 301
1259 1288
1399 1339
1126 1296
1028 1437
1324 1202
1028 1359
1028 1438
1070 1304
1339 1342
1339 1261
1017 1324
1339 1439
1203 1049
1203 1866
1203 1339
1203 1195
223 534
1203 1387
1440 1070
1279 1441
1279 1442
1455 1431
1440 1443
1279 1445
1317 1446
1440 1324
1000 1375
1211 1218
1211 1367
1211 1375
1259 1399
1119 1259
1211 1447
1259 1106
1211 1126
1167 1138
1089 1259
35 1375
1440 1387
1440 1221
1004 1448
1304 1043
1147 1448
479 1251
1304 1310
1356 1126
1167 1162
1167 1375
1119 1092
1142 1424
1611 1447
1437 801
1186 1448
1085 1052
1017 1120
1132 1296
1132 1437
1132 1418
223 1448
1286 1844
223 1184
1403 1085
1478 1419
1406 1220
1406 1445
1000 1244
1132 1202
1026 1355
1147 1275
1026 1533
1026 1600
1124 1309
1085 1317
1026 1220
1000 1448
1278 1296
1151 1224
1151 1437
1147 1124
1147 1130
1147 1204
1026 1323
1449 1317
1147 1323
1368 1113
1368 1677
1449 1348
346 1398
1198 1449
1110 1275
1110 1130
1116 1356
1110 1202
1103 1303
1844 1202
1421 1163
1017 1127
1094 1145
1094 1303
1478 1171
1035 1104
1133 1224
679 690
1419 1450
1478 1304
1245 1348
1171 1455
1350 1110
1356 1348
1245 1451
223 1221
223 834
35 1130
1203 1221
1364 1110
223 1323
223 1124
35 1303
1245 1789
223 1237
35 1237
46 1866
1110 1421
1189 1235
223 1421
1026 1452
223 468
1451 1392
1000 1453
223 1171
1189 1453
35 1421
845 1362
1203 1275
1392 468
1419 1348
35 1332
1110 1304
35 1224
1392 1221
1189 1358
1361 1360
35 1453
1203 1332
1110 1221
1789 1449
1260 1275
1454 1110
1392 1453
1203 1224
1245 1453
1110 1224
1203 1354
1110 1453
1110 1457
1244 35
1419 1392
1244 1392
1451 1422
1419 1398
1325 1275
1451 1110
1419 1151
1421 1203
1260 1453
1150 312
1361 1294
1198 1202
1198 1367
1198 1325
1198 1294
1110 1294
801 1348
24 1877
1110 545
1198 1124
1286 1198
1000 1458
1026 1198
1203 1453
1142 1198
1198 1387
1203 1361
1788 1458
1419 1459
1097 1082
1451 212
1130 1106
1150 1155
1189 1458
1361 1275
1151 1275
1440 1244
1130 1055
490 468
1788 1348
1082 1375
1788 1361
1202 1130
1198 1239
1788 1325
1419 1453
1104 1284
223 1375
1198 1361
1788 1453
1788 1244
1198 1220
1361 1220
1419 1387
1203 35
845 1460
1203 1284
1000 1323
1203 1375
1368 1035
223 1224
490 1413
1455 1322
1198 1236
1198 690
1198 1461
1555 212
1555 1198
1462 1092
1406 1195
1406 1304
1462 1082
1406 1226
35 1413
35 1458
1245 1460
1179 1429
1455 1390
1421 823
1179 1447
1339 901
1179 1323
1421 1463
1259 1224
1589 1451
1244 523
523 1052
1059 1426
1413 1888
1462 1132
845 1453
823 1079
1151 1464
1478 1464
1301 1465
1478 1259
1406 1364
1147 1339
1462 1164
1412 1464
1466 1224
1147 1453
1147 1225
1478 1345
1466 1218
1466 1464
1147 1464
1468 1151
1147 1101
1147 1466
1406 1464
1059 1464
845 1464
1264 1263
1264 1766
1469 1589
1245 1466
1533 1453
1533 1464
1470 1471
1189 1472
1473 1474
1017 1002
1453 1145
1392 1464
1440 1124
1440 1301
501 523
1440 1464
1175 1002
357 35
357 1443
357 1288
1466 1288
1475 1092
1189 1397
1475 1589
1475 1132
1026 1322
1476 1122
479 35
1232 1121
1232 1218
1232 1195
1017 1466
1228 1227
1448 1043
1123 35
1451 1220
1477 1866
1567 1479
1451 1478
1356 1458
1089 1479
1480 1448
1480 1322
1250 1464
35 545
35 1448
1402 1478
1097 1250
1309 1449
1126 1118
1097 1309
1481 1464
1481 1447
1481 1451
1481 1482
1167 1437
1462 1126
1477 1317
1788 1464
1050 1437
1483 1292
1483 1275
1866 1106
845 13
1361 1074
1378 1296
1151 1484
1231 1309
1309 1348
1004 1474
1440 1218
1149 1296
1361 1485
1406 1485
1406 1486
1406 1361
1189 1484
1460 1487
1179 1485
1488 1866
1484 1490
1484 1464
1844 1485
1445 1485
1491 1484
1220 1360
1485 1492
1406 1423
1406 1130
1486 1360
1406 1143
1226 1082
1491 1493
1491 1367
1494 1485
1361 1444
1250 1317
1445 1361
490 1495
1286 1072
1259 1227
1259 1464
1145 1496
1145 1485
1496 1455
1496 1445
1496 1485
35 945
1454 1496
1104 1487
268 1866
1317 1104
1788 1485
1149 1496
1403 1177
1097 268
1149 1497
1402 268
1149 268
1440 1177
35 1225
1498 1497
1402 1447
1498 1496
35 923
1225 1361
1498 1147
1455 1452
1499 35
1455 268
1499 1147
1035 1147
1499 1455
1321 1187
1321 1455
1498 1501
1437 268
1454 1167
1321 35
1498 1877
1286 35
1445 1502
1097 35
1499 1321
1498 1072
1427 1147
1022 1184
1149 1102
1503 1149
1245 1498
1455 1446
1503 1321
1149 1544
1097 1147
1149 1197
1149 1766
1498 1504
1498 1098
1149 1504
1167 1348
1147 1450
1505 1184
1503 1026
1316 1321
1317 1348
1503 1506
1259 1221
1507 1589
1498 24
1507 1110
1005 1437
1005 1151
1005 1296
1455 1503
1005 1118
1149 1110
1005 1127
1147 1307
1361 1304
1507 1026
1207 1324
1427 1085
1507 1498
1507 1149
1361 1207
1035 1085
1454 1147
1498 1611
1082 1508
1480 1147
1033 1147
1611 1475
1470 1485
1085 1498
1611 1464
1509 1486
1189 1077
1509 1361
1486 1510
1361 1510
1509 1198
1498 457
1082 1503
1485 1510
1324 1444
1324 1292
1507 1512
1478 1197
1478 690
1509 1485
1509 1220
1324 1209
1324 1418
1324 1229
1226 1478
1507 1035
1507 1513
1324 1498
1507 1508
446 1427
1269 1149
1509 1510
1211 1317
1097 1611
1028 1485
1442 1496
1442 1356
1509 1445
1441 1442
1244 1167
1085 1485
1085 1424
1085 1110
1085 1513
1085 1275
1085 268
1211 13
1085 1060
1085 135
1085 1430
1085 1266
1085 1197
1028 1317
1085 1514
1085 1324
1085 1515
1085 1677
1085 1506
1085 1512
1085 1220
1085 1198
1085 1147
1085 1426
1085 1322
1516 1361
1085 1392
1510 1110
1085 1451
1085 1325
1085 1589
1085 1028
35 1121
1085 1408
1203 1514
1085 1510
346 1498
1085 1121
1085 1348
1085 1059
1085 35
1085 1486
1085 1151
1085 1445
1085 1405
1496 1202
1085 1043
1085 801
1085 1437
1085 1370
1516 1043
1028 13
1888 1485
1043 1485
1498 1325
1427 1514
1211 1485
1406 1478
301 1317
1026 1429
1516 1324
1470 1348
1170 1005
1509 1360
1097 1510
1514 1589
1516 1072
35 1489
1477 1005
1072 1171
1451 1505
1498 1322
1072 1339
1517 1518
1509 1177
1517 1519
1077 1498
1085 1520
1517 1496
1521 1523
1085 1524
1517 1525
1085 1526
1517 1527
1072 1485
1517 1528
1085 1529
1517 1506
1517 1492
1530 1520
1517 1486
1517 1485
1517 1501
1517 1531
1517 1532
1085 1503
1517 1490
1517 1493
1254 1503
1085 1497
1517 1534
1517 1535
1361 1240
1517 1536
346 1375
1477 1451
1516 1514
1455 1098
1361 1364
1537 1072
1203 1537
845 1317
1477 1524
1177 1517
1077 1074
223 13
1462 1085
1077 1171
1072 1172
1455 1460
1473 1529
501 1321
1462 35
35 1537
1077 1322
1516 1296
1455 1600
1077 1059
1454 1358
1077 1121
1516 1888
223 1520
1462 1110
1097 1340
1362 1005
1538 1126
1340 1317
1245 1520
1325 1005
1072 1453
1324 1455
1537 1110
1340 1275
223 1677
1097 1121
1611 1600
1475 1296
1025 1005
1475 1363
1356 1139
1406 523
1072 1121
35 1539
1259 1005
1321 1139
1147 1539
1142 1455
1340 1520
1097 1537
1097 1361
1406 1540
1491 1304
1475 1168
1462 1611
1373 1356
1475 1072
1065 1460
1788 1677
1340 1371
1555 1455
1788 1501
1788 1496
1475 1541
1503 1151
1321 1026
1475 1501
1514 1126
1496 1220
1406 1348
1788 1520
1406 1516
1788 1498
1406 1496
1491 1525
1149 1501
1097 1514
1499 1503
1499 1324
1142 1141
1589 1542
1142 1151
1161 312
1475 1330
1097 1437
1543 690
1141 1151
1475 135
1277 1496
1277 1279
1426 934
901 1184
1525 1484
1543 1239
1611 1545
1543 357
1546 1442
1149 901
1844 1547
1110 1498
1507 1537
1330 1520
1544 1122
1077 1110
1388 1262
1065 1206
1141 1611
901 1453
1360 1496
1360 1502
1498 1766
1278 1270
1330 1275
901 1141
901 1229
1251 1274
1513 1866
1548 1249
1513 1498
1462 1249
801 1549
1360 1442
1484 1383
1548 1589
1491 1162
1491 168
1059 1498
312 1550
1491 1451
1220 1445
1277 1360
1151 1492
1026 1052
1406 1224
1460 1206
1259 1206
1070 1464
1489 1844
1442 1412
1340 1141
1340 1548
1340 13
1340 1442
1340 1206
1589 1541
1149 1877
845 1065
1551 1589
1180 1520
1151 1548
1551 1501
1070 1552
1390 1130
1552 1026
1322 1548
1002 1055
1544 1464
1548 1005
1478 1553
1552 1498
1249 1516
1529 1554
1070 1314
1070 1219
1589 1553
1406 1395
35 1548
1406 1502
1244 1052
1553 35
1249 1556
1070 1498
1553 1079
1368 1147
1498 1229
1286 1470
1170 1520
1788 1548
1147 1122
1147 1526
1245 1362
1855 1478
1533 1268
1533 1548
1085 1070
1085 1557
1085 1553
1085 1552
1085 1558
1085 1559
1085 1545
1085 1541
1085 1560
1085 1540
1085 1561
1085 612
1085 1544
1419 1498
1562 1026
1266 1110
1189 1249
1061 1251
1563 1147
1147 1121
1227 1296
1144 1390
1111 1516
1440 1498
1227 1370
1563 1259
1440 1529
1227 856
1227 1540
1147 1441
1227 1226
1546 1145
1546 1486
1166 1275
1546 1367
1546 1220
1499 1070
1166 1564
1166 1337
1564 934
1546 1564
1546 446
1164 1035
1360 1510
1207 1070
1207 1552
1406 1237
523 1177
1052 1221
1474 1423
1355 1474
1355 1564
1552 1324
1355 1360
1666 1677
1035 1666
1499 1492
1454 1666
1499 1552
1499 1355
1475 1077
1475 35
1475 1408
1070 1453
1537 1164
1537 1479
1565 1062
1537 1259
1537 1766
1537 1294
1507 1548
1325 1453
1166 1485
1142 1545
1166 1110
1142 1521
1166 1453
1166 1139
35 1280
1485 1554
35 1565
1166 1280
1445 1510
1203 1139
35 1139
1103 35
1546 1130
1097 1259
1568 1324
1097 1466
1189 1142
1406 1279
1189 323
1440 1474
1440 1564
1259 1453
1324 1266
1402 1537
1569 1324
1402 1167
1189 1102
1324 1503
1324 1219
1569 1072
501 1072
1402 1445
1537 1249
1537 1405
1151 1426
1077 1453
223 1321
1440 1537
223 1385
1537 1570
1026 1571
1390 1474
1017 35
1563 1600
1572 1026
1572 1589
1563 1505
1360 1082
1551 1166
1888 1677
1552 1321
1435 1154
1573 601
1327 1574
1440 1552
1551 1082
1788 1103
1505 1485
1505 1397
1505 1575
1542 1149
1572 1575
1542 1275
1445 1360
1167 1575
1542 1575
1180 1453
1235 1480
845 1575
1542 1026
845 934
1421 1002
1542 1565
1235 1275
1542 1425
1543 1078
1475 1235
1543 1553
1542 1423
1475 1126
1510 1164
1164 1102
1235 1548
1498 1381
1437 1164
1498 1460
1440 1237
1235 1498
1440 1575
1788 1576
1235 1360
901 1866
1611 1575
1611 1576
1235 1453
1355 1575
1611 1565
1235 1039
1505 1367
1563 1611
1577 1554
1316 1235
1368 1498
1302 1242
1573 1575
1573 1579
1242 1262
1245 1575
1521 1249
1186 1521
1186 1580
1186 1453
1094 1014
1235 1149
1235 1489
1459 1119
1167 1564
1361 1564
1361 1229
1572 1581
1097 1459
1572 1580
1498 1149
1582 934
1582 1052
1094 1506
1203 1217
1028 1581
1180 1888
1582 1583
1235 1521
1582 1581
1145 1580
1582 35
1582 1180
1145 1576
1581 1455
1582 1145
1582 1584
113 1498
1582 1585
1543 1203
1582 778
1582 57
1582 1188
1581 1026
1582 801
1582 623
1582 1586
1582 1587
1582 1059
1094 1571
1582 24
1582 1235
1094 1588
1094 1590
13 934
1094 1452
1546 1521
1094 1505
1582 1325
301 1575
1094 1455
35 1581
1235 1591
1460 1592
1460 1362
1486 1593
1582 301
1582 1594
1050 923
1260 13
1217 1094
1010 1537
1588 1187
1325 1229
1551 35
1164 1492
1551 1588
1563 1564
1478 1052
1581 1588
1453 1164
1244 1002
1595 1221
1413 1179
1028 1094
1595 1464
1595 1575
1244 1611
1596 1866
1131 1142
1209 1229
1593 1510
1596 1142
1788 1565
1161 1194
1082 1164
1788 1580
1597 1413
1598 1581
1017 1385
1598 1580
1454 1611
1572 1489
1390 1442
1598 1412
1598 1599
1598 1601
35 1602
1603 1049
35 1441
1489 1594
1365 1505
1489 1588
1597 1119
1102 1159
1102 1142
1475 1361
1604 1413
1604 1581
1597 1442
1070 1600
1598 1489
1475 1309
1072 1413
1097 1365
1548 1119
1489 1004
1598 1237
1074 1166
1103 1074
1489 1595
1546 1485
1597 1221
1000 1158
1002 1195
1523 1595
1597 1605
1498 1596
1171 1261
1489 1138
1542 1317
1598 1475
1462 1766
1171 1606
1505 1580
1600 1485
1589 1505
1361 1218
1092 1102
1462 1142
1520 701
1089 1098
1475 1164
1462 1484
1475 1142
1600 1221
1198 1607
1498 1296
1462 1198
1600 1301
1600 1224
1600 1520
1552 1304
1475 1149
1489 1217
1608 1486
1462 1072
1498 1082
1002 1609
1610 1474
1179 1475
1473 1612
1179 1492
1475 1600
1498 1217
1491 1275
1498 1392
1462 1596
1277 1445
1611 1304
1600 1304
1610 1455
1498 1459
1413 301
1325 1141
1149 1588
1598 1149
1445 1437
212 1475
1392 1301
24 1149
1392 1070
1151 1506
24 1866
1277 24
1151 1381
1141 1596
1844 1581
1505 24
368 1275
1551 1392
1437 1610
1613 1392
1220 1608
1486 1395
1392 1437
1325 1294
1360 1593
1079 1052
1604 1348
1303 1614
1303 13
1303 1141
1303 1121
1119 1050
1378 1151
1424 1498
312 1584
1151 1615
1151 1575
1507 1367
1498 1844
1498 1616
1303 1498
0 1149
1533 1229
1551 1147
1269 1121
1355 1141
1355 1130
1355 1079
1017 901
1185 1385
1116 1360
1096 1580
1610 1617
1510 1492
1375 1618
1361 856
1072 1085
1619 1036
1582 1193
1582 1611
1582 1203
1582 1546
1582 1104
1489 1361
1582 1533
1582 1620
1217 1122
1582 1608
1582 1609
1475 679
1303 1475
1582 1596
1475 268
1582 1590
1582 1574
1582 1612
1582 1621
1582 1623
1582 1624
1079 35
1582 268
1582 1070
1582 1151
1582 679
1582 1303
1582 1220
1462 268
1582 1789
679 1036
1582 1166
1888 1005
1555 1597
1555 1510
1625 1348
1505 1866
1516 1609
1505 1516
1610 1164
1610 1142
1610 1132
1509 1593
1203 1294
346 1626
1170 1437
1203 1325
1203 1626
1567 1789
1153 1443
1153 1475
1627 1610
1627 1628
1563 1613
1514 1629
1026 1630
1514 1575
1322 1626
1424 1514
1626 1631
1631 1613
1072 1563
1788 1413
1788 1563
1581 1631
1631 1322
1631 1501
1245 1615
1236 1499
1360 1443
1277 1395
1392 1142
1177 1626
1225 1610
1132 1632
1473 1132
1145 1626
1505 1151
1316 1133
1316 1505
1546 1445
1498 1236
1504 1631
1498 1195
1484 1275
989 1576
1408 13
1361 13
989 1202
1613 1026
1316 1613
1316 1554
1498 1088
1498 1414
1888 601
923 1088
1634 1316
1505 1226
1505 1364
1572 1350
1572 1079
1445 1237
1122 1888
1505 1475
1635 1619
1505 1626
1505 923
1245 1618
1498 1399
268 13
1546 1636
268 1580
1498 1412
1025 1452
1066 1316
1580 1397
1316 268
1237 1492
1498 1351
1498 1169
1486 1636
1498 1115
1419 1637
1611 1626
1440 1631
1419 1626
1440 923
1000 1638
1440 1350
1440 1294
1025 1448
1339 1082
1245 934
1604 1226
1356 1520
1604 1485
1555 1625
1604 1385
1555 1622
1437 1589
1462 1475
1316 1503
1065 1205
1485 1609
1211 1171
1111 1519
1631 1485
1546 1580
1546 1631
35 1631
1595 1316
1203 1580
1203 1499
35 1580
1203 1385
1203 1266
1388 1639
1225 1203
1072 1123
1460 1104
1203 1631
1203 1640
1641 1640
1503 1631
1543 1478
1503 1606
1503 1591
1364 1855
1611 1631
1004 1387
1543 1316
1450 801
1082 1142
1082 1092
1321 1631
1082 1132
1082 1102
1082 1159
1589 1642
1010 1589
1287 1580
1572 1631
1572 1226
1245 1643
1572 1119
1355 1447
1572 1855
1355 1194
1642 1416
1610 1390
1355 446
1355 1631
1144 1165
1543 1589
1636 1631
1000 1580
1604 1631
1604 1119
1604 1499
1604 1294
1132 1643
1572 1640
1336 1453
1645 1294
1004 1450
1844 1516
1588 601
1642 1028
1186 1626
1645 1119
1451 1142
1167 1229
1677 1646
1627 1437
1543 24
1611 1639
1462 1169
1600 1626
1516 1167
1131 1503
1186 1631
1480 1647
1648 1236
1082 1636
1642 1649
24 1631
1503 1649
1610 1126
1245 1588
1072 1181
1649 1650
1462 1358
1321 1626
1503 1537
1321 1581
1651 1236
1462 1235
1651 1648
1844 1447
1097 1652
1203 1635
1336 1649
934 1221
1336 1581
1627 1653
1654 1464
1235 1464
1610 1653
1035 1321
1447 1130
1462 1505
1636 1485
1235 1631
1636 1322
1440 1649
1447 1106
1503 1197
1203 1600
1167 1447
1440 1642
1636 1414
1598 1636
1635 1220
1406 1636
1656 1245
1167 1635
1656 1643
1636 468
1503 1657
1231 1658
1503 1789
1235 1225
1245 1659
1598 1464
35 1447
35 1649
1563 1325
1494 1519
1626 1235
1503 1317
1383 1533
1235 1660
1235 1659
35 1383
1626 1507
1661 1662
1235 1651
1235 1649
1133 1485
1026 1634
312 1203
1604 1659
1503 1640
1662 1659
1130 1659
1546 1414
1017 1321
1414 1279
1321 1789
1598 1631
1572 1475
1646 1039
1505 601
1342 1453
1626 1149
1360 1636
1663 1239
1663 246
1342 1510
1626 1133
1321 1580
1321 1498
1572 1664
1483 1520
1663 68
1598 1664
1494 1642
1665 1202
1569 1646
1171 1218
1551 1658
1546 1664
1171 1142
1503 1514
1171 1628
1133 1639
1371 1334
1543 1663
1569 1505
1514 1453
1116 1203
1171 1276
1371 1245
1569 1039
1371 1356
312 1488
1082 1442
1572 1651
1483 1866
1569 235
1097 1342
1569 1180
1392 1659
1017 1239
1392 1521
1667 1171
1392 1664
1107 1166
1514 1521
1604 1107
1026 1277
1514 1383
312 1392
1378 1503
1636 1664
1668 1371
1610 1628
1068 1677
1325 1442
1116 1068
1068 1348
1543 1669
1507 1631
1503 1580
1635 1325
1326 1437
1326 1658
1503 1660
1321 1521
1370 1453
1454 1383
1604 1660
1788 1664
1321 1664
1068 1242
1788 1626
1604 312
1604 1242
1788 468
1077 1381
1321 1270
1604 13
1301 1110
1604 1474
1604 1301
1211 1301
1211 1659
1604 1275
1161 1275
1670 1240
1552 312
1552 1866
1414 1445
1552 1474
1670 1182
1552 1245
1552 1082
1552 1104
1552 1323
1147 1485
1147 1474
1147 1659
1147 1627
1147 1591
1591 1658
1474 1482
1591 1322
1406 1627
1474 1671
1070 1474
1627 1464
1582 1392
1582 1492
1321 1677
1484 1650
1602 1139
1581 1626
1245 1671
1245 1627
1385 1658
1342 1398
1582 1153
1097 1671
1097 1460
1582 1245
1145 1656
1437 1672
1017 1671
1342 1119
1673 1619
1625 1098
1563 1501
1543 1142
1170 1453
1563 1039
1123 1239
1170 1674
1440 1133
1473 1195
1296 1563
1133 1367
1133 1675
1378 1068
1402 1235
1675 1360
1203 1676
1203 1675
1203 1098
1026 1147
1203 1639
1035 1483
1035 1505
1035 1542
1035 1203
1397 601
1582 1419
1582 1597
1628 1218
1582 1505
1582 1483
1582 1322
1582 1147
1440 1660
1462 1605
1147 1640
1582 1321
1147 1631
1440 1453
1581 989
1147 1660
1164 1643
1440 1383
1147 1639
1645 1383
1440 1061
1119 1147
1147 1675
1533 1677
35 1591
35 1676
1296 1294
1026 1639
1595 1588
1462 1159
1679 1640
1680 1642
1147 1301
1477 1221
1477 1348
1477 1660
1552 1630
1573 1664
1167 1681
1573 1682
1440 1683
1179 1681
1681 1636
1627 1423
1118 1489
1680 1147
1576 1039
1326 1151
1326 1005
1316 1507
1533 1675
1316 1039
1788 1089
1788 1659
1788 1660
1788 1675
1788 1681
1480 1649
1611 1664
1277 1672
0 512
1403 1643
1475 1052
0 656
1422 1576
1350 1646
1422 1681
1072 1243
1684 1245
1422 1675
1548 1475
1548 1210
1546 1475
1189 1505
1684 1058
1684 1151
1310 1685
1684 1686
1684 1656
1061 1687
1688 1151
1361 1676
1684 490
1688 1102
1485 1672
1573 1121
1690 1177
1414 1672
1454 1245
1094 1026
1170 1394
1170 1564
1094 1499
1068 1119
1153 1141
1245 923
1153 1675
1153 1660
1684 1094
1245 1640
1641 1613
1645 1195
1153 1649
1287 1061
1454 1068
1645 13
1645 1475
1399 1671
1646 1194
1543 1583
1501 1659
1645 1141
1097 1287
1581 1501
346 279
1186 1659
1378 1661
1186 1237
268 1453
268 1581
1186 1121
1489 1397
1691 1207
1495 1692
1572 1693
1691 1433
1572 1675
1684 1475
1680 1138
1460 1694
1684 1068
1546 1516
1287 1195
1170 1194
1287 1660
1573 1581
1194 1695
223 1660
1122 357
1170 1695
1360 1485
1294 1308
35 1294
1167 1695
1132 612
1186 1696
35 1697
1186 1698
1516 1636
1186 1675
35 1695
1245 1691
1245 1613
1122 1694
1551 346
1645 1485
223 1132
1460 634
223 1109
1604 756
1604 1126
1342 1695
1645 1301
1495 1611
1440 1695
1440 1696
1611 1301
1640 1325
1640 1643
1194 1266
1640 1104
1171 1611
1203 1412
1670 1661
1501 834
1480 1203
1480 1699
1480 1392
1092 1492
1475 1605
1595 1397
1221 1453
1092 1287
1221 1287
1203 1287
1516 1492
1221 1501
1652 1675
1652 1672
1210 1356
1111 1221
1111 1563
1315 1576
801 1701
1390 1277
1315 1646
1702 1684
1180 1695
1543 1132
1544 1453
1132 1671
1475 1014
223 1475
1066 1475
1066 1516
1066 1294
1699 1703
1462 1145
223 1704
1462 1039
1563 1169
1543 1350
1704 1705
1704 1151
1699 1706
223 1706
1462 1005
1170 1498
1118 1704
1316 1513
1568 1544
1704 1111
1568 1485
1568 1516
1604 1516
1543 1533
1707 1694
1639 1381
1708 1467
1604 1576
1604 1635
1035 1516
1573 1706
1408 1437
1604 1317
1652 1660
1218 1667
1788 1026
1145 1706
1498 1671
1186 1576
1066 1521
1066 701
1709 1855
1710 1699
1572 1462
1068 1498
1392 1696
1712 1194
1707 1145
1543 1408
1563 1498
1462 1600
1498 1755
1663 1600
1555 1342
1498 1631
1563 1317
1339 1713
1475 1789
1543 1516
1505 1581
1068 1589
1505 1222
1068 1079
1068 1385
1132 1704
1533 1706
1630 1070
1588 1626
1505 1444
1533 1685
1483 1171
1505 1123
1505 1209
1235 1499
1068 1475
1498 1588
1544 1714
1543 1715
1543 1566
1576 1408
1505 1221
1000 1373
1544 1675
1505 1521
1235 1485
1544 1317
1235 1068
1680 35
1716 834
1068 1317
1235 1576
1505 1576
1505 1453
1235 1581
1755 1317
1235 1307
1010 1498
1451 1235
1788 1546
1254 1317
1010 1704
1551 1235
1279 1672
1498 1626
1174 1173
1392 1626
224 1037
1462 1408
223 1442
223 446
1361 1714
1462 1111
1613 1464
223 1626
1462 1672
1445 1717
223 1855
223 1712
1005 1718
1331 224
1440 1714
1546 1672
1303 1539
668 1498
1572 1717
1462 1451
223 1554
1342 1713
1193 1696
223 1630
1462 1303
1005 1543
1483 1677
1147 1649
1719 1174
1720 1505
1110 1717
1540 1588
223 1546
1462 1501
35 1721
1119 1426
1489 1680
35 1723
1462 1281
1475 1553
1543 1724
1582 1725
35 1724
35 1726
1726 1429
1844 1626
1726 1675
1281 490
1235 1350
1203 1704
1074 1322
1005 1704
1203 1717
1005 1440
1569 35
1203 1727
1569 1004
1728 1687
1569 1203
1462 1203
1726 1659
1281 1626
1005 1406
1788 1074
1350 1588
1788 1171
1788 1727
1445 1672
1325 1704
1462 1546
1717 1220
35 1717
1569 1322
1844 834
1393 1501
1729 1442
1730 1866
989 1649
1582 1342
1631 1588
1622 224
1627 1276
1724 1731
1136 1147
1552 1695
1552 1704
1552 1659
1552 1714
1513 1639
1688 1168
1688 1704
1132 1136
1132 1732
1589 1569
1309 1712
1245 1697
1028 1721
1028 1695
1111 1734
1361 1717
1735 690
1735 1543
1735 1736
1392 1599
1498 1544
1713 1390
1269 1367
1005 1206
1005 1184
1005 1016
1005 1628
1269 1171
1017 1712
1017 1009
1712 1166
1712 1639
1712 1348
1132 1093
1269 1597
1576 1588
1164 1646
1177 1358
1269 1475
1737 1720
1278 1235
1171 1553
1582 1844
1495 1281
1164 1652
1582 1460
1582 1440
1671 1288
1475 1451
1203 1713
1189 1709
1475 1738
1533 1726
1167 1726
1167 1180
1000 157
1378 1730
1378 1739
1740 1485
1589 1741
1572 1736
1572 1731
1167 1387
1287 1206
1572 1721
1742 1569
1589 1164
1475 1078
1705 1696
1126 1704
1078 1704
1707 1203
1712 1221
1311 1419
1287 1704
1311 1694
1730 13
1730 1005
1716 1576
1552 1661
1552 1726
1118 1657
1118 1206
1413 1361
1118 1184
1118 1717
1498 1503
1225 1317
1716 1447
1743 1572
1743 1505
1611 1745
1611 1723
1611 1221
1743 1543
1746 1589
1743 1145
1717 1746
1611 1288
1743 1167
1743 1186
1746 1066
1746 1625
1435 1066
1028 1747
1645 1576
1169 1748
1645 1660
1543 1434
1670 1748
1572 1703
1145 1104
1145 1367
1145 1492
1145 1501
1645 1145
1145 612
1552 1453
1145 1544
1145 1572
1402 1145
1645 1675
1454 1145
1645 1516
1743 1132
1743 1552
1743 1151
1392 1181
1378 1392
1645 1737
1189 113
1563 1497
1462 1179
1339 1749
1336 1576
1563 1110
223 1277
1059 1704
1788 1224
1145 1456
1278 1645
1750 1361
1788 1475
1712 1119
1788 1717
1788 1411
1161 1552
1462 1456
1127 1717
1450 1523
1342 1704
1639 1262
1402 1441
1551 1342
1751 1716
1277 346
1402 1540
1595 1598
1591 1752
1591 1220
1552 1005
1149 679
1002 1639
1385 1639
1028 1753
1161 1704
1572 1724
35 1753
223 1580
1712 1723
1238 1643
845 1704
1670 1651
1645 1275
1754 1704
1639 1420
1639 1041
1403 1639
1639 1242
1639 290
523 1002
1179 1324
1533 1149
1533 1747
1473 1639
1582 1179
1582 1572
1085 1475
1568 1406
1582 1022
1645 1210
1498 1756
1645 1866
1449 1639
1582 1010
1788 1138
1582 1730
1788 1589
1582 1513
1788 1747
1580 1166
1153 1639
1582 1645
1327 1645
1645 1348
1645 1229
1245 1339
1310 1453
1711 1717
1582 1788
1669 1724
1757 1866
1645 1149
1588 1747
1757 1348
1604 1626
1645 1317
1179 1758
1116 1712
1604 1138
1759 1645
1760 1761
346 1760
1189 1645
1652 1726
223 1462
1652 1141
1762 1630
1645 1462
1179 1745
1475 1238
1245 1468
1483 1563
1712 1763
1189 1000
1000 1516
1543 1750
1072 1760
1764 1325
1543 1569
1189 1068
1712 1453
1189 1765
1712 1498
1189 1452
1388 1462
1759 1171
1451 1072
1759 1580
1072 1229
1759 312
1498 1111
1551 1645
1498 1640
1604 1367
1406 1325
1639 1201
1712 1767
1462 1768
1639 1769
1462 1712
1245 1748
1645 1387
1769 1449
1769 1385
1068 1245
1770 1769
1771 1119
1726 1772
1757 1501
1059 1291
1079 1165
1235 1773
1772 1675
1059 1221
1235 1540
1235 756
1772 1429
1235 1717
1415 1244
1235 1202
1235 1394
1235 257
1235 1774
1235 734
1235 1689
1235 1447
1235 1444
1235 1277
1235 1769
1235 1633
1235 1207
1716 1149
1235 1416
1235 1084
1235 1737
1235 1292
1235 334
1235 1775
1235 1713
1235 13
1235 1257
1235 1751
1788 1079
1235 1012
1235 1190
1235 1776
1235 1753
1235 90
1235 1218
1059 1119
1235 601
1235 1425
1235 1387
1235 1255
1501 1772
1235 157
1235 1364
1235 1343
1235 1681
1235 1778
1235 1299
1235 1359
1235 1779
1235 1140
1235 1780
1235 1676
1235 1781
1235 1283
1235 1500
1235 1782
1235 1783
1235 1696
1235 1723
1235 1305
1005 1363
1235 1301
1235 1457
1235 1539
1235 1214
1235 1784
1235 1747
1235 723
1235 1375
1235 1785
1235 1537
1005 1288
1235 1786
1235 112
1235 1736
1235 645
1235 1615
1235 1787
1235 1224
1235 1371
1005 1050
1453 1005
1235 1569
1235 1699
1235 1282
1396 1437
1235 1866
1235 1366
1396 1119
1235 1376
1235 1580
1235 1790
1235 1791
1396 1010
1235 1664
1235 1733
1235 1606
1716 1171
1235 1222
1235 1116
1235 1792
1716 756
1716 1646
1235 1675
1396 1717
1716 1360
1235 1706
1235 556
1396 1737
1716 1119
1235 1187
1235 1105
1235 1724
1793 1669
1235 1011
1235 1794
1235 1247
1235 1619
1716 1581
1235 1795
1235 1318
1235 1423
1235 1605
1235 1121
1235 1441
1737 1796
1235 390
1235 1697
1235 1727
1235 1128
1235 1438
1235 1458
1235 1069
1235 1797
1235 101
1235 1547
1396 1453
1235 1339
1235 579
1235 1567
1235 1714
1235 1274
1235 1150
1235 812
1235 1136
1235 1418
1235 1407
1235 568
1336 1660
1235 1575
1235 1648
1235 1391
1235 1798
1235 1288
1235 1704
1235 1799
1235 1393
1235 1801
1235 1640
1235 1291
1235 1432
1235 1471
1235 1802
1533 1791
1235 1564
1235 1237
1336 1717
1235 1304
223 1145
1235 545
1235 1437
1235 1749
1639 1770
1688 1235
1688 1803
1688 1804
1717 1625
1726 1428
1498 1771
1245 1791
1568 1235
845 1119
1542 1119
1005 1804
1371 1594
1327 1235
1771 1804
1005 812
1010 1453
1309 1805
812 1621
1688 1771
1104 1704
1035 1235
1806 1760
1026 1181
1806 1039
1133 1026
1000 1747
1551 1759
1005 1235
1005 1010
1005 1104
1716 1747
1466 1453
1584 1660
1771 1005
923 1479
1642 1572
923 1807
1642 1167
1019 1005
1325 1791
1480 1005
1373 1750
1454 1235
1543 1036
1642 1448
1533 1458
1026 1499
1533 1808
1480 1453
1485 1608
1005 923
923 1059
35 1713
35 1760
35 1639
1059 1151
1806 1485
1716 1760
35 1589
1010 1742
1221 1005
1762 1026
1639 1192
1096 1793
1809 1576
1611 1453
1611 1760
1611 1360
1316 1174
1316 1588
1642 1480
1704 1398
1133 1704
1572 1810
1133 1804
1133 1731
1186 1210
1364 1423
1688 1059
35 1210
1812 35
1145 1206
1035 35
1165 1294
35 1339
1384 1279
1769 1813
1769 1041
1005 1342
35 1605
346 1605
1712 1294
1769 1381
1769 1814
1591 1815
1769 1220
1642 1699
1269 1387
1543 1815
1543 1642
1005 1866
1642 1760
1066 1580
1642 1326
1588 1720
1813 1385
1816 1588
1707 1817
1278 1588
1480 1588
1278 989
1642 1816
1109 1479
1743 1235
1743 1028
1743 1546
1269 1226
1002 1202
1716 1226
1002 1760
1804 1002
1804 1356
1145 1818
501 1588
1804 1766
1385 1819
1804 1694
1804 1166
1555 1552
1804 1672
1804 1888
1804 1245
1804 1059
1804 1588
1278 1028
1694 1817
1278 1716
1818 1151
568 1797
1820 1325
1820 1245
1611 1413
1820 1671
1132 1821
1132 1823
1005 1304
1096 1816
1132 1824
1820 1005
1132 1748
1132 945
1110 923
35 1825
1479 1516
1479 1315
1816 945
1816 1712
1674 1804
1410 1866
1826 1793
35 1823
1674 1294
1827 1866
1356 1810
1070 1828
1820 1603
1002 1820
1259 1218
1259 1642
35 1659
1259 1717
1866 1002
1189 1716
1408 1818
1543 1226
1669 1166
1312 1480
1737 1452
1552 1829
1053 1580
1543 1793
1755 1226
1132 1072
1220 1243
1132 1053
1588 1681
1133 1830
1480 1716
1151 1816
1151 1659
1613 1580
1844 1831
1595 1820
1827 312
1671 1453
1827 1275
1827 1301
1498 1832
1806 1226
801 1453
1151 1760
1705 1649
1151 1634
1132 1498
1611 1834
1831 1151
1201 1098
1663 1590
1543 823
1498 1184
1132 1413
1498 1834
1132 1269
1498 1356
1498 1594
1835 1696
1835 1818
1836 1513
1836 1507
1836 1837
1836 1512
1151 1835
1838 312
1572 1816
1645 1218
1759 1039
1645 1820
1645 1360
1104 1119
1408 1360
1408 1284
1839 1484
801 1498
1173 1365
1173 1557
1173 1840
1173 1841
1173 1844
35 1218
35 1173
35 1842
934 1820
1145 1834
1688 1426
1480 1551
1838 1226
1843 1089
1806 1791
1712 1804
1010 1284
1303 1804
1316 1730
1806 1820
1843 1010
1597 1498
1806 1516
1089 934
1645 812
1806 1275
1806 1773
1118 1284
1806 1747
1804 1845
1806 1724
1804 1498
1804 1398
1657 1049
1806 1704
1846 1316
1454 1544
1544 812
1543 1843
1189 1834
1440 1132
1544 1206
1836 1589
1189 989
1712 1399
1836 1294
989 1432
989 1753
35 1737
1104 1737
989 1747
989 1606
35 1367
35 1454
989 1547
989 1681
1712 1847
1848 1084
1848 1733
1848 1849
1845 1079
923 1643
1845 1266
1845 1364
1845 1442
35 1773
1342 1221
35 1821
1836 1256
1256 1166
1256 1426
1256 1284
1256 1814
1256 1245
1440 1847
1256 1589
1256 1005
1256 1609
1256 1492
1256 1850
1256 1113
1256 1182
1256 1641
1256 1082
1256 1457
1256 1847
1256 357
1324 1643
1256 1126
35 1808
1324 1642
1642 1226
1652 1142
1652 1444
1572 1791
923 1851
1652 1723
1743 989
1652 1266
1000 1852
1652 1591
1000 1743
1604 1743
1000 1816
1604 1717
35 1852
1652 1360
1010 1026
1402 1743
1097 1072
1059 1294
1645 1664
1853 1854
1533 1103
1853 1572
1552 1315
1771 1820
1480 1712
1552 1718
1771 1407
1645 1642
1816 1551
1645 1856
1645 1454
35 1824
1097 1645
1845 1294
1657 1591
1256 1671
1572 446
1820 1161
1743 1485
1342 1760
1161 1005
1766 1847
1256 1857
1533 1301
1533 1591
1645 1005
1552 1845
1533 1820
1533 1385
1097 1005
1256 1680
1256 845
1256 1820
1858 1474
1489 1059
1489 1859
1694 1820
1097 1771
1097 1712
1097 1091
1489 1843
1735 1663
35 1831
1834 1453
1421 1843
1004 1126
1834 1385
1498 1860
1082 357
1260 1539
1820 1833
1127 1723
1834 1294
1834 1576
1816 1544
1059 1074
1342 1723
1074 1342
35 1074
1055 1845
1595 1723
1845 1723
1679 1639
1723 1385
1688 1712
1368 1860
1161 1723
1645 1723
1848 1089
1645 1074
1848 1442
1848 1723
1820 1861
1723 1181
1707 1804
1834 1367
1834 568
1426 1723
1342 1226
1834 1094
1862 1563
1516 1174
1834 1675
1688 1652
1833 1861
1843 1804
1833 1146
1440 1516
1834 1467
1440 1723
1834 1582
1834 1804
1495 1452
1119 1164
1757 1723
1820 1426
1501 1660
1723 1082
1495 1588
1116 1713
1388 1723
1594 1723
1000 1246
1445 1723
1000 1685
1652 1119
35 1863
1688 1646
1203 1229
1864 1655
1145 1852
1544 1723
1378 1848
1413 1851
1145 1516
845 1820
1544 1847
1863 1099
468 1061
1010 1421
1543 1130
1543 1169
1286 1235
1440 1865
1089 1867
1845 1695
1845 1169
1595 1847
901 1863
1514 1089
1688 1325
1845 1704
1104 1097
1757 1659
1097 1245
1017 1342
1097 1704
1757 1097
1757 1339
1595 1563
1788 1743
1229 1543
1151 1847
845 1695
1322 1094
1757 1865
1868 1869
1757 1307
1458 1735
1580 1169
1245 1695
1245 1104
1287 1870
1757 1713
1287 1119
1287 1868
1820 1104
1514 1713
1287 1202
1868 1871
1865 1588
1287 1367
1695 1104
1287 1485
1652 845
1010 1868
1342 1094
1287 1555
1514 1005
1017 845
1010 1847
1865 1857
479 1014
1287 1294
1287 1444
1245 1837
1704 1004
1016 1751
1287 1713
1836 1757
1287 1865
1245 568
1287 1581
1245 1865
1287 1863
1514 1148
568 1868
1287 1005
1169 1723
490 235
1287 1413
1169 634
1287 1421
1642 1184
1514 1221
1287 1121
1757 1275
1583 1119
1688 1287
1287 1441
1235 1871
1235 1870
1169 1301
1533 1317
1287 1458
1514 545
1010 1872
1245 1444
1865 1408
1737 1873
490 1245
1645 1467
1589 1863
1788 1514
1017 1652
1413 1408
1874 1174
1164 1862
1440 1875
1185 1580
1245 1875
1875 1876
1533 1875
845 1875
1871 1875
1287 1072
1878 1713
46 1498
1713 1879
1844 1576
1572 1875
1572 1868
1865 1399
1010 1875
1544 1865
1572 1837
1488 1582
1010 1184
1010 1301
1396 1713
1396 1704
35 1865
35 1672
1505 1874
35 1576
1396 1301
35 1872
1505 1837
845 1872
1342 1768
1010 1342
1730 446
1004 1804
1245 1872
1245 845
1879 1697
35 1870
1116 35
1722 1275
1451 35
1788 1875
1788 1874
35 1284
1068 1187
1068 1737
1523 1652
1836 1177
35 1520
101 1103
1551 701
1551 1611
1203 1865
1702 1317
1317 468
1865 1104
1600 1648
223 1454
223 1600
1872 1445
1860 1445
1122 1203
1771 1520
568 1880
1844 1881
223 1697
1551 1203
1688 1453
35 1881
223 1882
1688 1068
223 1103
223 1640
1688 1702
223 1582
101 1588
1119 1203
1499 1445
1068 101
1026 1445
1119 1360
1026 1406
1220 1277
1679 1474
1881 1883
1872 1118
901 1659
1119 1489
1884 1717
1287 1885
1068 1360
1165 1176
1165 1317
1165 1866
1287 1225
1203 1886
1287 1717
1287 1697
1287 1695
1546 1360
1546 1885
1287 1360
1844 1136
1347 1642
223 1865
1884 1546
1347 1342
1225 1695
1203 1360
1486 1220
1406 1360
901 1640
1082 1887
1546 1886
901 1360
901 1865
1082 1726
1884 1477
1203 1643
1832 1874
1884 1445
1884 1832
1392 1723
1884 1392
1884 1882
1832 1194
1406 1723
1583 1723
901 1723
1884 1082
1832 1297
223 1360
1002 1695
1406 1773
1489 1889
1002 1347
1499 1406
35 568
901 1005
1388 1883
1132 1092
1878 1723
1883 1873
35 1277
1350 1392
1396 1640
35 1350
1256 1393
35 1886
1256 1860
1104 1723
57 1467
1170 1865
1170 1868
1890 1884
1688 35
1723 1142
1170 1723
1674 1221
1720 1723
1245 1723
1533 1102
845 1723
1342 1754
1017 1843
1600 1890
1884 1600
1884 1287
1884 1345
1884 1254
1287 1237
1440 1485
1256 1697
1496 1414
1440 1360
1884 1256
1884 1325
1489 1399
1440 1659
1010 1723
1646 1886
1646 1865
1269 1237
1287 1723
1269 1485
1646 1659
1884 1646
1884 1514
1736 1184
1269 1563
1153 1119
1884 1322
1164 1723
1143 357
1269 1872
1455 1715
1066 1582
1066 1654
1360 1514
1360 1516
1336 1697
1026 1249
1342 1883
1843 1079
1661 1659
1278 1066
1543 1858
1661 1360
1736 1256
1569 1456
1832 1872
1350 1164
1680 235
1445 1174
1582 1473
1582 1636
346 1695
1494 1886
1818 1600
1543 1082
1350 346
1862 1589
1546 1891
1697 1151
1892 1893
1757 1695
1082 1891
1551 1287
1026 1121
35 1029
1477 1516
1145 1890
1695 1892
1210 1169
1543 1287
1210 1600
1894 1210
1826 1659
1210 1145
1303 1078
1220 1174
1895 1097
1896 468
1895 1489
1711 1723
1895 1555
1360 1845
1895 1866
1895 1089
1897 1889
1898 1119
1596 1256
1898 1768
1897 1582
1533 3
1826 1723
1544 1659
1327 1804
1544 1831
1831 1533
1551 1455
479 1455
1551 1530
479 1392
479 1546
1174 1723
35 1498
1645 1831
1070 1360
35 1301
1118 1363
1890 1891
1149 1890
1890 1005
1884 35
1890 1107
1145 1831
1132 1368
845 4
1884 1403
1119 1845
5 1145
1327 1119
1089 1671
1435 1654
1386 1836
35 1875
1475 1354
1245 1831
1395 1891
1694 1119
3 6
1149 1506
1326 1004
1325 1119
1132 7
1375 1159
1132 1159
1004 1576
1145 8
1149 1408
1149 9
1151 1210
1860 1730
1450 845
1149 10
1895 1149
8 1764
1026 1860
1203 8
1026 7
1450 1203
1413 1102
1402 1202
7 1695
1142 1136
11 7
346 1119
1806 1385
1017 1898
1514 1301
1713 7
1304 12
1142 1243
1304 1166
1203 1698
1304 1620
1304 14
1142 15
1304 1115
7 1453
7 16
468 1600
1489 1600
1142 1227
7 1304
1126 3
1757 1202
1245 1450
1757 1266
1451 7
1533 1489
346 11
1514 1820
1451 1600
1631 1716
1139 346
1242 1203
1652 1891
1451 1887
1139 1862
1843 1865
1139 1235
1231 17
1254 3
1242 1209
1127 1120
1501 1503
1583 1820
1254 1862
1514 1084
1419 1704
1514 1849
1514 1150
1514 1029
1514 1001
18 0
1514 1635
7 1552
1514 1178
1514 19
1082 1224
1514 20
1514 168
1254 1580
1321 1089
490 1362
490 21
490 7
490 22
23 1277
1585 1266
1757 1591
1897 1659
23 1442
1530 1723
23 1540
1530 1224
1788 1143
18 25
23 1237
1585 1723
1757 1639
7 1005
1415 1866
845 26
1149 1204
490 27
1716 490
1406 23
1757 1224
7 1275
1324 1891
490 1321
1543 1135
490 28
901 1639
1017 1254
57 1454
1204 28
22 1413
1254 29
22 1378
490 1895
35 1675
490 1872
35 1699
1026 1025
1324 1089
1325 8
1503 29
1371 1399
1070 1659
1070 1224
1070 1713
1324 1886
1026 1166
1070 1639
1324 1659
1324 1413
1070 1119
1151 1143
1872 1388
1220 23
1872 1324
1672 30
1324 1695
1256 701
1572 31
1544 1224
1659 30
1826 1639
1722 1639
1722 1224
1722 3
1722 1498
1722 1499
57 26
57 32
1078 18
1735 18
1735 1126
1498 57
1862 1143
1498 4
1132 31
1498 1895
1862 1475
1022 1437
1652 26
3 1677
33 1079
1303 1891
1818 1891
1891 1294
1757 31
1543 1697
1646 1891
479 1862
1139 1043
18 357
1139 1891
1757 1886
1454 1897
1445 1441
1447 18
1089 1256
1256 1151
1679 1612
1894 1143
1450 1483
1123 690
1402 1891
1543 1123
1440 34
1017 1256
1530 1017
1530 1221
1563 1506
36 1479
1068 1017
1759 490
1309 1317
1481 1498
479 701
1068 1837
1499 1220
1442 1068
1132 1485
1406 1891
1891 1198
1132 1456
1132 1204
1891 1204
679 1123
1456 1543
7 1499
1132 1659
1836 1516
37 1713
37 1575
33 38
1445 39
1043 1695
1645 1697
1569 1766
1645 1695
1645 1569
1543 1306
1004 1139
1004 1551
1068 1413
1118 3
1118 1820
268 157
1118 1871
845 31
1198 1862
1533 357
1342 1288
1145 40
1151 39
3 1339
13 5
1895 1695
1645 1659
1645 1872
7 38
1831 41
223 1896
3 1659
3 1569
40 42
3 41
7 1555
43 1210
1659 7
1480 1400
11 38
27 1695
39 1392
39 1398
1131 1652
1583 1695
1730 1753
1161 5
1161 1695
1652 1240
1286 43
1581 43
845 1068
845 1097
7 1097
39 1704
3 1581
1017 1595
1489 1159
1569 9
44 1237
1068 1581
501 1177
501 39
1174 1894
44 45
1151 1581
1406 1860
27 1453
1330 31
39 1642
1890 7
1245 47
1245 48
1245 45
1149 1068
1149 49
1890 490
1149 1898
1890 1498
845 1881
18 1137
1462 1690
1730 1313
1462 1097
1208 1628
49 45
50 1052
1145 45
1569 1501
49 1375
1645 1489
1149 1862
1890 1655
1149 51
1631 51
1419 1136
3 47
1690 1149
1149 1169
3 1891
3 40
3 48
3 1107
1004 201
1546 1681
3 1257
3 601
3 1255
3 1747
3 1511
3 1551
3 446
3 1196
3 1706
3 1323
3 390
3 31
3 101
3 1246
3 201
1645 834
43 1301
1641 1489
43 1790
1645 1136
39 1275
43 1094
1208 1667
1879 26
1208 1757
13 1103
47 52
53 18
39 1210
1520 1889
1364 1440
1208 54
1679 1339
1889 1097
1364 55
1679 1226
1151 56
1551 1089
479 43
1898 1865
1208 1317
1551 1169
1339 58
1208 59
40 1831
1208 1325
1317 1460
1440 45
479 49
1690 1696
1208 1835
1281 48
1208 1845
1208 1110
60 1589
1281 479
43 1547
43 1136
1225 1897
43 1575
1132 1889
1589 1143
28 1301
1396 1688
1396 1317
1419 1871
1287 1339
1459 568
1412 1339
48 1396
1396 61
1260 1097
1014 61
62 1499
57 63
1552 62
39 64
1589 45
1059 1033
1485 1279
1170 1301
1170 1442
1713 58
1713 65
1625 1453
1225 62
1625 38
1039 1485
1625 1884
1890 1022
1788 1139
1788 1551
44 31
1788 1831
1485 1345
1548 1415
44 1348
1625 1360
1516 1345
66 1173
1498 67
1022 1059
44 501
1498 1052
1149 1492
1498 1227
22 1348
1537 17
1208 35
1208 23
1552 1537
1838 1521
1552 64
1122 1589
1492 1866
1026 62
1450 1521
43 1450
1450 1165
1208 69
1589 1450
1331 1122
1132 18
989 1589
1671 1005
1256 1118
1122 1256
1028 1119
1582 38
1582 33
1582 50
1582 1771
1104 1589
70 71
1806 1695
1806 1119
1355 1437
1446 1580
1838 1421
1533 49
1170 1348
1806 1569
1806 1499
72 1717
1652 1348
1788 71
1788 45
845 1082
1208 1891
73 1659
1652 1769
1652 1886
39 545
73 1317
1466 1723
1005 1697
1572 61
1440 74
1889 1564
1466 1718
24 1837
235 1005
1466 568
1402 1220
1466 1659
1466 1119
1166 75
1251 1896
1569 1723
1474 1364
64 1466
1141 1850
1149 1552
668 1659
1582 1466
1475 1569
1450 1445
24 1345
31 1466
1572 76
31 1845
1582 1845
1364 1577
1364 74
31 58
1440 1227
1145 77
1145 49
1005 1589
1005 1110
1278 323
78 1440
1563 80
1186 1831
1186 1860
1186 1485
1186 77
1103 81
1445 1243
1445 1202
1186 1516
1186 45
1028 77
1028 82
1393 1185
1132 1259
1132 77
1132 64
1149 83
1563 1345
1743 1220
1704 1055
346 45
346 1889
1704 1245
1716 84
1712 82
1170 77
1151 82
1582 1819
1603 1569
0 257
1457 1704
1269 1317
42 1433
1576 66
1576 85
1716 77
1167 82
1378 1716
1378 1078
42 1569
1563 86
1406 69
86 1659
1388 1026
35 601
845 1348
845 1563
845 1833
845 1277
845 601
1552 1126
1151 1723
1378 845
87 1818
845 1498
1563 1819
1130 23
1208 1122
845 64
86 61
1002 69
1641 1348
1563 49
1406 1202
1498 1277
1582 1384
49 1498
40 1498
1498 1174
1538 77
88 89
91 1498
35 88
1498 1654
357 1160
1711 69
1498 1375
91 82
1010 58
845 1697
1716 1138
1498 92
1716 1589
1326 845
1138 0
1572 82
1789 82
1843 77
1166 77
1757 58
39 1639
1498 1220
49 1631
1498 1768
1498 1204
56 1498
1546 1498
1622 48
77 1589
1251 1723
1388 82
1251 1006
35 82
1208 1486
93 86
1208 1138
1208 1102
35 69
1208 1345
1072 45
1406 1181
39 1730
13 1245
1004 1485
42 1317
1004 1730
1889 1360
1820 1898
1820 35
1690 1576
1167 612
1670 1226
1259 69
1005 94
38 64
1533 1450
1005 346
1005 1725
1005 1058
1005 95
1005 1059
1005 1678
1005 1037
1005 59
1005 1454
1005 1148
1005 1022
1005 1072
1005 357
1005 72
1005 1207
1005 1239
1005 45
1005 1375
1005 1426
1005 1695
1005 279
1005 1505
1005 64
1005 96
1005 97
1005 1675
1005 1626
1005 1053
1005 1428
1005 1306
1005 1456
1005 1293
1005 1117
1005 1843
1005 1580
1005 1451
1005 1806
1005 1537
1005 1649
1005 1877
989 77
1750 82
98 99
98 1169
1884 1806
1371 845
1371 1889
1473 1259
1355 1005
1355 45
1355 1450
1355 1758
1657 1569
1473 1355
1097 38
1017 80
1669 1043
1070 1059
1543 1174
1716 1485
1355 1697
1355 1097
1771 58
1771 1385
1889 1255
1845 1240
1845 1564
1893 64
1078 1506
1131 1355
1005 1284
479 1716
100 1639
1049 43
1010 69
1005 1642
1533 82
1256 490
989 1256
1169 82
1736 102
1544 390
1572 103
1572 104
1572 69
1572 58
1845 105
1533 812
1652 82
1371 56
1256 56
1806 1697
1256 71
1256 58
1569 105
1371 105
1498 1730
1498 105
1256 0
105 1145
1097 105
479 1145
39 82
1388 1697
479 106
24 1506
1498 1845
52 1088
1498 18
1498 52
1555 1806
1533 1303
1543 107
1806 1453
1582 56
1133 1390
1582 1395
1827 108
1827 1375
109 1771
109 301
223 1831
1533 104
223 45
223 1897
223 1563
223 1460
1000 88
1000 110
1211 1833
1227 346
1374 1319
1145 111
1145 1303
1170 1144
223 1144
1788 1145
1533 1291
1070 3
1091 1005
1533 1145
1827 31
1005 1145
1097 1845
1070 1450
1245 64
1000 111
35 114
35 1418
115 1552
1473 49
1043 114
223 1741
1000 82
223 91
223 1317
223 1466
223 812
812 35
223 35
115 1360
223 116
1388 117
223 1543
1768 102
1004 545
1537 1543
468 1325
1004 1520
1396 1102
1472 1284
1498 1390
1466 42
1118 1117
1390 118
1390 1627
1050 1224
1483 1447
119 82
1392 1139
1392 1563
1789 1322
1392 117
109 1002
1390 1002
109 35
1403 1872
109 118
1392 1119
109 1275
1489 1166
1552 38
1392 82
1412 82
1225 1845
1325 82
223 1393
223 120
223 1678
223 1440
1440 121
78 1771
78 1611
78 1764
78 1070
78 1552
78 24
1014 446
1179 116
1014 1831
1111 82
1832 1659
1832 1301
40 1737
1162 823
1726 59
39 1126
1582 1167
1116 1256
1582 1144
1582 1355
1582 1898
1582 22
60 1576
1697 114
1478 1843
1179 1162
1582 1604
1582 1211
1582 1502
1582 42
1145 117
1186 1697
1186 1793
1395 1540
1645 1724
1395 23
1186 1005
1395 69
1186 601
1000 446
1259 1695
479 1806
1891 122
1882 1498
1227 1026
1843 1503
1838 1005
1555 1070
1026 1130
1390 1889
1189 39
40 1569
40 1303
1070 1271
1543 545
40 1563
78 1395
1179 1277
37 1512
37 123
37 1513
37 1507
37 1723
1788 1896
1788 1646
1227 1082
1473 1678
1771 1339
1000 77
35 1871
1606 1667
1118 1401
1498 1317
77 1342
1068 1421
1068 109
114 1626
1520 125
1514 1028
1005 1078
1005 1478
1788 1716
1237 1768
1788 1543
1711 1005
1606 38
1149 18
1149 1631
1050 45
223 1818
1278 1452
1203 126
1743 69
1743 1203
1245 126
1884 1005
223 1884
1000 1884
1652 126
40 45
1890 1516
78 1412
223 77
1066 1109
50 1245
1000 1896
1153 1831
1066 1237
223 1631
1026 1381
1000 1437
490 126
1000 1791
1781 1845
1771 1791
1000 1074
1393 1254
1000 1760
801 1118
1227 7
115 1589
801 31
1626 1882
1068 1240
1068 1141
1068 1799
1068 127
1208 1251
1755 1831
128 1889
1068 1563
1494 1677
1269 1462
1068 1453
1068 1474
1345 114
1068 114
1445 69
1884 1677
1884 1588
1303 1226
1000 1890
1884 1543
1316 1716
1303 1166
1165 118
1165 121
1316 1256
1189 0
1514 1703
129 1489
1419 1005
1419 82
1716 1453
1419 69
1652 1130
1179 1136
1884 1626
1514 1626
1068 1626
1186 1884
1764 1453
479 1068
78 1877
1189 1025
1119 1453
1079 118
1130 130
1894 1505
1097 1473
1716 1626
1226 1203
1068 61
1068 601
1068 390
1068 31
1572 114
1645 1793
1445 1626
1546 1279
1498 1203
1473 122
40 1664
39 1626
1505 1588
1657 1855
1406 1672
1457 1583
1406 54
1543 679
81 1498
1457 1819
60 1485
1514 81
1068 13
1657 44
223 1498
1396 1203
1396 8
1097 28
1473 131
1645 82
1498 1133
1502 1317
78 28
28 82
1149 1254
49 1660
49 1681
1514 1600
223 1890
1462 28
1743 1445
1009 13
49 64
1373 1600
1743 1540
49 1581
1005 1445
1005 109
1079 121
1097 62
1501 82
49 1221
49 1143
1552 1426
1350 1169
1501 117
49 1896
49 1427
81 1453
1412 1005
49 1288
128 1453
1563 28
1339 56
28 132
1838 1453
115 1005
1563 1399
35 1514
1392 1399
1392 1339
1371 1279
1317 1501
1552 1501
56 1348
1198 1399
1636 1237
1256 37
1317 1724
1256 1326
1256 103
1208 1130
1208 1202
845 1757
1208 1322
1546 82
1897 1317
1070 31
115 1317
40 133
1392 78
1208 1171
1501 71
133 1501
1724 1793
1028 132
1268 1145
1533 40
1268 1489
312 1426
1197 1766
1457 1133
1355 132
1457 1492
1355 1872
1355 126
1355 117
128 1385
1145 1498
1145 1396
78 1410
1122 1202
1122 1342
1122 1445
49 1164
134 31
57 77
1489 1730
78 1132
1514 1104
136 1395
1555 40
1402 23
1142 126
1437 1104
479 1636
52 1589
1716 468
1716 29
1118 1010
1118 1394
26 118
1039 834
78 1142
468 137
1395 54
1130 132
1145 1548
1130 138
1186 1886
1145 1142
1755 1348
1755 1516
133 1412
1145 1505
139 42
1412 1489
1453 1371
1142 1160
128 1133
1412 1453
1878 1453
1129 1317
1878 1498
1657 1628
1149 140
1149 42
128 1466
1133 141
1453 80
1453 1151
140 1589
1450 1132
1788 137
1208 132
1208 1694
142 1110
1884 1657
1884 834
1788 1070
1145 1102
1324 1543
1373 612
1533 1288
1189 35
1189 143
1533 117
1068 133
312 1068
1743 1502
144 40
1552 1197
1126 1643
1068 77
1068 1849
35 133
1453 1197
1716 133
1582 1170
133 1132
1326 1543
1256 145
1278 1000
1256 1543
1419 1394
1256 1501
1750 1489
1149 1750
1865 1889
1544 1339
157 1068
1251 137
1167 147
1670 148
1670 1169
1670 1845
1670 105
82 1764
1167 1109
1326 1167
1208 1109
149 1151
1208 1145
98 148
149 105
1572 148
1167 989
1279 117
50 1866
1000 150
1000 148
1000 147
1345 148
1453 1426
143 490
1457 1878
1142 1891
1279 148
1142 1319
1890 106
1894 1256
143 1288
934 31
149 1145
157 35
1161 1266
1072 1209
1000 149
1669 1132
57 45
57 1082
57 1164
57 1485
57 1492
57 1294
57 1415
57 1068
57 1694
57 1594
57 1543
57 1026
57 149
1149 57
57 151
57 1197
1342 152
114 1342
1345 1440
1552 109
153 1345
1395 1132
1528 1182
57 1220
1716 1677
1445 23
153 901
1220 1672
1462 1279
1462 901
1486 1445
1130 1220
45 357
1361 116
5 1093
1652 1294
45 1680
1149 1106
1132 701
1832 104
1832 1212
1832 1444
1457 1654
1832 1713
1832 47
1832 58
1832 1739
1832 1693
1149 1600
1832 1307
1451 1445
1396 154
1832 1639
1832 26
1832 1575
1832 1695
1832 155
1832 117
1832 1386
1563 1588
1884 1072
1026 1486
1378 156
1652 1462
1068 1853
1645 133
1132 49
1440 153
1102 1072
1451 1594
1102 1132
158 1102
1475 1716
1583 1301
1489 1694
1133 156
1186 133
1198 26
1533 149
1533 154
1505 1324
1033 1588
60 834
128 1659
60 133
1035 1039
1035 1716
57 1505
57 1325
1336 119
57 1585
1208 138
57 357
57 13
57 1892
57 58
57 1460
57 1166
57 1789
57 612
1631 28
57 1889
57 1659
57 114
57 159
57 148
501 49
57 132
57 160
57 147
1646 1231
57 116
57 119
57 141
57 111
57 117
57 126
1151 78
57 161
501 1466
57 162
57 163
57 164
57 145
57 140
57 138
57 156
57 139
201 1005
57 165
57 166
57 167
57 131
57 169
57 170
57 118
57 121
1317 117
57 122
57 171
1361 1277
57 1022
57 1132
57 1891
57 1145
201 13
57 1501
223 172
57 1453
57 1548
173 1768
223 1694
57 1371
57 1245
1072 117
1589 156
57 1589
57 1569
1563 1330
174 1165
1378 1252
1189 57
57 1317
57 1855
1208 1092
1378 1171
1189 1373
223 1119
1762 1552
57 834
57 1677
57 1489
57 490
1762 103
57 1483
57 39
57 175
57 176
57 1226
57 1539
57 40
57 172
57 42
57 1451
57 1771
57 1538
57 1239
1227 126
57 1390
57 1330
1572 159
177 1342
1678 1304
177 1151
48 1678
1583 1105
1360 1143
128 1275
1279 109
178 1415
1169 149
125 1132
1722 117
128 1671
1378 115
1256 156
128 1116
128 1229
128 1119
128 180
128 1339
128 1221
1002 148
128 1464
1002 1339
1894 57
128 181
100 1769
128 1820
128 1610
1002 1229
1324 1159
128 1256
1537 1594
1256 1667
1537 1595
1209 1342
128 1537
1390 1530
1538 114
1396 1339
7 1798
128 1649
1552 1626
66 160
143 1516
1543 1293
1533 1171
143 154
143 257
143 1868
143 1240
143 1084
1022 1453
136 1130
1231 1079
1610 1657
1533 45
1378 1610
1145 1564
1657 1345
1109 182
1039 1747
1039 1721
182 1089
1845 148
1269 1723
1445 162
1345 1628
1170 45
201 80
1245 183
1149 184
223 1251
1552 1462
1070 117
1165 1171
1122 1142
57 1516
57 1139
57 1159
1716 147
57 1171
57 59
1070 57
57 1831
1002 56
1723 1133
1480 1816
52 1516
185 1724
1406 132
136 1243
1737 1768
1361 1723
1361 1737
1392 80
1605 28
38 1723
1130 1243
186 40
121 16
1466 1868
1697 1174
40 1136
1339 1695
1440 1339
1543 1590
1548 1543
38 1659
1126 612
1516 1126
1771 1723
1164 1181
50 1723
1654 1317
57 1631
1406 187
57 1342
57 1610
1543 1849
1149 1654
57 1572
1066 1589
188 1368
1132 1160
35 1849
1397 189
153 1610
153 1000
153 1130
109 191
153 1322
1097 1695
1260 1385
1118 94
149 1595
149 1845
153 149
153 1111
1203 183
1082 1288
1268 1741
7 117
7 82
1543 94
1268 1453
1563 1756
1164 1092
1010 1355
1788 149
7 1456
22 1245
1010 156
1475 192
7 1126
22 1563
193 194
1371 1132
22 194
1126 195
1563 1310
128 13
1516 1342
1260 45
50 1294
1652 1798
153 1845
1498 196
1207 1026
1740 246
1740 197
1498 1445
1740 1566
128 1723
128 1695
40 1580
1596 1891
1723 468
235 1339
1596 1132
1119 4
1498 140
1413 196
1149 1166
98 1450
1066 1119
128 1498
1723 1072
1413 198
1119 1501
1159 1723
105 1169
1066 1453
105 148
1066 1143
1209 1004
199 1440
1229 1440
1756 1723
1209 1440
1025 35
1317 1756
1552 1244
1342 1626
1000 1025
1010 1450
1455 1014
1726 1478
1149 468
1626 51
1572 1455
1455 1671
1451 200
1455 202
1455 1789
202 37
1406 1681
1572 203
1543 1345
1066 203
1131 1169
1338 1294
1636 154
153 1169
1287 1139
223 1453
1000 78
199 1543
153 23
545 1704
1445 1516
1572 1097
1186 1723
1378 901
1186 204
1186 1891
1457 1412
1186 1171
202 1317
1514 1010
202 205
1097 1678
1245 204
1186 48
1466 1660
202 1736
1466 204
1186 203
1466 1222
1186 126
1186 1130
1457 202
1186 206
207 1445
1457 1530
207 1220
479 1186
35 203
204 1133
1133 208
1342 1499
1122 1319
1670 209
1133 1131
49 1657
1642 1647
39 210
1097 1449
194 1485
57 1581
57 211
1642 211
207 1591
1690 206
1726 187
211 1583
211 1764
211 1203
1690 1888
1130 1129
1130 1474
1059 199
207 87
60 206
1462 1321
1462 207
211 1097
35 1317
201 1474
201 1118
1070 1695
1203 58
1764 1675
211 1325
1122 1005
125 1171
39 177
211 1695
177 1392
177 1275
213 40
177 1498
177 1119
1208 1740
132 1207
1406 194
1406 1726
1179 188
845 181
1179 1626
1503 1397
1179 1171
1321 1151
1384 1449
211 1453
211 1866
1321 39
1245 1210
1392 1210
1240 1220
1198 1395
34 1832
1028 203
1231 1396
1170 1485
1181 1159
989 1485
98 209
1203 1315
1203 1078
143 1203
143 1385
989 1495
128 468
128 1149
1338 211
1652 1140
1582 177
211 214
211 1385
1582 1174
1582 1068
203 94
211 203
1582 1028
1123 0
1582 115
207 1453
211 1678
1582 1755
1654 1213
1582 1657
1582 49
211 1421
1582 1595
1582 1552
1582 1201
1582 185
1582 207
1582 211
207 1339
1889 160
1392 67
207 147
75 1097
1326 211
153 1133
1845 1133
18 1097
211 1396
1256 214
1256 1109
1378 1449
1892 1097
1473 1421
1473 1677
1473 1066
1473 1119
1473 1385
1473 132
75 1339
1122 215
153 1231
42 1294
1194 1892
42 45
213 1227
157 211
203 1516
125 1102
1203 1209
157 1186
1203 1237
1237 194
211 1485
211 1723
75 1723
1269 1131
1322 1723
1251 1387
211 1450
187 1723
1789 1453
1182 209
211 1035
1723 208
1378 1478
479 1321
1109 216
1109 205
1326 1203
1788 205
1613 1820
1130 1227
1130 1423
1130 1540
22 1070
199 1473
213 1109
213 1345
1049 1674
203 217
1109 1312
1269 1704
1000 1272
1572 218
1572 205
1017 211
1017 1473
1133 1581
128 1704
128 204
1330 1453
1788 219
1788 220
1788 214
38 1704
1788 213
1440 1423
1788 221
1788 203
1788 210
1788 189
1788 1820
1035 22
1697 222
219 211
1659 208
1788 1167
75 1695
208 64
219 612
1170 1339
1231 1631
1631 1548
490 225
1237 226
125 1316
312 57
1645 545
1242 1866
1378 227
1005 199
1279 1631
1788 1319
1014 1464
143 228
1621 1865
222 229
222 9
222 56
222 6
18 217
157 1645
223 845
223 1588
501 1169
501 1712
230 1754
128 1097
1000 1221
153 1588
1104 1210
1679 1259
1679 1860
1131 205
1636 1891
149 195
1466 1695
98 205
98 1131
1455 195
1429 187
1788 231
136 1142
1694 1704
208 1097
208 1498
213 1226
1604 1429
1604 1451
1498 1358
1227 1429
1112 1278
1507 26
211 1498
82 211
1112 1489
1112 1243
223 210
1186 1717
203 1072
1186 181
1406 1122
1186 1375
1050 1498
1595 1498
1533 231
1533 206
1050 1451
490 1112
1574 1498
1151 189
1000 232
1613 233
1572 234
1436 236
39 237
1436 1154
1436 1746
1436 238
39 234
1574 1097
75 1317
219 1572
1657 22
312 1165
239 1130
1786 221
239 1221
1669 1185
239 208
1654 1411
239 38
1203 234
1789 1088
579 172
1203 1810
1050 490
1203 1820
579 1203
1050 22
240 1203
1050 1345
1810 1345
1810 1245
1004 241
1789 1563
1654 203
1453 242
1245 241
207 490
207 1786
207 1498
312 1005
1451 172
243 1325
1670 1789
244 1768
1603 1853
105 231
1022 243
1574 1473
1574 1005
207 1005
1462 1473
1574 245
1462 1066
1486 207
207 247
1872 1466
1022 82
1322 579
211 243
207 1704
1000 248
50 82
1688 115
1788 1451
1704 237
1317 187
1704 249
100 1872
1022 1704
579 207
128 242
206 1588
250 1589
1704 183
91 232
1670 251
312 91
183 237
252 205
253 207
206 1788
199 1764
1317 183
253 1390
57 1806
312 1764
207 1097
1532 219
1245 243
1322 206
1279 241
254 22
207 1437
1406 1449
203 1169
1132 207
1256 22
1130 255
1256 256
1256 205
1406 209
1132 1626
890 1059
1256 1331
1130 1132
1245 221
1478 1453
254 1589
239 1192
1552 1503
1028 242
1449 1022
213 1130
213 1576
1567 701
1567 128
195 1397
1838 1567
1582 1192
251 1478
205 258
1788 101
1838 1563
1145 259
1145 243
1145 260
1145 237
1145 219
1066 234
1145 1338
1066 1773
1654 1097
1563 1654
177 579
1563 1806
195 1348
261 1348
153 1170
153 177
1533 242
1170 1210
67 1221
73 242
262 1473
1716 219
1436 1654
1449 192
1755 1089
1610 1072
207 1723
1498 263
1498 75
241 1072
1312 1891
1485 216
1149 1603
1429 1072
1441 207
1402 132
1690 1485
1690 1516
1149 1174
1149 1050
1788 1132
262 1072
1149 263
1149 1151
129 1428
129 210
164 1746
164 58
262 1572
1546 1237
1489 1466
264 1198
265 1149
1256 1723
1179 1149
1149 1256
1149 54
49 40
1256 1145
1485 1342
264 1501
1256 1516
264 1097
1505 242
49 1167
265 1757
1149 1845
490 1505
264 1596
1485 1066
211 266
1097 1552
264 1485
211 109
264 1506
265 264
264 1166
153 1485
1764 1582
1017 267
1878 1097
153 1207
153 1516
211 1717
1838 264
264 1381
264 1070
1245 264
264 1588
211 40
1473 1704
1269 1737
1595 243
1634 1181
1514 1339
221 258
64 7
1582 241
1445 1781
1186 1582
1552 1455
1039 490
269 1718
1552 207
265 187
269 1385
143 1563
1552 1120
1142 57
801 1723
251 1079
251 1097
1142 1321
239 1321
490 1506
240 1066
240 890
223 49
223 101
1070 64
1679 270
271 1171
1679 1421
1845 1182
1151 272
241 1098
67 1151
1572 1453
57 1421
67 272
1309 1092
1092 1516
1170 273
1170 1149
1457 1170
1189 1654
207 1126
1717 274
240 1583
209 258
240 267
240 128
1582 67
1572 275
1572 276
211 1348
1572 259
240 1348
1126 209
240 1572
1582 270
203 1421
312 1421
312 223
240 1317
277 1005
1049 1256
1049 128
277 1697
1316 1582
1345 277
312 1574
1516 1182
1126 266
1572 277
1654 1486
1122 278
1111 277
1121 94
1717 1132
1378 1507
1122 128
251 1385
1810 1582
1563 301
1345 1118
1237 280
1145 262
1145 1182
211 1548
1865 1654
241 1697
1048 1278
1455 1277
1516 281
199 142
1654 1582
1123 197
1768 278
259 282
98 153
283 1516
1568 195
283 1589
1676 1145
1279 273
1621 1659
1621 1568
1186 1371
1621 1126
262 284
1186 1677
1645 285
208 1582
1186 1316
1440 283
267 1889
267 1773
35 285
1572 1568
286 1473
35 286
1862 192
1679 286
1000 1773
1574 286
1572 287
1170 812
285 1106
173 1224
277 1456
277 1862
1000 19
201 1654
1000 20
288 1
264 133
201 1037
277 1050
264 289
201 1697
1151 277
35 5
201 1186
1588 281
128 285
1321 1197
207 5
277 346
1516 1415
1451 1345
1612 286
1186 1569
1186 1681
13 1201
1145 285
1533 285
240 1544
277 1412
291 1595
1451 1516
1186 291
201 1145
259 133
1462 1568
1645 291
211 201
291 1588
211 292
1679 1574
1066 275
1066 291
1066 153
211 285
1595 292
264 172
259 1403
126 1226
1245 285
1066 1451
264 1275
1893 501
245 286
264 1022
128 1773
264 1385
240 264
1688 1654
239 1348
264 579
264 1533
264 1583
1858 229
1197 277
1893 1781
1574 1348
264 1330
259 1197
1203 132
207 1395
1231 1589
1729 1669
1462 1478
206 203
1729 312
1688 293
1546 133
213 1145
1151 291
218 187
1388 1582
294 1582
1893 1582
1473 239
1473 117
1208 207
1893 117
275 1888
75 1582
1203 275
1203 1182
1893 1360
1893 1866
1397 1582
1208 490
26 1397
1208 1473
1820 1192
1397 22
1893 1385
1634 1872
1671 181
1893 62
1356 1865
1764 1275
1820 1860
1764 285
211 1275
211 1119
1149 1120
1322 1149
218 35
1657 1387
239 1097
1062 295
1657 1131
1149 1613
1820 296
1256 297
1820 1678
298 1149
148 1133
1179 1286
199 177
1170 299
1449 1723
143 1148
143 1502
143 300
153 302
303 0
1674 299
1442 207
1251 468
304 1774
143 1011
304 1084
1853 1480
1373 275
1859 1226
277 1678
1256 302
1607 1475
1378 304
1486 1269
1145 1035
305 306
305 1317
1203 273
1489 1674
273 307
1098 277
1392 242
57 1109
1262 1626
57 308
57 203
1463 1702
1704 156
1256 1479
1256 468
1897 1704
468 291
1703 1543
57 1256
57 1131
468 1582
57 1463
1070 1179
468 309
57 1860
277 1174
1787 1440
57 1304
1595 1717
1816 177
1330 1122
1145 1177
1010 273
57 1480
468 1075
1743 1269
1743 1397
1143 1681
57 1563
1505 281
1145 143
1145 291
1505 111
1186 1462
1787 57
1787 1505
490 310
1787 1488
277 311
1066 132
490 1813
1505 262
1489 1456
117 1133
1589 1770
1505 311
207 1304
1066 117
1251 291
211 117
1153 285
1153 117
1153 1304
1516 277
1572 313
291 49
1572 285
291 1351
1572 273
1788 313
1788 311
1788 292
313 273
1645 313
314 1505
314 1456
1355 1695
1186 1589
313 236
315 1036
314 316
314 1845
1316 1501
1022 285
1278 211
1316 1621
254 132
1501 283
1787 207
1787 211
283 317
318 1803
283 1462
319 1322
1583 317
143 579
143 317
1066 1187
1256 1572
1066 1397
262 1042
1262 117
275 1506
1256 313
1256 1348
313 1358
1174 317
313 320
1457 211
1256 1505
275 1514
1375 1815
1256 1059
143 1120
1256 1713
314 1565
1551 1845
314 1132
143 1033
283 1309
283 1345
321 1256
283 320
143 1681
143 1316
1102 313
1552 316
1657 313
1657 320
1186 283
283 1657
143 1005
143 1723
1657 1102
314 1113
1010 59
1316 18
1026 322
324 1475
1546 1026
324 1462
265 1010
1035 1174
1186 1726
1186 325
314 325
1722 1453
1186 1376
1186 1669
1186 160
60 291
1316 209
1798 1082
39 326
1231 325
240 1826
1342 327
254 265
143 325
1604 325
223 1723
1755 291
1604 233
1604 64
1604 259
1325 328
1149 1132
845 1413
1473 207
128 328
264 207
264 35
264 8
264 254
264 251
1529 308
177 1723
264 243
314 194
211 291
1716 262
264 1103
211 1554
251 1326
119 1010
211 1317
211 1769
119 1317
1604 285
1634 1445
1572 329
1572 330
1669 331
1860 227
1572 332
1000 333
199 211
1010 205
1551 1050
205 1050
1010 262
1004 333
1326 1010
1764 1731
1498 336
319 259
1072 291
1396 1498
1653 1871
1653 1498
254 1160
254 1145
44 1498
1653 1276
1653 1390
1225 1589
295 316
1569 59
203 1151
331 337
1613 313
314 1569
314 277
1208 316
1466 1498
325 329
1893 332
1893 1499
1893 1140
1893 317
1097 1653
142 1893
1690 1429
1009 338
1582 1529
1582 143
207 1010
1569 1896
1569 207
1569 1169
207 254
1227 1256
35 338
18 1123
35 273
1004 1371
1421 1005
213 1072
1793 331
275 1859
1844 601
1743 1143
339 1453
1844 275
275 1397
1189 314
1066 340
1066 329
1565 295
1569 26
1743 1844
1657 273
283 194
1078 1239
283 1505
275 57
35 259
213 71
213 1402
213 1256
1075 240
1303 333
1256 251
207 23
211 1221
128 232
1878 1394
1397 291
1546 207
114 277
1251 259
1572 338
1695 341
194 1516
1256 338
342 1572
1256 343
1256 344
342 1889
1256 1489
1256 345
1075 199
1555 330
1185 285
1260 1695
1244 38
1316 347
1489 1245
1316 1185
1489 347
98 302
98 317
1122 845
1122 1149
1716 275
1075 1588
1588 1824
348 1582
133 1893
319 1572
133 117
1533 338
1533 330
1533 1563
1542 338
1005 311
142 338
133 1505
349 103
1231 1595
349 350
1278 303
241 1231
35 350
241 35
142 35
1231 1716
1231 291
468 1155
35 147
1563 1803
1563 1658
35 242
133 1169
1010 1731
312 1059
1170 468
1810 1505
1378 351
304 1126
299 350
1657 1243
338 352
1680 275
1149 331
1145 1187
1865 211
1133 1678
1349 1245
1066 259
1349 35
1349 1611
304 1280
1349 1610
1349 1231
1072 1187
1104 317
1349 353
1757 338
275 1588
353 45
1604 273
1757 1818
1604 1498
1604 834
1451 317
1075 1473
1102 1187
259 1408
1690 26
1800 265
264 211
1165 338
1319 303
1005 1182
1182 1225
1451 1658
1120 1426
1456 194
354 355
356 1039
1669 207
358 1847
98 149
1009 359
1225 352
1803 1206
1440 353
1757 1225
1757 117
1670 258
1757 291
1572 360
1757 1875
1394 305
306 1723
354 273
1097 1505
1572 1451
1831 361
1259 48
207 1406
1256 1251
302 1005
1182 317
1860 668
211 1206
207 1206
347 275
1451 1004
213 1609
1716 313
347 1681
1186 1373
347 1413
1186 1498
1186 1187
143 1294
1186 317
1186 1871
1836 1810
1836 1489
1836 351
354 1657
332 1227
1227 1609
1035 347
1169 313
1066 362
209 205
209 148
209 317
314 347
1572 362
317 1670
354 1589
1555 1186
317 1439
1102 303
363 364
1498 354
365 1103
275 1251
1066 338
1395 366
241 1843
1066 1697
1324 317
277 1810
349 35
367 303
1324 1345
367 1319
366 1097
1256 132
49 369
1498 1106
366 1339
370 188
275 1043
366 1106
1388 1339
1256 1339
1043 1005
1345 254
1543 277
1278 1043
1278 1361
38 1453
1043 1342
304 291
1568 283
1533 1866
361 145
1059 1331
304 275
1572 1208
1489 1043
239 31
1449 1059
1139 330
38 208
1569 1345
1182 316
1563 1815
1182 1118
1062 316
324 1451
371 285
1645 243
1716 1139
133 1453
1457 371
1788 349
1627 1793
1627 371
372 163
143 1143
143 1251
35 373
468 1516
468 1361
319 374
823 291
373 285
0 1137
98 1182
1588 375
128 1182
375 1595
1499 143
1473 31
1609 1226
1145 375
373 77
35 313
1845 1339
1132 1569
1421 376
273 1118
1507 1339
1325 1676
1325 1396
50 1339
1798 1159
1169 1182
285 374
1757 109
1757 1360
1421 1118
1325 1122
1182 364
1251 1317
1349 1475
1349 243
1256 376
316 1360
1349 1072
1066 285
1062 1456
377 1072
314 346
132 1740
1363 1416
363 139
1281 276
377 1313
1473 82
1884 1505
377 40
1890 101
377 194
1606 1721
133 1479
1884 347
378 259
1645 375
1631 1345
1669 316
1631 1120
94 834
377 1022
316 1309
316 1505
316 1504
316 1325
316 275
316 45
128 316
316 235
316 189
316 13
316 468
316 259
1645 316
316 1120
316 1098
316 1582
316 1312
316 209
218 316
316 1460
1286 316
316 1072
316 1440
316 119
316 1259
316 490
1757 1450
316 1789
98 316
316 1453
316 188
316 363
316 1572
316 233
316 59
316 1506
316 1198
1149 94
1149 316
316 380
316 40
316 1119
338 1309
316 381
188 332
316 1733
1645 242
701 316
1658 1516
316 331
133 316
316 378
1089 316
1256 328
316 1174
316 1680
316 254
1453 1174
316 312
316 1059
1489 1078
845 338
1645 1453
316 1810
316 1631
316 1717
1645 219
1713 209
1066 316
316 205
316 1516
1897 316
316 1342
1453 1182
378 1036
316 1872
316 1142
316 352
316 1598
316 1613
316 347
319 382
316 1413
319 378
383 382
316 1348
1884 316
316 177
316 1317
316 1161
316 382
316 302
1256 363
316 273
316 1845
316 364
316 1397
316 1523
316 1151
316 1445
316 109
1256 50
316 1393
316 187
316 1658
316 1251
316 1412
316 38
316 1070
316 22
35 382
383 316
1062 1768
1062 701
1062 1220
1062 1161
1626 1455
1062 1133
1256 317
1489 1098
1256 1321
378 384
1203 313
314 1600
314 1611
314 385
314 49
314 1766
1645 1339
363 1498
316 1221
125 164
378 1523
1256 1726
314 22
314 1694
1345 314
316 1626
1498 380
316 1726
1726 1583
314 313
316 313
314 1259
314 363
1256 1398
1378 316
1726 129
380 1256
364 313
1256 1498
354 313
314 1339
314 1317
1256 1317
316 1681
354 1631
354 1626
1449 1104
314 7
1501 1421
241 314
1225 59
241 94
241 320
1225 1256
1412 1723
1256 1695
386 351
1412 1119
1149 387
314 1657
1378 273
1378 1872
1378 314
1256 109
283 254
989 378
1533 259
1170 109
1595 22
128 388
299 1505
1256 1676
1256 373
1256 285
128 1826
314 1462
1256 386
313 1341
1256 1485
1269 1444
304 386
1838 1723
1720 1397
1678 1466
1688 1256
1378 1479
1378 1243
1243 138
389 1196
261 333
1075 1720
1170 1660
1480 313
1075 1256
316 391
1075 328
241 316
314 74
241 391
115 1498
211 26
1388 26
115 1342
211 377
143 211
1104 1726
115 1119
143 1118
1757 160
1757 391
1757 1605
1757 1284
213 490
1078 197
1475 468
1062 164
213 1209
1743 1345
1743 320
391 207
1529 1443
1757 392
1757 1868
1145 377
1788 377
1529 1474
1505 329
1788 296
393 1421
1757 1726
1144 1818
1321 1314
57 394
1189 67
1713 56
316 1144
1457 1678
1798 395
1645 325
1893 1713
1406 1740
213 314
1119 205
1397 313
316 1164
1845 386
1397 1119
1690 392
1757 1206
1757 1079
1282 1111
1282 1000
153 316
1499 1612
1884 1572
1884 1670
363 380
1679 82
1757 1879
188 1113
1429 1164
188 1164
468 1164
1066 392
314 701
314 1325
1145 314
314 275
314 13
314 259
314 1838
314 1025
314 612
314 1544
1256 396
1645 314
239 314
1256 397
1256 398
1040 1498
314 1221
304 314
1429 314
314 1392
314 1381
314 320
1690 314
316 1429
1326 354
316 1422
1096 1001
1466 363
399 1256
312 1025
1440 82
128 148
1256 1160
133 314
1303 285
380 1712
1625 1256
400 382
1552 1079
316 1225
316 400
316 1203
299 1203
299 300
1203 1760
316 1674
1203 1872
316 1371
1203 393
314 8
314 1303
13 2
314 1717
314 254
314 384
314 312
314 1819
314 1385
314 1674
314 1078
314 1397
314 1603
314 397
201 1440
400 374
1572 1676
1075 205
119 317
1810 354
201 1837
1859 119
60 1582
1679 314
74 1423
1645 1859
1345 317
314 1330
1259 1455
314 1676
314 1713
1371 38
389 285
389 314
205 402
1429 1862
205 403
205 397
205 395
205 396
1066 1464
1878 1499
1066 400
370 1473
1000 314
1203 404
1203 1831
1316 389
1338 1203
1645 1394
1645 1140
1884 1716
1764 396
1363 1833
1543 405
1149 1595
44 314
199 1256
400 383
1170 47
1062 1426
1062 1392
1062 1166
1062 24
1326 1702
1010 1516
1543 1231
1231 357
1186 189
1010 406
1010 405
364 1866
1626 303
1645 338
1859 1516
338 1626
52 31
1130 1181
346 1516
364 139
1543 195
1757 1130
1757 407
1321 377
407 408
1130 1277
1503 377
1757 1694
1626 1503
219 1186
1430 1548
409 407
1170 1626
1170 404
410 1625
1753 1066
261 1442
46 1697
57 1430
1757 26
364 1881
1489 303
205 1182
1321 22
1716 407
261 1164
1294 411
205 1052
845 1749
1286 1588
1371 1756
1412 1798
318 1498
316 1831
1602 316
316 1749
1491 1650
1498 1607
1583 1141
1075 1789
1296 275
1679 1371
1342 1498
1396 1275
1810 1159
264 1164
264 1498
1498 413
1342 1749
1583 1364
264 1342
1498 414
264 1882
1169 285
316 338
1203 18
364 1498
264 1225
1589 316
264 1279
1203 1317
1203 1749
1736 403
264 415
1583 285
1579 416
1106 142
1309 415
211 413
264 58
812 316
1106 109
1106 317
1743 57
1579 417
1260 285
1260 1831
418 1010
213 205
160 1625
1130 1092
264 380
213 1102
100 407
160 1859
418 1653
1466 1221
160 845
1426 326
1688 1075
801 1394
1473 1723
264 1321
211 1831
264 160
1688 1789
211 273
1757 419
1580 397
264 1294
1396 1764
1203 420
1466 1860
1174 394
399 316
1552 421
1466 1639
1026 188
312 9
264 22
264 1703
399 1203
1466 109
422 1498
1130 1860
211 1315
264 1203
424 1620
1466 1304
422 1803
264 422
1703 211
264 1705
1757 155
314 39
306 314
422 155
57 1580
39 420
57 1462
326 1392
1378 155
1705 1602
1705 317
399 1181
264 306
399 1819
399 208
326 82
364 317
1151 326
263 77
399 1892
57 78
155 425
314 426
399 425
425 1466
1396 1387
1396 1266
427 425
1396 424
209 1002
314 1406
425 1119
1552 1004
425 13
57 155
425 39
1414 1277
1837 1625
1837 1498
57 94
701 1837
425 1454
1440 109
143 94
1170 428
1316 1164
1653 428
1316 701
1078 39
1653 1119
1145 415
1145 429
1670 427
1325 117
199 1552
57 1316
211 1226
57 1576
1825 1203
1130 1133
399 1133
430 275
1326 1186
1743 188
1736 397
1838 1206
1371 211
845 428
1145 430
60 407
1256 425
316 1375
264 1473
264 1670
1505 206
264 1406
1075 389
1552 265
1075 1552
264 845
207 16
431 350
1122 1145
213 393
426 316
1788 361
155 1572
115 155
213 1478
316 430
1378 432
155 433
45 1837
304 1485
316 435
1231 1113
316 155
427 143
427 316
1634 1837
1634 1392
1712 1079
1712 1074
1548 188
1690 155
1548 1321
316 421
316 436
378 1580
1126 437
264 364
1231 1569
1499 322
264 367
378 1582
1579 1245
264 1609
316 1568
318 1317
1499 1440
399 1723
264 1572
39 1453
1499 425
39 396
1164 1485
264 1227
438 1844
39 1499
418 1612
1406 1129
39 1005
1757 1712
416 1183
211 1704
313 39
314 1151
1111 439
1066 1860
1726 265
1066 419
314 1548
1820 1837
1579 1062
1543 314
416 391
1278 0
1072 276
400 259
399 1652
1659 1660
298 202
416 1478
314 1485
1672 428
128 1354
1186 199
1130 1485
316 1130
440 1145
1688 239
1688 1672
441 1831
442 314
1361 443
1361 391
128 1429
1503 313
293 1256
264 1399
1325 1182
264 338
316 329
264 1889
22 400
416 1466
1174 71
444 22
1231 1183
275 447
44 1429
380 154
512 1137
1788 448
444 374
1399 1052
1572 440
1000 435
1572 438
1572 447
1262 1891
374 382
1035 1588
317 239
264 50
264 320
39 154
43 82
316 1565
1388 283
223 282
378 1659
223 1244
1244 7
1563 9
406 438
125 1625
416 1145
416 1473
223 285
1552 314
416 57
416 350
201 1730
1645 117
223 384
223 133
223 317
201 224
449 378
449 1145
207 1294
223 155
1132 512
449 1151
1132 1098
1256 253
1256 1130
378 285
1342 58
1145 58
1543 1510
1342 449
1342 82
1396 1394
427 155
1595 1294
1789 9
1884 1510
378 313
378 1316
1429 1510
313 1595
1429 378
1316 420
1231 420
1679 428
1757 34
1757 428
1182 1080
317 346
1893 1451
1645 428
1645 1520
450 285
1884 1595
1170 1489
1080 1717
418 1893
312 1819
1893 1294
1884 42
153 1072
1251 391
42 1145
451 245
273 320
354 1697
1072 273
1231 400
409 155
1788 58
1349 24
1669 42
39 1569
1582 1182
1429 39
155 1072
1066 1595
450 1743
241 354
241 153
1890 13
1072 237
1149 1866
378 1149
1757 1086
1676 1893
452 1363
1349 1462
380 1466
1498 453
370 1492
1688 1412
418 64
380 417
380 454
1349 1375
1412 242
206 1580
1349 1498
22 1647
1572 331
314 1183
449 94
1349 1181
449 1111
449 1845
449 1072
449 1260
449 39
316 1244
449 1893
1462 1789
449 1572
223 1225
1203 400
1572 1149
449 356
449 1412
223 240
1203 1847
1349 1092
1757 1847
1726 1130
316 72
1066 449
490 455
312 128
1533 449
51 449
1546 449
312 1408
378 1789
1130 1847
312 1349
1645 449
422 346
1179 394
223 1716
312 456
378 262
354 1353
1579 316
206 1072
1203 449
306 1130
1203 395
1726 1185
223 422
1277 1847
1388 1847
458 1626
1166 449
422 449
1579 1388
458 1455
447 459
314 1185
1072 242
378 1443
425 1675
425 1659
206 1197
1690 449
422 1453
312 1470
1760 1810
479 378
223 1187
312 1051
1179 1187
1254 449
139 1353
1203 460
378 1119
314 1388
312 1398
1203 22
1757 460
1203 425
1892 449
1501 1429
425 312
1349 1130
366 1130
1436 1453
1203 1447
1690 460
241 1342
312 395
1225 1130
416 1243
427 1225
416 1447
1457 1312
1457 57
416 1582
313 450
512 312
263 449
1582 1398
263 1429
461 425
263 1726
1582 1091
462 1256
312 463
100 460
312 1653
1140 1723
464 1097
1406 326
28 449
425 1582
464 155
1225 329
1256 390
1836 1462
314 28
425 1339
312 7
354 465
1634 1429
314 1249
425 1726
1659 239
464 461
1321 1249
464 325
464 1079
464 1582
316 449
1750 449
1788 354
1170 465
1170 1659
1170 1726
1170 242
304 273
1533 465
416 1743
416 342
1449 322
417 1565
1040 314
416 1563
366 1224
416 1626
416 1575
1743 1249
416 214
293 1453
211 454
211 449
211 325
143 306
172 117
22 1249
22 1580
1166 3
1726 299
1494 1169
1702 1625
1256 466
438 1159
1326 1231
1788 449
1256 449
22 1576
449 1552
22 449
304 449
989 325
1583 419
1142 1387
1142 192
989 292
1166 1317
1166 1339
329 132
268 449
1070 449
512 1078
1251 233
1820 1392
1720 1485
1078 1218
1324 449
319 400
319 383
1269 1450
1440 449
1621 133
438 407
291 9
512 1133
1131 989
293 1505
512 1610
1145 1723
1543 347
209 69
1757 399
75 82
306 399
1569 1049
1145 205
467 1185
427 1078
469 1185
469 1309
469 1002
264 1132
1521 1072
264 1865
1690 469
1548 1705
1170 338
314 417
1574 1612
1185 1723
1231 1321
834 470
1551 188
1145 1371
1122 1251
314 420
1387 1256
1579 426
1182 407
407 460
213 1473
409 1339
324 449
264 1803
264 31
264 417
26 1867
314 1142
44 1449
471 26
1514 1227
314 9
1645 26
263 438
314 1478
223 314
264 9
1170 1055
366 470
1836 133
1836 471
1395 1447
223 449
668 1499
262 268
1544 449
264 1324
316 1387
316 1609
299 1704
1503 1859
1788 314
1595 1182
1764 465
1788 469
1256 8
223 469
1429 438
449 1503
1345 1704
845 472
473 1428
473 187
1788 472
312 1126
1501 449
312 1609
1231 1142
312 1145
1704 411
451 1612
378 1703
461 245
1035 1766
119 456
1133 470
1421 374
1604 419
1604 291
1757 350
1726 1106
1324 1720
1604 338
474 1896
172 1317
1604 1831
338 1111
461 1896
1262 449
1604 475
1262 1563
1788 371
264 461
476 473
476 1428
1757 1544
1533 476
472 326
845 1689
1604 1820
338 1506
1788 1142
291 316
223 201
1126 201
1256 477
263 1367
264 1643
57 1713
364 475
478 314
264 1394
364 299
1572 472
1122 125
1604 1394
1122 1075
1815 1394
440 1893
1182 1506
291 1506
1489 125
1793 328
416 316
264 1574
416 329
1574 442
1000 480
468 314
1574 270
160 1256
1595 1743
1000 291
1473 270
1669 346
444 400
285 259
270 1097
1269 132
211 465
270 245
1533 480
1066 480
1588 469
1066 470
1269 449
1588 42
364 1847
1196 1174
1269 103
1170 481
438 476
1495 293
1378 482
1678 1704
1473 203
483 82
1756 1453
13 1060
312 1453
416 1580
1645 1304
316 1885
484 1089
293 465
1072 311
484 125
1186 449
1186 579
484 1595
1453 1460
484 346
318 305
377 1070
377 1004
1884 268
485 1530
1453 105
312 801
1453 1331
1530 449
1453 1506
320 94
318 26
1453 9
485 39
486 1191
484 1342
487 1169
1453 420
1453 1089
1453 450
484 612
1453 1317
1453 1348
1066 1659
318 1453
1572 450
377 1169
1060 2
407 179
1378 488
57 453
1066 9
1703 1235
377 1182
488 1348
155 268
1066 155
155 1118
172 312
312 1348
155 1894
206 1145
13 1001
206 42
1757 237
483 1626
223 1196
1757 1304
264 1118
1353 449
1581 443
1788 1196
363 1881
378 1118
264 1805
264 1153
512 1543
115 312
1035 1000
1378 133
1005 1503
128 342
155 1169
374 132
464 1348
1546 377
1005 1185
374 450
489 395
205 491
237 487
1148 449
1005 404
1574 1723
492 1881
206 1321
1161 493
464 1317
1604 449
39 494
237 1151
1604 377
380 1723
270 1723
1604 1723
1604 1793
1669 461
492 1723
422 201
1604 342
1604 1885
495 496
1669 497
1421 1066
206 51
453 1005
206 1142
1604 160
380 1294
1499 488
453 350
1116 1434
1878 285
1005 1321
22 1102
1505 449
377 498
1109 491
1580 1142
1489 1574
1324 1866
350 1353
42 363
22 1109
206 1462
1878 312
453 1141
1878 1005
312 1621
366 1847
1702 453
1583 1017
483 1339
1005 1349
1621 1317
453 1474
1203 1726
453 239
1671 1339
1142 1621
1583 1339
1546 49
1882 285
483 495
1173 457
1583 1499
425 1671
1764 1276
1583 1276
377 1764
1764 1499
9 499
1129 1369
1225 1080
1892 1288
1005 317
206 1118
1462 453
374 9
1670 1659
1724 497
1583 1097
801 1339
1669 9
1892 1140
1892 1781
1724 9
57 133
1546 500
1892 1575
1892 1360
298 312
1892 1749
483 1499
1052 470
495 461
453 1726
483 1872
1360 1127
211 495
1503 495
1130 1360
1130 1486
1810 9
1657 450
1657 311
1342 495
223 377
1788 502
223 483
1139 1170
1788 495
1788 503
1788 504
1788 496
1788 505
1892 1660
483 1210
461 1399
1059 243
506 487
1473 72
1371 1574
149 175
1251 1687
304 1563
1312 291
1688 82
1429 1669
1231 1348
71 505
71 503
71 507
71 495
1039 449
1197 1142
57 1231
1269 1609
1182 71
1489 195
1646 453
22 243
1017 1355
484 422
1066 1371
300 1017
484 1768
484 195
300 1495
300 504
300 449
300 508
300 1825
484 1750
300 1379
1574 1889
300 1202
300 1698
300 1638
300 250
300 1367
484 1397
300 1394
300 1885
300 257
300 160
300 1485
300 104
300 61
300 509
300 415
300 510
300 511
300 1774
300 1212
300 260
211 1054
300 353
300 1855
300 1297
300 1744
300 734
300 513
300 1677
300 13
300 1189
1645 390
1645 1548
211 1726
463 474
1645 277
304 450
1440 436
1645 1371
1645 1017
1072 1119
306 1669
1390 1348
57 377
1429 211
1473 474
1174 1017
211 313
211 1174
57 449
325 1468
57 1367
57 415
57 1429
203 1118
57 1277
1533 377
1189 1883
314 416
1757 250
1187 1730
1657 514
1577 436
488 1097
416 1169
472 1169
57 1757
823 1569
1161 1390
488 1866
1161 1119
472 39
1010 1117
1104 438
1104 377
241 57
1170 515
1555 1604
1555 300
314 516
69 132
1674 383
349 57
1674 1564
188 1142
1674 517
1674 1067
241 1269
1704 1392
57 472
1674 518
1674 1480
1674 405
1674 1732
1674 232
1674 1407
1674 1683
1674 1714
1674 1642
1674 137
1674 437
1674 519
1674 1128
1674 375
304 1881
1392 1017
1757 69
1588 1066
1456 516
1713 1169
1026 1017
1133 436
484 349
320 45
484 1603
484 350
418 300
1339 1122
484 823
1884 1174
1884 1118
1367 49
1256 1660
1039 275
470 1192
1726 218
1499 1892
1039 1589
1580 1075
1585 1256
1345 516
1208 1159
516 1132
1186 233
1208 1447
1208 1652
222 26
1000 485
1089 474
1145 516
1350 187
472 420
1039 1677
1572 520
1572 521
1884 1479
1378 1208
1669 1145
418 1186
1341 393
155 1862
422 1005
206 1456
57 516
1788 484
1884 474
1757 243
43 1397
1645 1681
1572 1126
173 1679
491 1267
1688 1533
1657 1256
283 514
223 431
223 1494
1221 1426
1489 338
1341 1367
1350 453
516 522
1688 395
1342 524
203 1142
1674 1394
1182 1350
1256 1845
213 320
366 1723
1097 1341
1341 330
1674 1853
1674 525
1669 526
1674 1871
1674 527
1120 1453
160 1005
1674 1097
1543 1766
1674 1498
464 1130
1674 1119
1674 1017
1674 312
1713 1151
1096 1669
1674 1079
1378 1580
300 1674
304 203
1378 1473
1142 1144
1671 328
1653 1130
528 845
528 418
1227 1350
1210 40
1142 1485
1378 1389
1378 49
128 1885
1170 1675
1221 300
1504 407
1636 1367
1485 42
414 1504
484 1120
241 24
1269 1418
1453 1510
516 427
1378 389
1764 58
24 500
207 1540
427 1389
1017 425
1385 1621
1621 1367
1572 1109
312 1182
1499 1621
1533 1367
312 1499
1676 529
427 1621
366 530
1174 505
530 78
1256 531
530 16
453 1309
1017 251
1653 1277
1390 389
57 470
1294 364
1294 1653
57 1671
500 470
1583 1866
1385 1653
409 460
579 1892
1810 1460
380 532
1325 1026
449 1341
449 1325
1325 13
1325 1677
1325 1866
1325 1079
1325 1245
1325 1319
1325 1088
1325 1082
1325 1104
1325 1102
1017 1469
1325 1159
1325 1092
1325 1065
1325 934
1669 1803
1653 1423
1395 1258
133 1492
453 470
1072 1325
1653 1364
1066 524
1017 463
1068 1394
1082 332
1697 526
1082 1208
312 461
1713 500
1406 500
1348 1836
1256 395
1671 448
533 1371
39 1304
535 1498
1653 1140
1149 1325
1339 1510
1149 500
1339 239
535 1866
1260 1140
449 533
1882 1143
366 1639
366 1055
1720 1492
100 409
1652 1361
1453 1766
211 209
1251 1082
1269 1394
1142 1325
1221 526
1221 488
300 103
1142 1140
300 337
300 1141
300 45
300 1275
1583 447
1119 1341
1251 483
1516 1039
1317 535
273 1251
273 346
1066 26
1181 1133
1066 243
26 500
1486 1892
1486 23
364 160
211 536
1286 1039
241 1127
211 1129
516 1204
277 361
1453 528
1140 1082
431 1186
160 320
366 1486
384 349
160 254
1075 1120
160 358
160 1137
143 189
1397 143
205 1890
205 1705
1394 1358
1533 291
1385 1892
1674 160
160 410
177 82
1294 300
205 537
380 364
1890 1187
1174 1720
1068 1082
1145 1325
1788 1640
1068 505
1068 469
449 239
1070 1640
1749 1889
1186 481
1035 1325
1256 537
1810 1456
1309 1155
1000 538
1669 468
304 1747
472 1151
1187 539
1066 1103
22 374
1455 25
1066 540
521 1428
521 1628
1017 1506
194 361
211 1393
450 1186
1505 469
541 390
1062 1002
1062 56
1066 542
543 1429
1072 1631
1572 542
1572 532
380 1433
1572 544
1569 1658
384 316
1148 64
1142 291
22 1628
1256 1187
22 540
22 491
1733 1148
1893 1209
1893 1492
1757 1609
1757 1292
453 206
1663 546
1068 206
211 315
1149 1258
1757 1194
453 542
282 1663
442 1315
1348 1893
1348 1897
1258 440
317 1431
1757 1068
1733 264
119 491
1068 64
1757 547
1788 1893
117 492
1788 1516
378 547
22 547
548 1498
495 188
1169 1455
549 528
1688 550
549 500
1688 1392
1341 547
1385 354
1385 1672
438 548
1092 330
1119 1672
1119 1609
1582 530
357 1123
1582 173
1582 500
468 463
491 551
1345 552
801 553
177 554
325 1070
82 1201
1017 254
1355 440
542 1727
461 1355
1355 1367
552 1705
314 283
314 1390
1688 500
1186 153
1145 553
314 555
1367 316
1017 558
1479 328
1533 553
1256 1532
1533 559
211 1144
1066 1186
1097 358
0 1122
1348 1106
371 487
71 524
1690 291
1533 1371
71 1186
1186 1139
71 467
1139 1160
1533 552
207 1139
1645 547
149 474
1204 1136
500 1277
1713 1827
1669 91
1395 500
1543 197
500 1266
1092 500
560 561
560 300
1258 1866
1226 1756
1453 324
1226 1002
1066 562
1002 563
542 357
1669 1276
1726 473
331 82
1408 42
389 71
314 311
1186 1367
1645 1727
1256 563
1669 1705
1669 1408
1726 1408
1072 1092
1543 1254
1189 474
177 1206
1345 542
1569 461
1406 1865
1406 1639
1428 37
1697 500
1256 564
291 1408
1004 1837
438 473
565 1498
1231 1240
397 470
359 251
397 390
299 160
1749 1325
1749 211
1164 463
463 1871
1256 463
1466 553
1466 532
1543 1363
1595 143
449 1259
371 1860
1595 1367
1697 1837
566 26
566 1367
566 356
566 524
1355 1164
1355 1781
1256 567
313 1092
1355 1723
1355 31
1572 367
1421 350
35 367
35 1433
1505 1648
1690 1049
1066 567
243 1148
1421 569
1130 500
1582 409
1582 492
35 243
544 500
1002 26
115 465
453 1144
35 569
1186 465
35 1781
312 1730
312 569
567 1039
1704 1854
567 448
128 567
567 1312
1788 569
1704 1106
1555 566
312 293
1463 569
1463 561
1170 553
1152 1553
314 462
207 450
1862 1367
565 1026
567 570
1569 1152
1256 571
1569 1516
207 367
567 397
1017 397
567 1778
567 1852
1221 1845
567 1133
1572 243
1552 59
1151 1152
312 140
1862 1736
418 526
386 367
1000 563
567 200
438 202
1803 1787
1803 572
453 251
312 1463
1563 389
312 572
453 1820
1631 500
313 43
572 1585
544 1022
544 26
1139 500
453 1139
312 1017
1803 1139
453 812
1240 565
1096 291
1256 565
1736 1096
573 1730
1147 291
1803 1781
701 540
314 1595
1724 1789
1256 241
449 282
114 241
278 244
1208 565
1859 1724
1174 467
567 573
567 574
1226 575
378 465
1355 1676
526 1449
128 576
573 577
1582 1096
1606 188
1582 576
1133 1368
1096 1606
1368 21
1145 578
1145 563
1311 333
580 572
1788 318
581 1506
160 1311
1104 1473
50 160
1579 1507
1788 581
1788 1117
129 473
1771 1206
453 299
582 1743
583 469
1552 1276
583 577
378 1010
560 1463
1485 583
1514 354
1757 465
1533 496
582 584
1453 576
542 1137
1066 585
312 1355
582 1677
582 1866
1810 500
582 1035
1133 1499
1256 586
1201 465
317 354
490 587
1836 1208
1097 566
1097 425
1495 1595
1495 483
1495 1039
1281 206
588 1582
1256 1267
1281 1736
1281 1516
1473 586
43 576
1227 586
1838 577
1145 577
1145 1301
1145 1648
565 132
378 357
1533 565
1764 404
1133 553
44 544
1106 553
566 581
1342 1576
378 1096
1231 586
1453 91
566 1576
1604 350
586 1450
566 206
312 1541
203 346
1286 586
1451 209
1572 567
1104 560
206 526
378 1141
1005 1897
1181 1798
1659 586
1211 1413
1736 1211
1604 1810
544 322
1426 1467
501 1440
418 589
1781 1544
207 1245
1501 521
1501 586
591 215
1091 1787
1348 1653
580 1585
39 552
1396 404
1396 1595
377 1720
243 1315
377 1204
377 1888
377 566
566 1187
377 42
567 491
1604 490
576 1288
1604 472
1133 1627
1733 1604
1458 576
1604 1781
1574 592
199 59
1788 559
422 1582
1457 1730
593 1736
565 23
1256 1810
1657 588
