1899 695
133 1132
1189 143
1002 1266
57 1499
389 205
1413 1269
651 1122
1145 1788
349 223
1642 1448
1642 313
1269 1865
1269 349
1091 1097
695 350
695 60
797 344
318 695
318 26
203 1000
12 1089
860 283
1009 1688
1269 285
1788 350
1145 1831
1145 1533
1503 1580
1533 340
594 1449
763 1187
1269 1187
763 695
843 1316
1000 1286
1692 283
1408 1126
1208 1145
386 351
1091 1089
1091 717
751 1533
717 223
1089 763
1089 1231
1089 526
181 1075
797 862
1533 862
1269 213
223 383
1256 285
1844 1413
1844 834
1844 1278
1356 862
1049 752
1049 1004
350 40
1844 1753
57 349
1538 806
1278 453
350 349
1118 629
1640 572
695 869
1363 806
1538 1567
1000 350
1479 542
626 629
371 382
57 1316
491 870
1326 1269
1122 1552
1122 1011
1122 1050
1122 1820
1122 1627
1122 514
751 1145
614 708
213 318
143 391
576 626
1170 1872
520 1133
1740 443
315 825
1050 865
371 607
371 350
1145 869
1145 629
528 549
528 1453
720 1621
57 1338
1338 1266
5 1093
814 1788
57 1187
1079 1268
832 801
871 1079
490 843
871 1367
871 490
490 526
794 1413
490 468
1475 794
871 1026
371 869
371 486
1226 1004
491 1338
1256 491
1256 1589
1066 1326
841 1326
1231 821
57 1132
1269 832
832 526
832 1712
794 651
1503 1189
871 651
386 871
1122 872
57 651
17 1231
542 357
57 542
57 1231
266 60
484 350
1122 832
1182 859
1269 1182
1269 1266
1269 1648
0 1137
1269 1597
416 1579
1089 1514
1132 848
873 1533
1144 143
1677 1145
871 806
318 1145
873 1145
49 1533
720 1338
1216 832
835 377
1787 13
874 695
874 384
874 259
1690 834
490 223
1865 464
1865 841
607 839
859 440
1844 275
1316 874
1000 718
1309 651
188 1492
1450 115
871 275
1439 1339
1276 1144
989 833
0 1122
189 1397
1896 143
1896 474
259 835
1514 57
1189 1278
241 1005
1066 1349
1282 1145
1533 869
717 446
1730 751
382 1836
57 695
57 869
695 1316
143 651
1269 440
1113 875
876 858
858 1588
1538 877
1866 1757
1231 442
626 1786
1408 377
0 879
751 0
605 1567
605 101
605 854
57 858
442 1348
67 1582
858 318
806 874
1145 880
874 285
874 672
874 547
874 313
57 751
188 695
841 672
841 147
57 1866
57 806
806 880
143 672
143 806
143 1723
1269 806
697 0
1338 486
567 1010
567 1004
881 318
881 188
881 1589
881 1368
881 444
881 347
881 1098
881 649
386 483
881 1316
223 1896
223 1788
37 822
37 1575
37 1713
881 416
882 528
605 241
605 1499
57 881
57 841
143 883
1137 357
1621 876
1127 806
1025 0
1025 1822
1231 1563
841 386
37 1513
881 1479
26 500
1107 841
1740 1345
331 858
881 49
881 1169
841 717
881 1036
605 1326
874 344
605 1781
605 1162
605 1074
605 1442
605 240
605 34
605 419
605 1206
605 1450
605 285
605 1413
605 1760
605 1723
605 1519
605 1457
357 547
605 1001
57 1582
57 605
605 291
605 1563
605 53
605 1736
605 1371
605 429
605 1126
605 1282
605 751
605 1404
605 1837
1122 882
605 1143
484 384
1437 1702
720 1583
841 486
1066 544
13 1004
1170 1442
1143 318
1730 1698
1231 153
1145 1698
540 841
604 1698
1688 1803
1122 884
1350 824
187 1582
835 275
1514 629
188 835
490 1256
57 389
1844 885
874 651
57 446
1533 885
886 887
0 1278
0 1189
1582 841
835 1226
1771 1582
1170 1413
1413 347
1413 1597
143 1698
605 440
605 616
382 92
605 315
605 1847
605 1871
605 1606
605 1222
776 1462
1104 1097
605 629
605 1675
605 1717
825 1660
605 1475
825 1723
825 1097
825 34
825 1224
825 1872
825 1444
825 1485
825 1371
835 888
888 1677
605 876
1278 891
1844 876
1844 877
446 1408
446 314
446 869
1533 1519
874 608
1628 1563
57 1089
57 1589
57 1894
57 1182
143 885
1251 1896
835 885
835 1413
697 1137
1089 1479
57 871
871 1226
1413 1408
213 126
1730 285
885 1036
1269 885
1170 651
1170 1726
841 285
484 1730
1621 806
605 885
1730 579
1702 1326
1730 1726
0 1514
60 885
57 344
1349 353
841 1349
1191 833
745 843
605 383
605 648
605 349
695 605
797 695
892 893
892 891
1000 894
1000 275
604 275
604 1278
604 835
371 695
874 576
383 576
858 380
848 314
1251 383
895 605
1730 1677
605 353
813 871
1089 318
279 885
794 275
279 346
885 383
763 885
794 1753
841 490
841 1026
1494 885
1004 896
1004 629
371 651
501 1690
1169 377
371 275
1546 881
1546 877
1296 479
1039 1480
371 1582
1039 885
835 1387
604 1437
567 1730
1039 1645
1387 1473
57 877
695 49
695 1231
695 1844
871 695
695 841
223 479
797 885
318 1226
57 1473
869 871
57 416
57 834
57 1659
57 1145
1145 877
1145 279
1145 285
651 313
57 1278
283 1336
57 813
1251 869
765 1097
1000 695
1000 53
1000 897
1000 1272
1000 1282
1000 833
1863 1132
608 617
1371 1439
1582 1562
880 1427
871 1371
486 1365
898 1122
528 418
1145 898
695 1563
605 899
794 1349
57 1197
1645 26
1645 1136
57 1450
1645 1450
486 490
57 149
763 1713
763 149
542 697
57 32
763 1659
1145 833
1145 900
57 1563
57 890
57 188
1440 1229
605 688
1235 1579
626 1349
763 1563
695 902
322 1499
798 31
881 717
1538 1421
318 669
1269 1881
1170 672
1186 1373
841 1062
648 651
871 1036
1579 1062
1256 313
794 1122
890 1122
1533 890
1788 213
1489 1338
1844 213
1844 360
903 1373
1533 1563
57 1413
695 1296
1296 149
904 905
1387 1039
871 1387
1865 744
1863 1089
825 885
526 1730
695 380
1092 1538
313 320
651 744
903 906
1061 468
695 903
695 1039
1186 885
543 1120
57 1760
651 389
1260 31
377 907
208 908
187 1229
187 1688
696 57
1730 543
404 677
1296 350
349 384
57 814
1251 520
187 58
1730 313
1371 1145
1371 912
1371 707
1371 457
1371 371
1371 167
1371 909
1371 1488
1371 1189
1371 1761
1371 1470
1371 1777
1371 897
1371 1500
1371 129
1371 1787
1371 910
1371 1446
1371 556
1371 424
1371 204
1371 911
1371 913
1371 1567
1371 1278
1371 1812
1371 124
1371 801
1371 412
1371 1254
1371 914
1371 1120
1371 915
1371 1576
1371 916
1371 1676
1371 154
1371 1729
1371 603
1371 630
1371 48
1371 439
1371 1154
1371 1161
1371 1692
1371 201
1371 917
1371 918
1371 246
1371 659
1371 919
1371 920
1371 383
1371 27
1371 906
38 1371
906 834
906 1677
223 899
1229 526
349 431
714 689
1844 1485
899 1844
877 526
858 877
763 877
744 714
871 751
1844 450
1397 275
60 877
871 205
721 1588
223 1145
223 1231
605 1367
825 1659
1436 1089
1145 450
57 440
602 1322
602 1066
223 1753
223 275
149 1169
841 700
223 695
607 619
871 1017
243 384
57 827
1730 26
57 1251
57 1819
877 1189
877 1296
187 1294
1245 921
1245 898
1245 845
794 1339
1296 604
1145 922
1356 486
1867 714
1296 1251
651 876
