1899 1016
1002 1266
82 177
82 1764
89 1089
1659 1066
1867 285
1867 714
133 604
695 455
695 1595
378 285
544 1066
350 1788
350 1353
350 450
351 386
1798 798
1010 695
304 266
742 203
1579 316
128 1579
580 203
580 1489
1865 845
213 1227
128 1865
717 1066
453 404
572 1867
809 1191
809 205
1256 1075
1256 285
1408 1373
1339 794
1339 1066
1339 453
1339 1296
1339 1613
730 549
383 1066
383 128
1579 1565
1413 1844
1066 1467
431 1408
431 318
431 1844
1373 1397
126 213
794 1373
794 203
329 1269
1788 814
1788 383
324 753
147 794
1580 1503
794 349
1066 153
1066 1699
1066 1726
1066 1736
1066 1447
1143 1533
1066 1317
1066 1688
1688 1730
794 333
794 816
1077 815
1436 486
1436 383
1066 579
484 755
484 1867
794 484
794 1385
1066 1227
484 1331
794 1865
794 1244
354 1514
1479 1226
1389 144
794 1103
610 1844
1408 1576
610 794
610 1325
558 490
440 128
558 1576
377 1533
794 549
794 1563
794 617
742 1676
378 617
1286 1844
610 1764
742 610
742 1286
259 742
608 617
1882 259
1235 313
1203 1182
1145 814
367 303
1256 567
484 626
484 1004
484 1689
484 1733
1485 1505
1485 1844
1563 1028
382 383
1479 203
1155 1150
794 651
794 428
428 1279
602 794
794 1781
794 273
794 1387
794 31
720 1004
720 315
817 1174
794 813
794 262
794 386
794 313
1397 313
26 500
526 730
526 386
1066 629
1066 1371
1066 1373
700 1514
794 700
1066 313
794 1066
794 1576
794 591
794 117
794 1697
438 252
794 486
1579 416
745 1127
794 132
486 818
486 817
794 1676
1137 810
128 486
794 1413
160 463
742 1123
742 1579
794 1579
794 1386
742 1881
1865 1050
1659 1192
742 745
742 486
266 1677
1097 765
1489 1004
1066 1286
1325 1294
1226 213
386 483
794 608
1059 1659
1059 1663
481 1269
1066 1881
794 431
1066 834
1726 265
1066 1278
720 331
1066 813
1066 1436
1642 313
1066 1865
794 1688
794 133
794 1189
1039 834
1066 1145
1145 543
1145 1563
1730 1865
1145 1137
1145 259
1303 1582
1303 794
1145 1226
720 1325
819 1143
819 101
1066 700
1066 349
1066 126
1066 1421
1066 1453
794 1453
794 1872
1066 608
1066 285
1066 695
1066 740
1066 1226
1373 1145
1373 612
386 1588
807 1865
1865 1610
1066 604
1066 540
1309 1386
1066 749
1066 1209
794 1209
1206 745
1408 1726
794 34
794 717
745 456
1066 1026
1026 1127
1268 1385
1268 1005
1268 1097
1268 1498
1268 1555
1268 1119
1268 1589
1268 1149
1268 1317
1268 1089
1268 1278
1268 490
1268 1677
1268 834
1268 1866
1268 1079
1268 1035
1066 440
1066 1896
794 820
1473 1062
1269 1229
602 1322
602 1657
602 1365
1059 199
794 1316
602 821
1145 1316
720 1583
794 720
1002 1847
1022 777
794 1467
1479 717
1479 1089
484 349
567 695
1170 1371
794 822
1049 1004
1282 1145
1282 456
1282 1256
1010 822
1866 1596
1251 1896
1017 1296
1854 1565
49 1145
1479 542
1742 1569
1104 1555
1764 1659
1390 160
0 1137
640 468
1066 1348
1066 384
567 757
1066 273
1066 1413
701 1884
1788 377
1066 259
1576 1102
1316 1066
1066 1576
602 422
1066 338
1066 822
1316 177
668 1266
668 203
26 78
602 1311
1066 1866
1132 386
1137 1005
1533 1563
269 1688
1221 1066
824 1350
203 1066
31 797
794 1454
1066 1542
1367 776
1066 1750
1066 1367
1066 160
259 821
285 382
318 213
318 717
318 1089
809 479
1408 313
1338 1221
318 1275
318 1576
1408 717
1066 1256
1208 1844
1004 1226
1066 1365
794 726
1453 1514
651 632
794 740
989 1326
798 822
701 31
1844 181
1844 1856
1844 749
1844 1588
67 1582
1475 794
602 580
318 350
567 318
765 720
794 479
268 285
386 1174
1066 543
1066 1595
572 820
820 1033
820 1097
820 143
820 285
143 281
820 455
820 176
820 1251
820 1035
742 490
1582 1771
1582 1597
440 1169
1764 1386
1066 1753
12 651
12 1089
1450 1002
386 1365
12 386
12 1386
1066 814
371 607
626 1688
1664 1788
1664 1533
794 1664
794 1831
704 45
1669 42
1025 1373
1692 1209
1365 378
1436 1746
637 793
543 1365
794 1089
78 809
78 798
794 382
285 259
794 315
820 1579
801 1499
1533 740
1231 17
1014 479
1381 1385
742 644
742 386
820 550
820 711
313 320
1231 1286
558 386
794 1275
223 349
1480 1844
378 547
378 608
825 1659
825 1675
825 1695
1025 1278
825 56
794 350
1703 1597
223 1533
1066 1733
845 549
794 826
1816 1642
1397 686
386 1197
1397 479
801 720
794 827
602 828
1580 1397
1066 266
1538 826
1735 1137
1450 586
845 829
549 528
549 128
830 26
1538 386
813 830
1010 386
813 40
813 49
1025 1822
1671 133
1671 1097
830 34
383 1026
794 1462
1447 1757
845 831
845 1317
1764 1276
832 1216
1764 544
1533 832
1266 757
833 817
833 809
833 1174
809 1182
742 1386
833 1894
809 1313
742 1677
744 740
742 1726
1066 826
1000 826
1004 826
378 695
794 834
1726 1004
744 1294
572 580
744 1275
826 1025
744 581
580 1803
744 1017
744 1876
744 1660
744 64
744 1413
809 1866
744 1301
744 1224
744 472
1170 1868
491 1109
1174 717
602 744
1703 715
1703 378
794 390
371 78
1049 821
1049 17
794 1049
1145 1589
1049 1690
1822 1189
747 1276
1269 1413
1269 1733
1269 717
1191 486
153 1049
453 832
742 1479
453 828
318 1677
318 629
806 794
806 605
720 744
605 793
605 822
221 830
377 1169
377 49
1049 752
794 627
149 318
542 580
1145 149
1145 82
1621 1316
378 1316
1269 695
1458 1235
1538 377
1538 756
835 377
149 1788
1505 833
825 1097
1025 1189
825 1119
825 315
825 1317
825 553
825 1787
542 1871
989 1278
825 1386
744 1871
1269 644
1505 1677
1122 845
1122 1010
1122 1205
1122 1070
1122 1059
1122 1317
1122 1514
1122 1109
794 1122
1122 801
1122 213
1122 1501
1122 1078
1122 117
1122 187
1122 1589
1122 1145
1122 1544
1122 414
1122 1342
1122 1667
1122 173
1122 737
1122 1768
1122 1723
1122 1126
1122 1011
1122 1478
1122 207
1122 1132
1122 1729
1122 125
1122 1750
1122 1563
1122 1612
1122 265
1122 380
1122 1243
1122 1568
1122 1066
1122 132
1122 691
1122 384
1122 1690
1122 259
1122 1658
1122 352
1122 1679
1122 836
1122 491
1122 314
1122 1039
1122 1421
1122 1506
1122 1552
1122 1325
1122 1625
1122 302
1122 143
1122 393
1122 1602
1122 374
1122 1546
1122 463
1122 1395
1122 389
1122 1704
1122 1060
1122 1319
1122 1671
1122 211
1122 1227
1122 1580
1122 460
1122 1826
1122 1256
1122 812
1122 354
794 384
400 383
301 82
301 1049
301 806
301 58
301 1688
301 26
301 377
301 349
301 221
301 1339
1144 1142
1844 1144
729 714
729 442
1788 837
143 228
720 149
720 1594
742 1865
1865 801
1269 149
794 82
1844 833
1269 126
794 199
1844 834
1000 1182
744 729
744 1266
720 300
526 544
1788 1866
605 117
605 1373
605 1865
1235 758
1235 1677
1235 189
520 1133
177 553
371 837
729 1322
729 1145
989 826
989 833
1514 147
605 520
223 1103
1066 806
1149 1120
1149 1544
1479 1760
794 553
751 1145
751 1533
371 1089
213 543
1475 1269
1475 742
349 350
845 486
318 349
596 838
1004 201
1066 1871
1269 259
1066 1275
1256 1172
1764 720
1245 829
1245 726
1256 828
1122 1137
283 1505
1533 1122
1066 1533
717 839
490 223
490 1788
1730 1413
1537 283
840 1503
742 1516
729 1588
1316 318
1480 1816
1480 720
832 1676
1269 353
1122 490
841 729
1132 729
486 842
697 695
1269 814
490 843
223 285
1132 1072
825 1224
825 1660
825 424
825 1648
825 436
825 1442
825 749
1066 490
1309 832
1597 1413
594 544
1867 832
1122 810
1122 821
1122 1089
1122 1867
1788 729
1788 520
1788 544
1788 1677
1788 285
1788 344
1788 844
1788 846
1788 833
1788 826
1788 800
1788 838
318 814
1690 377
1132 1538
1174 729
1894 1089
1286 1228
1894 1143
717 1894
490 847
1066 553
1690 834
848 314
1533 1582
1533 1866
386 754
754 1317
841 1582
841 717
841 418
137 468
223 350
223 431
1269 553
1132 848
143 740
143 1896
1355 31
1704 1059
1533 386
1533 267
383 1122
383 223
1788 431
1788 296
1788 849
1788 1594
223 479
223 1788
223 849
440 830
223 1397
679 285
1326 455
1788 1730
1473 850
749 679
1533 40
1589 851
283 176
754 1654
1436 1089
1073 0
285 749
797 344
1436 754
143 391
143 1397
1514 1367
223 1677
754 1580
742 313
1000 203
1000 1677
1266 1059
1538 313
1005 1788
754 1154
1122 0
776 717
841 1555
841 349
841 450
382 400
283 1692
607 1688
1005 1010
1005 1117
143 291
143 40
143 468
386 1788
794 344
1676 529
1097 1070
313 821
1483 1450
567 744
1597 313
283 828
0 729
283 1882
283 1399
347 1413
283 851
833 72
1450 115
1740 132
1004 404
720 1049
720 1621
1505 479
1642 1649
832 801
1256 367
1256 814
832 491
832 85
1867 1649
1867 1120
28 852
1091 1097
1091 1498
1091 1582
1788 1533
794 218
695 1322
1533 853
1533 854
1533 855
1533 846
1533 833
1867 1579
49 1533
745 843
567 828
57 1582
57 695
57 1256
57 717
841 1677
1533 1579
223 717
223 1089
40 695
1278 744
754 133
266 1145
1145 1788
1788 133
1533 857
989 1187
989 1282
57 1316
989 1576
763 1089
1533 1227
57 32
57 577
763 717
717 843
57 729
57 714
57 133
57 1278
57 540
57 1788
314 858
1844 504
848 1062
629 1089
440 859
742 57
742 133
1145 223
1688 1503
742 1836
1533 1074
1533 1316
763 1074
40 350
1882 233
1533 384
1538 283
989 490
860 1543
349 384
841 1107
841 147
841 1373
1489 301
143 1144
763 440
1563 1503
1563 861
266 526
763 1579
283 860
848 1269
1736 862
1533 863
1533 862
1533 864
865 1050
0 866
259 188
1145 1208
60 1563
60 266
1844 1278
314 1145
547 357
1393 572
841 1316
695 60
188 57
57 45
57 285
794 1448
1480 1448
1000 350
57 1000
763 31
1000 31
133 1132
868 285
57 1408
825 1448
521 617
1278 1189
143 858
60 377
695 318
832 404
350 695
1363 496
1231 1089
1170 1726
794 862
1269 1326
1269 651
1269 858
1269 1597
1514 810
1269 45
1242 1203
1514 1747
143 1189
57 1736
763 1317
1408 1126
1269 1339
1269 1227
526 1089
