1899 291
1390 1473
188 695
453 1005
962 1538
605 1773
605 1385
1514 629
1408 695
1788 695
1788 869
717 1788
377 965
1141 1355
213 1788
1089 1479
948 962
1642 313
223 349
974 962
1413 835
1413 1269
1413 794
1413 1844
318 695
1260 629
1503 1050
1580 670
1730 869
1844 962
1388 1579
806 930
404 695
1688 187
0 1137
670 885
968 605
871 384
1514 1089
1538 975
754 629
1458 959
1437 1702
196 275
794 1385
871 1563
794 1475
794 1049
961 1563
1822 695
801 1371
794 132
670 973
974 1753
974 1089
974 132
976 961
976 962
780 1266
780 602
813 976
695 963
695 809
869 695
1170 404
930 404
377 670
860 315
1563 1506
930 1385
948 1563
177 82
1256 1149
794 1885
605 977
963 1753
974 979
1004 1226
963 1278
974 1881
974 629
1286 963
1310 203
1170 1413
608 973
963 717
976 404
1039 717
980 835
752 980
980 60
1881 89
980 715
89 980
825 1304
825 881
825 1317
825 1648
825 942
1126 1408
1408 1413
0 357
528 882
528 418
1892 957
1000 981
418 841
794 1563
1413 57
356 1563
188 982
543 806
543 983
543 984
543 985
543 986
543 975
543 973
543 987
543 962
543 968
543 988
1336 1551
1336 1385
371 440
371 199
695 976
325 930
542 990
60 5
264 265
1336 1266
1254 629
1254 1820
1145 976
1145 40
60 962
605 440
512 0
203 346
89 1089
89 962
89 1538
89 1753
758 858
89 717
1049 1690
1296 149
881 318
265 1726
1822 1373
989 1581
1709 1231
670 991
602 1321
602 187
992 313
620 1537
695 620
993 935
993 1753
1260 357
1004 1648
871 881
1310 700
1336 700
89 384
89 350
832 1866
605 1360
1562 1582
605 542
605 1555
976 1475
610 965
1385 1819
899 974
794 490
1122 845
1122 1059
1122 1066
1122 1165
1122 1711
1122 1160
1122 1788
1122 1106
1122 1102
1122 1078
1122 1613
1122 1203
1122 1395
1122 1679
1122 1473
1122 219
1122 1612
1122 1436
1122 202
1122 211
1122 1174
1122 1011
1122 49
1122 209
1122 1501
1122 1625
1122 1705
1122 1245
1122 293
1122 467
1122 516
1122 1325
1122 1642
1122 1468
1122 1781
1122 1104
1122 1569
17 988
17 994
1436 981
73 756
73 1286
73 418
17 386
1589 851
17 1648
188 1563
749 1727
89 695
1642 1551
995 26
580 977
976 386
976 26
1336 1863
1726 1865
1533 1563
797 344
620 899
620 1753
1170 1865
464 1865
906 834
996 1036
967 346
17 325
997 967
620 325
620 840
0 1145
1122 697
1844 885
89 686
1698 1479
1822 686
794 1467
1025 1251
1025 608
133 605
626 977
871 313
871 1475
1256 0
1580 1503
801 806
349 384
605 1413
1580 998
999 1885
999 415
999 1582
999 881
999 1130
999 241
999 1286
999 1017
999 869
999 1660
999 490
999 553
999 1139
999 1467
999 1677
999 243
999 1413
999 1519
999 486
999 317
999 1224
999 465
999 1136
999 942
999 109
999 1097
