1899 498
1120 1867
1296 604
1266 187
605 1413
1753 223
841 1349
619 607
265 1726
1251 752
1365 924
695 49
1004 1226
275 1397
1881 1269
1066 602
1338 1489
486 1356
1844 899
1436 486
695 1296
695 443
605 1240
695 1588
143 833
1356 862
1296 109
871 1240
1251 383
1537 143
386 351
659 1371
1537 1251
907 377
714 1867
1014 479
1844 695
1878 672
1371 1161
143 57
143 1145
1413 347
1413 1269
872 1122
1269 925
501 1690
1537 1145
1355 31
187 1688
898 1245
898 1110
898 1145
695 697
695 784
695 223
871 1537
871 695
223 925
1475 605
1475 794
58 56
1475 1269
58 506
871 259
540 841
418 841
418 528
848 314
243 384
651 1226
318 3
1145 925
605 925
1844 885
1533 1145
1132 1251
1132 1863
1356 243
608 1145
695 1321
1097 765
371 813
607 371
223 349
1122 1189
1122 1278
1676 1371
0 1122
1282 605
1231 1537
1231 442
143 1296
1642 313
313 450
450 1844
825 926
1231 17
1533 1659
596 484
629 1533
989 1278
352 806
1537 450
1231 1563
1231 717
1231 752
871 806
608 874
1231 695
653 1537
874 313
1688 1132
717 1296
1269 653
1186 450
1066 31
213 1227
871 1563
1017 871
1260 1286
1788 717
283 188
1296 149
695 57
1009 629
1533 900
626 576
1867 629
1408 1126
1122 1145
1844 1413
1533 450
1189 877
143 254
923 752
57 925
925 837
1533 751
1231 869
89 1089
1231 1286
1231 1789
576 1579
1881 89
877 1296
877 1546
1730 149
1563 1503
1533 925
695 869
1462 776
695 1368
1881 1883
871 925
453 1079
277 346
877 1145
877 1278
0 1137
0 357
841 751
841 695
1413 835
605 349
717 843
1170 1089
1408 1413
695 1408
143 638
1170 1413
1730 543
841 927
1726 928
1726 929
1690 881
49 751
1563 1336
1256 806
1256 1089
484 349
400 383
1479 1089
930 325
930 359
930 438
930 1206
930 479
930 1563
930 1231
930 380
930 1565
700 841
930 278
1844 504
1546 931
371 820
371 349
1645 1499
1645 1475
0 697
697 1137
1004 629
695 1169
1690 834
695 60
695 1690
695 1628
512 1122
869 1628
1563 1687
695 903
841 869
315 605
1563 1844
871 1579
891 1278
930 1385
891 892
731 695
605 1872
695 1595
1266 802
1266 780
1266 1203
1278 0
453 1726
1480 1712
1480 720
1145 932
881 60
1122 722
841 1266
143 380
1367 605
44 357
605 101
751 605
858 143
1089 1514
1788 213
1788 285
1788 344
1788 933
605 709
60 1495
60 1257
1563 576
880 806
880 1145
933 1546
780 933
695 1174
695 780
689 717
1317 1169
349 0
596 1127
841 629
871 1385
731 1385
605 933
877 60
1844 722
1514 629
1514 415
1514 233
711 820
446 1408
1844 933
871 1061
1310 869
1310 1349
1310 203
1310 834
871 722
629 1336
695 85
133 820
1844 935
177 82
265 1231
1692 1371
695 188
689 479
695 1684
933 442
1355 933
1355 1141
695 1316
1316 57
695 1692
670 449
903 1373
670 377
670 311
670 157
670 1143
223 717
223 1871
670 869
670 563
670 751
670 1404
930 933
1310 243
1310 1373
453 722
1514 1439
504 1174
602 780
602 807
1296 57
203 1788
695 389
695 1336
695 1514
243 936
1702 1326
265 1537
461 1294
461 1865
695 196
1579 316
187 602
695 1394
602 605
1844 937
1844 931
1844 1816
1844 853
695 612
1025 0
1025 1822
1025 1537
700 1174
1231 325
1866 832
794 1339
318 1089
930 31
809 479
813 1709
871 697
602 930
1844 938
939 933
939 940
939 938
1278 941
1231 813
695 1102
695 843
695 1091
605 942
605 943
1336 501
1844 944
1278 946
1278 947
948 1278
1149 1120
187 942
187 943
187 1866
187 949
843 940
605 1579
948 384
670 275
1336 1579
950 1039
695 404
247 1089
695 670
436 825
670 1660
1579 314
187 313
1039 717
806 265
605 951
1197 57
1197 1142
383 885
1336 203
1336 717
1336 26
1336 1467
1563 526
670 1580
731 1189
731 1196
731 751
731 814
1145 952
1145 953
948 869
948 806
670 133
670 954
670 854
670 479
869 731
1669 213
1282 1368
1336 1619
1514 147
1844 955
670 955
1726 187
957 1338
605 958
60 955
1010 1854
695 959
948 1563
40 1563
695 1050
1588 714
1170 943
670 1870
1231 1709
930 960
957 1892
265 187
1440 1229
695 809
695 961
695 318
670 1569
605 962
695 963
1145 751
1355 109
1865 964
1321 602
1321 608
806 1661
806 930
1588 965
966 959
0 1189
605 1074
871 1506
965 377
689 383
605 968
1385 1819
1580 965
1788 1576
1788 1787
1788 424
695 859
384 349
695 1506
695 965
431 349
695 969
970 1690
970 965
1788 869
1702 1437
60 1580
60 1569
670 970
965 60
386 965
1336 1304
1514 717
1514 1555
957 971
1145 187
265 264
948 962
972 1291
670 973
1563 356
547 1730
1538 962
1730 970
1514 1098
794 1413
605 1385
1563 963
371 629
371 885
794 629
386 794
860 1537
963 449
963 854
695 754
1865 744
695 1788
605 806
605 1865
1050 1503
963 942
963 1648
