1891 2527
387 429
863 1062
863 202
863 772
863 1859
461 1070
1544 797
1544 417
797 145
797 417
417 331
807 414
807 1070
807 1271
767 417
850 417
1070 166
417 820
1431 1639
1431 303
1431 189
1431 1848
647 417
952 75
952 1104
952 1842
952 1271
952 1070
952 1332
1070 647
1070 1848
1330 1070
772 1062
417 1101
1179 417
1189 417
1641 28
1544 1693
1544 1747
1226 658
1226 417
1681 417
1149 1070
121 1070
636 1698
1068 1070
129 1070
1497 75
1497 1070
1331 417
208 1070
1070 1681
772 1467
772 1023
417 1888
1247 1544
1070 303
1226 1467
1226 822
1226 985
1226 330
1226 529
1226 226
1226 1069
1226 378
369 417
1070 1179
1592 1070
820 1818
417 1405
417 1783
1431 417
636 417
1497 1888
952 1742
952 1814
81 1070
1070 575
1837 1176
1070 1275
257 658
1747 417
1668 1070
1848 732
807 1474
807 1771
807 1206
1467 417
1070 145
1070 1619
257 417
1629 1070
1431 1619
658 1366
658 752
658 1649
658 133
658 1771
658 817
658 271
807 227
1826 1070
0 1843
739 1070
1497 145
1859 1407
1859 772
417 585
1339 1070
1070 797
915 1070
1179 1619
1070 331
0 417
1159 1070
1179 440
1179 1431
1179 303
1179 1848
1179 1639
1070 990
212 1070
1639 417
1070 820
772 22
1544 1431
996 417
996 1544
996 1681
1395 1544
1395 417
1395 636
4 1070
585 647
417 53
1237 417
542 1353
1179 79
705 1070
323 417
1549 238
1549 1088
1549 189
1549 378
1549 728
1549 303
1549 21
1549 1848
1549 387
1549 380
1549 1466
1549 281
1549 1660
1549 1467
1549 781
1549 429
1549 1639
1549 1740
1549 750
145 417
331 733
1070 767
417 165
90 417
90 1179
1407 1062
1407 772
335 1070
952 1474
1729 417
1740 28
1740 1055
1497 1640
417 1660
1329 1706
1208 1070
1783 1070
1070 12
1070 1536
1070 1740
1070 1466
1070 1639
1805 647
1544 850
1431 440
1544 189
1544 1740
1544 303
1544 1848
1544 1639
1544 1179
417 1498
1179 1653
952 397
1888 1817
202 1062
202 772
1706 401
1706 897
1706 1457
1706 1263
1706 1160
1706 1740
1706 618
1706 1132
1706 1723
1706 417
1706 935
1706 355
1706 1466
1706 1660
1706 473
1706 513
1706 1544
1706 730
1706 515
1706 583
1706 145
1706 901
1706 1319
1706 1179
1706 1144
1706 1295
1706 988
1706 443
1706 1549
1070 257
1009 1070
636 1508
636 1888
636 658
636 256
1177 1070
672 973
672 378
672 417
672 303
672 1771
672 1848
672 1639
417 166
1544 1818
647 513
647 1466
1544 1275
1070 1331
331 1206
1497 1271
417 658
417 304
715 1070
772 1361
772 549
1070 1405
1070 1018
429 1660
1407 863
1759 772
417 1619
1706 1032
1706 109
1706 1276
1706 1848
1706 1047
1706 916
1706 839
1706 795
1706 1867
1706 1120
1706 885
1706 387
1706 1824
1706 1222
1706 1825
1706 421
1706 380
1706 658
1706 815
1706 531
1706 1712
1706 1701
1706 9
1706 760
1706 797
1544 636
585 1747
1706 829
1706 1180
1706 357
1706 616
1706 1684
1706 1545
1706 21
243 1070
807 1574
807 1567
820 1544
820 674
820 658
820 1771
1070 891
270 417
1179 1312
1179 1101
1421 1639
1421 1848
1421 303
1421 189
1421 1431
1639 1253
1639 732
1564 417
1070 1544
423 1070
850 1070
850 1189
1497 658
331 647
440 1639
440 1619
440 303
440 1848
1859 1062
915 417
1544 1679
1070 432
1179 797
172 1070
658 850
417 859
1183 417
1706 189
1706 1395
1706 1698
1706 429
1706 498
1706 994
1706 967
1706 1317
1706 1639
1544 53
1070 1840
1258 647
1258 417
1488 1238
1070 1164
303 417
1258 1733
256 417
1544 658
1481 417
1179 331
1532 1070
1017 1070
766 770
1070 1169
334 1353
891 417
647 1888
647 1179
750 28
1169 417
1258 1070
1258 397
658 191
658 182
1844 1070
1070 1775
343 417
1544 1189
1070 1104
417 1818
1508 417
270 1179
959 417
1279 417
1535 417
1179 191
417 1848
1819 417
1070 452
410 1070
1070 1296
797 658
1070 596
271 417
331 1431
1070 451
1070 1747
720 417
720 414
770 417
1179 952
1070 1888
1275 417
1070 1367
1095 417
952 1206
611 732
1783 1405
1421 1619
303 189
303 378
303 1740
303 1771
303 1160
303 1848
303 1639
868 337
417 505
417 1104
226 973
226 378
226 417
226 303
226 1848
226 1771
226 1639
1070 1101
1070 369
1848 1828
1544 1610
1070 585
1740 189
1740 1431
1740 1848
1740 1639
990 417
1070 1687
331 1101
331 1639
331 440
331 303
331 1848
889 417
1179 53
1179 636
1706 649
1706 1538
1706 1838
1706 112
1706 635
1706 391
1706 379
1025 417
863 22
954 658
1070 343
549 202
1727 1070
575 772
1747 1179
1070 195
1070 959
759 417
1859 1467
1859 1023
1070 1793
1066 1176
195 417
585 1544
417 452
1179 1421
1070 1025
417 380
306 1070
1070 1176
1748 417
1070 1424
898 1070
1070 122
202 1859
133 417
1247 417
1247 1271
226 1467
210 1070
1070 1076
933 1070
1070 658
1597 417
1070 846
1802 644
672 1467
1070 741
904 1070
952 1567
650 1070
1610 1070
1070 954
1070 138
770 217
1179 1424
1070 1183
1497 529
1610 417
1771 1206
1771 1271
1771 1474
1771 1070
1771 227
1070 1489
1070 1467
733 417
733 165
1466 1740
1466 1641
1466 1160
1466 322
1466 1317
1466 1639
658 908
417 868
1660 334
192 1070
728 561
1888 585
417 908
1070 1655
1497 647
417 143
807 1814
1263 1032
1263 429
1263 12
1263 1457
1263 189
1263 594
1263 378
1263 728
1263 1740
1263 251
1263 155
1263 1222
1263 542
1263 781
1263 44
1263 112
1263 916
1263 417
1263 935
1263 1848
1263 1759
1263 1466
1263 1160
1263 1660
1263 1467
1263 1319
1263 1545
1263 899
1263 281
1263 635
1263 1614
1263 303
1263 1825
1263 387
1263 515
1263 380
1263 1386
1263 750
1263 246
1263 1323
1263 202
1263 1355
1263 22
1263 421
1263 1407
1263 815
1263 1144
1263 21
1263 1838
1263 473
1263 1329
1263 1088
1278 1070
1660 750
1070 1095
1070 1535
1334 1070
1179 1466
1238 417
417 1160
1222 1708
863 1759
1859 143
1859 1848
647 53
647 636
636 53
202 143
202 1848
1456 417
450 1828
1070 1160
1848 143
1329 294
1329 89
1329 682
1329 1768
1329 606
1329 221
1329 171
1329 1055
1329 53
1861 1070
636 720
1759 1062
1070 53
1179 182
1639 647
752 257
772 630
341 1179
341 417
575 417
370 417
1747 1317
1747 1101
1498 658
1070 636
1816 1070
21 28
1189 820
750 1794
1165 1070
1070 1511
1448 417
807 1681
807 1036
1070 759
1070 1109
1070 528
1859 22
636 303
331 797
915 1544
1070 165
22 1062
1070 1238
1176 591
1176 302
1759 1859
954 1179
1176 1766
1176 1393
1176 1671
1176 374
1176 945
1176 84
1176 417
1176 1564
1176 41
1176 678
1176 360
1176 1780
1176 1049
1176 336
1176 1854
1176 477
1176 957
1176 1621
1176 471
1176 718
1176 816
1176 1827
1176 1478
1461 1055
1461 1329
1160 1740
473 1740
828 31
828 1106
1203 635
473 1764
473 757
473 1759
473 1836
473 1859
1329 1466
322 189
1160 1055
1160 1859
1160 1461
404 1740
10 1740
648 1740
1395 1614
1395 1740
1395 281
1395 750
1395 355
322 1740
322 1706
322 1825
1825 1764
21 1180
1160 1660
1740 52
379 1740
379 1160
379 1825
379 916
542 1740
1740 762
1160 1382
1106 1055
1579 765
1160 1701
1160 1329
584 1740
1103 1055
1759 1055
781 1740
916 1055
1329 1701
781 1171
781 496
1740 21
542 1055
1180 1055
1859 1764
1859 781
1682 1579
681 1055
1836 18
1836 916
1860 0
1180 762
1180 1740
473 1329
1759 916
1180 44
1180 1160
1180 916
379 1329
379 1660
1341 1055
1740 197
233 0
1461 1106
482 1740
1740 380
508 1740
1711 1055
1711 1106
495 322
319 1579
1836 396
21 396
1329 18
1563 1740
575 189
575 1740
575 1848
575 1466
575 676
575 1639
498 189
498 762
498 633
498 495
1740 287
1740 1559
1329 527
322 332
1461 31
611 1740
611 1848
322 1160
1740 1791
1740 495
379 750
1711 1329
1859 659
769 1740
473 1209
473 1407
473 916
399 1579
1706 1622
1706 142
1859 1466
1740 1447
1622 495
537 1740
335 1579
31 1055
31 1274
792 1579
792 322
1268 1579
584 1329
1651 1055
1651 1106
1407 1764
1160 762
1819 1740
187 1706
1180 473
1180 379
1180 1859
379 1055
1263 1055
916 1740
916 1160
916 1859
1022 1740
1180 1764
1382 1740
829 1055
1825 1466
1711 1180
1163 1740
1163 344
1163 1639
1163 206
1163 1660
1853 1055
1853 1106
1592 1579
1740 1825
1740 1329
380 762
380 189
1160 189
1160 1848
1160 865
1160 318
1160 1639
1740 1697
1749 1579
1740 1386
1160 1764
765 1740
765 1160
1740 782
1740 560
1740 764
1740 1701
63 1740
1160 1825
1106 542
461 1579
1545 1740
1759 1836
1759 1764
1171 1329
1171 1180
1171 1740
429 1545
1579 379
1180 1825
1740 218
1160 18
1740 498
373 1055
373 1725
1836 1407
1836 1764
1836 781
1701 1466
916 1764
762 1444
762 78
762 1858
762 189
1706 495
1706 1599
1740 1764
1711 1143
542 1160
1701 1407
1701 1764
312 1055
245 1859
1507 0
609 1055
583 927
583 429
1461 1386
1600 1579
1740 831
1853 202
1711 1341
1461 916
495 782
202 1055
1103 1274
493 1740
664 1740
380 143
380 1639
1357 1740
1740 408
667 1055
1740 1622
1777 1390
828 1055
1740 662
1740 531
1740 142
1740 415
1759 781
1777 322
1836 1740
1836 1160
1836 1859
551 1740
473 1055
1740 698
312 1740
1777 1740
142 426
142 1669
142 403
142 1622
473 1825
1859 828
1859 1055
1859 1329
379 1764
1740 1759
1740 1710
1836 1055
1836 542
1329 245
322 1701
189 1701
1461 1103
379 18
379 1836
1579 189
723 1740
262 1740
0 322
0 1701
473 542
1740 865
1740 318
864 1740
1457 189
473 781
473 155
287 1559
1836 1825
189 1791
1103 31
473 18
1461 667
1836 1103
813 1579
1776 1579
1776 261
1407 1759
1407 1822
542 1329
542 1461
1407 916
1407 1740
1407 1825
1407 1160
0 1160
443 1638
443 473
1740 1555
1740 1374
380 111
380 618
380 542
380 1160
380 536
380 1120
202 1160
202 1764
1160 1170
1090 1579
1706 1638
1706 1555
1825 916
1825 1701
542 1759
1322 1579
1740 1613
0 1740
0 416
1461 473
1461 1263
1466 380
575 380
1740 522
1329 57
542 1764
542 379
431 1579
916 1209
1859 379
473 1160
1384 449
828 373
314 1579
1193 1055
1193 1859
1106 1859
189 78
1461 1180
1171 496
202 1740
1274 1055
1706 883
681 1088
681 1529
916 31
781 1160
781 155
1859 1740
511 1579
1740 1638
1740 1249
1463 1815
153 1740
482 1359
499 1740
499 1160
1825 387
1825 112
1461 1759
1032 1740
1180 1759
322 1639
1390 1740
1579 1825
828 562
22 1160
22 1764
1798 1579
860 1055
860 1329
1836 1701
1010 1579
482 1575
781 1791
781 1721
781 44
781 1355
781 916
781 1386
781 1467
322 762
322 78
322 1579
322 1444
507 1740
151 1579
1740 643
1329 1359
31 1106
1740 320
860 1106
781 31
1395 1437
1395 1565
1395 1527
1395 137
1395 1654
245 1359
1859 1825
828 781
1407 542
916 18
1740 351
1740 618
1740 536
1740 111
1740 1120
1263 1764
1740 1711
1740 1467
1740 421
1641 1639
1641 1740
1641 380
1641 1660
1740 632
129 1579
662 0
1603 1740
1603 1295
1603 1848
1603 387
1603 1660
1603 1639
1603 781
1651 1725
1651 373
1106 1180
1203 916
1740 841
1160 204
473 1395
916 1701
916 1106
147 1579
1461 1711
251 1055
1740 316
1461 1859
204 729
204 1740
1711 562
916 782
916 635
1407 379
1740 750
1740 429
1791 495
1740 1234
781 542
781 1764
1329 1495
1160 537
21 487
1461 202
1461 1725
1461 373
31 1764
1845 1740
1740 1504
1853 681
925 1467
1443 1740
1579 347
1263 1873
1170 1740
1825 1638
1825 1555
1160 1725
1160 1103
916 1329
445 1740
74 1579
828 1759
1425 1740
473 21
1386 473
1759 1160
1740 1686
1794 1740
1740 749
1562 1740
1562 473
1740 1587
1329 1106
1143 1055
1497 1549
1497 473
1497 1740
1106 667
1328 930
1328 1579
59 975
542 762
1461 312
1395 36
1395 927
1395 1660
1329 150
782 635
1374 1701
1836 1180
1796 1740
1777 1277
1777 1160
1777 1848
1777 1639
1657 1579
830 1395
830 1565
830 1527
830 137
830 1437
1740 1715
1740 1872
1794 2
1794 380
781 1407
781 1825
1461 1856
1461 781
189 1203
1711 542
1639 189
762 1701
1740 1103
1701 1599
1701 495
1701 498
1740 148
1579 333
698 537
373 1859
213 211
380 916
380 334
380 1638
380 1660
1848 1545
1263 1836
1263 618
1263 379
1263 1430
1587 1579
1587 1160
792 485
792 1740
792 1797
1263 1180
1263 1859
1859 1171
1859 496
698 1329
21 762
21 679
0 573
1329 1504
1777 423
1777 347
1777 13
1777 189
1777 1116
781 22
1106 1725
92 1579
1563 1555
1563 190
1563 1579
83 473
83 1263
1711 1759
473 522
542 111
542 618
542 536
542 1120
542 1639
1457 1740
723 1579
473 1872
1459 542
740 1180
740 1740
1853 1160
1825 189
600 1579
1706 762
498 1466
498 1825
681 583
681 510
684 1579
781 1055
841 1160
828 1274
1579 508
1329 1356
1160 860
322 782
916 155
683 1579
1461 1407
1825 96
1710 1160
1579 1249
610 1740
1740 679
1859 885
29 1579
1160 1194
189 994
1759 1825
841 1639
841 380
841 498
380 1771
1051 1579
261 1740
1755 1579
1466 1555
1545 1329
1495 1579
1180 1407
251 1740
251 1329
251 781
421 18
421 473
421 1160
421 1859
1407 1055
1740 479
379 852
148 1579
1386 1160
388 380
388 1740
1160 1794
1622 322
1848 429
860 1180
380 78
380 1858
734 1740
317 681
317 1055
189 495
542 18
1561 1740
1856 1055
1759 1329
1740 143
1677 1579
1777 1180
1777 916
379 202
832 1579
1740 334
1341 582
1457 1466
1457 1825
781 1856
322 403
322 1457
322 976
1701 1223
1845 0
860 473
1160 155
1641 83
1641 542
1641 473
1641 1263
1859 31
1701 1203
1466 189
542 1341
449 359
449 487
1151 1579
386 473
1399 1579
542 916
542 1660
542 78
542 1638
542 334
473 428
322 498
1386 681
31 1341
1160 387
1651 1180
1660 1638
482 1329
142 729
142 86
1374 976
1374 189
1579 498
1180 18
1740 1472
1740 1789
1091 1579
1091 1613
1308 1740
1263 18
1651 1740
322 455
322 1372
860 1263
1711 916
1513 1329
1513 1740
1513 1836
202 1701
202 1825
1740 1721
1740 1355
1740 1461
78 1740
1387 1579
1859 18
634 1579
495 762
495 1466
495 1599
1180 487
1740 607
1859 1701
1706 1517
0 508
0 487
473 1638
0 1185
1483 1740
1794 1639
1794 189
1579 1859
1457 1701
1853 1725
1220 1579
1579 1160
1579 916
351 322
1740 196
1740 1599
379 1614
1740 1771
782 1579
782 189
782 1517
1160 86
1160 142
1160 1622
1740 1423
610 1160
1180 380
1579 473
1622 1538
1622 1466
1622 189
1329 1580
1160 1438
1740 245
1740 675
1836 681
388 1579
1853 1103
858 1579
762 916
762 1660
762 1638
762 334
762 1639
1748 1740
1106 1836
421 925
429 750
1836 1341
781 96
781 1538
0 379
408 762
833 1740
812 1740
52 1160
387 1660
916 21
1836 31
1836 1274
21 1430
21 1538
916 994
916 1517
1555 542
740 1825
1740 1776
1740 1356
202 542
1853 542
1794 1470
1639 495
969 1740
395 1579
542 1563
473 387
473 112
355 473
1740 487
1284 852
322 13
35 10
35 1329
1859 757
698 322
542 1706
762 196
762 1599
1466 865
1466 318
1740 175
1386 916
1740 70
1740 164
1318 1740
1762 1794
1762 380
1762 1740
1762 762
1579 542
1809 1579
1859 1721
1859 1355
1425 1329
189 387
1740 821
1504 1701
1504 1160
1263 1701
1579 83
1579 1641
1579 1263
421 1639
429 355
426 1160
426 1579
1461 1274
473 994
1329 1660
1579 1701
1579 976
1701 1759
1701 473
828 1329
335 1740
335 473
1740 845
592 1579
1740 310
1740 543
1740 1521
202 1725
202 373
1740 18
498 916
498 1660
498 1444
498 1638
498 542
498 1160
498 334
498 1639
1314 0
1791 421
1791 1639
916 202
142 1466
0 711
1450 1579
916 1171
916 496
1759 1106
1329 721
1740 338
473 202
1212 1740
916 1103
1740 1010
803 1579
1466 1638
1701 1639
927 429
42 1055
916 988
548 1740
473 1457
379 429
1740 1424
1651 1329
1579 762
1180 318
1711 1859
445 1579
542 1859
1472 1579
1740 925
482 551
379 1284
1740 829
1740 22
322 1423
1103 1725
473 22
380 473
1740 982
22 245
1329 1110
482 473
542 1825
542 1701
322 560
322 764
473 96
1711 1407
1740 1438
1740 1838
495 1560
495 1825
429 473
1521 1160
473 487
473 762
1701 421
83 1740
1088 1740
1088 1328
916 396
189 1281
1740 426
125 1579
473 379
562 1055
1853 828
1853 1329
1853 1859
854 1740
1740 1451
31 562
1740 1051
1740 1384
1740 813
1740 1209
860 667
1853 916
417 12
417 1740
417 1466
1106 373
1106 1160
1706 1744
1706 1862
1706 10
1706 1590
1706 111
1706 899
1706 1508
1706 246
1706 1100
1740 676
1740 1178
498 1599
1615 1740
883 473
828 1740
1744 1740
420 1579
86 782
494 1740
1329 429
373 31
1160 1516
845 1579
86 1740
421 1055
1711 473
1711 1386
1579 1560
1579 495
1740 1648
429 1614
240 646
0 632
1740 342
487 1384
1579 422
1859 909
1740 622
781 1329
1740 1660
342 1579
78 1701
78 1444
78 1858
1743 1579
782 1046
782 1622
782 32
782 297
1642 1740
1740 213
1459 1055
1459 1263
1466 916
334 473
334 1160
1706 1656
1706 559
1141 1579
542 197
1836 1329
1462 1579
1462 1160
425 1740
1160 373
1092 1579
1759 1872
473 251
1180 679
1461 1836
1010 1617
1579 1632
1777 1466
421 1467
1608 107
22 31
22 916
772 1055
1740 465
1106 781
429 380
1407 1209
83 542
1579 1836
386 1457
1711 1103
322 1517
1599 189
1740 72
1836 994
1836 988
1638 1555
1848 1791
1848 1088
1848 728
1848 387
1848 1660
1848 757
1848 750
828 667
781 89
1825 36
1651 609
750 988
750 96
750 1160
1682 0
1466 202
1106 1764
1859 761
1859 89
1859 1538
1248 300
1248 971
473 909
1579 1382
473 988
380 1825
380 498
926 1055
1740 1537
1639 318
1555 1377
1555 1560
1555 1660
1461 1764
1461 89
781 994
916 1721
916 1355
1740 1046
1740 32
1740 297
667 31
667 781
1745 1579
1740 855
805 1579
728 1825
728 916
1180 1329
828 1263
1193 542
1193 1740
1740 1004
1579 1794
1513 1869
1740 639
828 1836
1740 1495
1706 367
1740 1188
322 820
1189 1421
1469 227
1681 1189
1681 1498
1681 145
1681 820
727 1754
927 820
820 303
461 227
820 1481
1431 1189
1385 417
636 820
636 1189
797 820
1666 820
820 389
1771 393
1771 954
1385 1179
820 145
820 1498
331 820
1771 1544
820 704
257 820
1 820
1174 820
1431 820
1385 1814
1101 820
1385 927
974 1771
1714 227
820 1857
1179 820
822 1771
1664 1553
704 914
447 820
1138 1385
820 195
758 820
26 227
758 1857
1888 820
598 227
758 275
647 820
647 1189
876 820
1431 647
1385 1634
820 385
1385 658
820 753
1237 227
1042 227
1385 1431
604 227
1385 1666
305 227
820 1833
1189 1481
237 227
1421 820
704 1568
820 1634
1385 1818
1498 145
1498 1189
822 1385
1385 1481
1385 647
1385 1189
1385 195
1503 1142
1142 227
1771 1385
1028 227
1303 820
898 227
397 227
1189 209
116 820
1771 1431
1771 1778
601 227
1189 145
293 0
1231 227
1601 227
545 227
95 227
910 55
910 797
1748 910
290 1574
910 642
1665 1574
1404 1574
910 35
910 1304
1496 910
314 1574
0 910
461 1574
910 145
114 1724
910 1282
636 910
1509 1574
1544 910
910 1771
1546 910
910 301
910 834
910 491
399 910
192 1574
586 910
910 1291
491 1574
910 1482
1623 1574
1785 910
305 1574
73 1574
574 1574
1795 1574
910 1724
910 114
910 436
77 1574
1212 35
1212 910
910 987
910 1788
1349 1338
483 1760
1750 1574
1212 1574
910 1594
983 1574
641 1574
638 1574
844 1574
910 480
910 1397
256 407
1885 505
1330 505
1065 256
65 256
314 505
658 256
1075 256
823 505
256 823
1200 505
1667 505
0 256
256 1119
461 505
904 505
1508 256
530 256
1544 256
1119 215
1087 256
256 1498
167 505
91 256
1137 972
634 505
1237 505
1497 505
751 256
492 505
923 505
30 256
1539 181
678 505
1309 505
1403 505
1048 256
256 517
517 505
797 1508
797 256
647 1544
647 1498
647 1508
647 145
647 797
647 256
647 658
1498 1544
1498 1784
1498 636
1498 307
1498 409
1498 794
1498 901
1633 256
505 888
376 256
1119 505
157 505
728 256
923 256
192 505
383 1006
1189 113
1189 1179
1189 617
1189 391
1189 97
1189 1508
1189 307
923 1048
256 1216
585 1189
1518 1271
1628 1271
1823 1544
1179 145
1287 863
1287 1431
145 1544
873 1544
1544 1573
1825 797
1825 1544
772 1544
1544 1888
1771 1031
155 797
155 1544
155 1549
335 75
674 1544
1549 1544
1771 1096
1771 430
454 1544
1544 649
1544 1547
1544 843
1544 205
1871 1271
216 1544
0 1544
0 943
1748 1544
703 1544
1435 1544
1544 1032
1544 1205
430 1266
0 1336
462 1544
1544 430
1618 1544
1063 1544
1544 5
1544 35
787 1544
1497 1544
1497 417
1259 430
145 823
50 1544
335 1271
1888 1179
1173 1544
904 1271
1544 657
1271 1544
1508 1466
484 1544
797 1189
1179 1205
879 1271
284 1544
1544 1866
1571 1271
1544 1457
1544 1508
1519 1544
1332 1544
1544 1079
1544 277
1140 1544
674 665
0 324
934 1771
934 430
1544 352
1395 1888
1544 130
1544 1262
64 1544
823 1332
464 1544
1544 1876
1544 1871
1544 185
1544 725
934 1544
1544 429
1179 674
1038 1544
1371 1271
375 1544
1079 1271
1325 1544
674 1689
1544 68
1592 1271
589 1544
231 658
863 1544
863 303
863 1431
430 71
1457 797
1544 1228
1497 532
0 666
304 1544
229 1544
326 1544
585 658
1742 1544
1217 1544
1544 1166
1544 1098
1544 355
728 1544
728 35
366 1544
229 234
229 1096
229 1771
229 1283
229 430
0 49
1032 1457
1032 357
1032 443
956 1544
1544 1681
188 1544
378 1544
0 1831
1571 1544
1054 1544
756 1544
1544 826
1508 585
1544 1466
1481 1544
1544 737
1544 626
1544 1593
913 1544
456 1271
1544 1694
788 674
1544 538
1145 1544
1032 83
1032 1395
1544 1499
1737 1544
1340 1544
1544 118
1544 1326
1771 1266
1771 674
731 1271
672 1189
1544 1291
1243 1544
1211 1271
26 1544
1848 1744
1127 1271
205 1032
1577 1544
819 1544
1688 1544
922 1544
264 1544
1486 1544
0 1320
1544 1191
0 1085
1544 448
1771 234
377 1544
380 1544
1544 1726
1544 219
1442 1544
335 1332
296 1544
970 1544
1544 1227
1544 1347
429 1888
1466 797
747 1544
804 1544
1112 1544
776 1544
1767 1544
23 1544
1154 1544
71 1544
1544 249
674 1189
717 1271
1544 929
1403 1271
1466 357
1466 443
1544 1335
80 1544
1544 1024
1544 488
1771 1259
1829 1544
1752 1271
145 1888
1242 1271
1747 1032
1544 746
835 1544
0 413
1645 1544
1000 1544
252 1544
1273 1544
1544 349
1207 1544
134 1544
1544 775
1544 1213
1544 823
1416 1544
1014 1544
1544 322
823 1271
397 1544
1544 672
1398 1544
412 1544
0 1162
1544 88
335 1206
1544 1031
476 1544
229 1888
229 71
1184 1544
1189 658
1731 1544
0 1883
1544 771
1352 1544
674 1136
944 1544
459 1544
1167 1544
1096 1544
1680 1271
1882 1544
1821 1544
443 1319
443 1544
443 1603
443 635
443 513
443 1395
443 515
443 556
443 251
443 1848
443 1549
443 542
443 429
443 1144
443 83
443 155
443 1545
443 658
443 246
179 1544
443 1408
443 1744
443 196
1544 82
1720 1271
1544 105
580 1544
0 887
1544 1880
777 1271
1183 1271
1544 1739
1751 1271
1544 1246
1744 1544
1744 1549
1670 1271
895 1544
1544 502
1231 1544
1544 1080
1544 384
1514 1544
0 1362
1544 1050
1544 236
1021 1544
1515 1544
1658 1544
1544 713
1544 780
1052 1544
948 1544
400 1544
872 1544
446 1544
200 1544
785 1544
1544 1133
0 1807
1544 1799
1544 286
1549 797
1544 1161
755 1544
61 1544
1272 1544
1465 1544
328 1544
329 1544
405 1544
1105 1747
1105 1271
0 1520
1305 1544
223 1271
772 1059
1544 1058
1179 1771
1346 1544
1771 1283
1212 1544
1533 1544
695 1271
0 1890
687 1544
76 1544
1146 1544
1544 1183
108 1544
1544 1786
1614 1544
1614 1888
0 1604
361 1271
0 1716
1544 1781
1096 71
1096 430
0 1130
566 1544
1254 1544
1289 1544
1434 1544
631 1544
674 353
1480 1544
205 1663
1544 1053
1255 1544
247 1271
170 1544
660 1544
1351 1544
783 1271
1544 1293
555 1544
585 636
908 1544
1114 1544
863 1302
1808 1544
1820 1544
797 636
1742 1189
952 1544
952 417
952 1189
1742 1814
1189 786
269 1189
1189 912
1189 501
1029 1814
520 1099
1742 981
1742 1005
906 1189
461 1814
1189 1287
1742 572
585 1742
110 1189
0 1189
636 440
636 784
647 501
1189 1057
1060 973
1060 672
1060 1431
1060 1287
1060 1189
1060 658
1324 1189
1189 1005
1578 1814
1287 973
1287 672
1287 658
608 1189
1819 1814
1566 1189
1571 1814
1771 1189
1189 712
260 1189
1189 1348
1037 260
1037 1189
1189 363
1189 814
1870 1814
848 1189
397 1814
1189 1174
136 1189
1237 1814
1189 1530
1350 1189
1519 1814
1189 1578
1121 1814
1189 1626
999 1189
798 1189
1422 1189
1189 440
1742 1581
1189 857
1270 1189
1189 1581
1189 1138
1566 1554
1742 110
501 1422
933 1814
1596 1814
1270 1814
1742 194
1189 1609
1728 1189
1017 1814
558 1814
1742 1481
1742 1138
1189 257
1189 1094
172 1814
694 1189
1189 572
1189 470
658 1179
658 674
1287 728
1742 242
1888 1189
1667 1814
1431 973
1431 672
1431 658
1189 1543
1202 1189
898 1814
1742 1324
1189 1644
1189 1730
1226 1189
1581 269
1189 837
1189 1596
1265 1189
1431 1742
572 1814
1189 33
1156 905
1156 144
1156 1002
1156 372
1156 103
1156 176
1156 1814
1156 350
1156 1661
1156 1738
1156 1835
1156 475
1156 1225
1156 619
1156 51
1156 519
1156 1267
1156 1865
1156 1847
1156 677
440 784
1189 724
797 1431
1212 1814
399 1814
1189 119
1497 1189
1742 260
818 1814
1742 647
1742 809
