1891 102
1070 797
1070 1479
1456 417
1070 942
1070 417
1070 1035
1070 1639
1070 1290
1070 313
1506 227
552 227
1881 227
461 227
503 820
314 53
836 227
623 227
1056 227
1175 1678
1460 820
102 227
1476 227
1765 227
898 227
587 910
505 735
0 1544
0 1381
1544 1706
0 1831
0 1320
1222 1544
1544 1744
0 1604
0 1162
1179 1544
0 1591
0 324
1544 1466
690 1544
1544 585
0 24
1544 624
0 1336
1544 611
1544 112
0 224
0 605
1544 1032
0 597
0 490
0 568
1544 1431
1544 1694
1039 417
1070 856
202 1062
202 772
1070 1439
1070 817
1070 1224
417 1544
417 658
1070 963
1070 331
305 227
1358 227
481 227
1709 227
481 53
1073 820
390 227
1607 227
1363 227
1867 417
1867 820
1867 1189
722 227
919 227
1128 910
505 563
0 1150
0 1520
0 1362
0 1139
0 299
1544 1236
1544 708
0 14
0 1285
1544 1717
1544 1343
1544 1457
0 1269
1544 1585
0 509
1544 774
0 1419
1544 299
0 1523
0 292
1544 1641
