1891 2861
797 417
807 414
807 1070
807 1271
129 1070
1668 1070
952 397
952 1070
952 1271
807 1814
807 1206
807 227
1699 417
1330 1070
915 1544
1237 417
1279 417
797 910
952 75
952 1332
952 1104
952 1206
952 1842
636 417
1544 589
1888 417
1811 417
1070 647
807 1643
807 505
1740 28
208 1070
739 1070
1070 1719
331 417
1278 1070
1101 417
658 1366
658 752
658 1649
658 133
658 1771
658 257
658 817
658 271
212 1070
4 1070
1508 417
1070 1889
1070 1619
1070 658
658 191
658 182
658 417
417 990
916 1160
1681 1544
1771 358
1771 1315
1771 1271
1771 227
1771 1070
1771 1206
952 1643
952 414
1070 1544
417 53
1070 1179
820 417
827 1070
827 820
1034 417
1070 636
1544 417
1189 417
1101 1747
1431 1639
1431 440
1431 303
1431 189
1431 1848
1070 701
1713 1544
423 1070
417 1370
1189 658
392 797
392 526
392 417
202 1062
202 772
473 1032
473 429
473 12
473 1457
473 1263
473 594
473 378
473 728
473 1740
473 251
473 155
473 1222
473 542
473 781
473 44
473 189
473 112
473 916
473 417
473 935
473 1848
473 1759
473 1466
473 1160
473 1660
473 1467
473 1319
473 1545
473 899
473 281
473 635
473 1614
473 303
473 1825
473 387
473 515
473 380
473 1386
473 750
473 246
473 1323
473 202
473 1355
473 22
473 421
473 1407
473 815
473 1144
473 21
473 1838
473 1329
473 1088
473 1706
904 1070
417 1746
1032 417
952 1814
952 226
952 915
952 672
952 1431
952 973
952 227
952 908
952 1287
807 1474
807 1771
1888 1817
705 1070
1115 1179
585 417
647 417
243 1070
1806 1062
1544 53
1557 417
772 1062
772 863
440 1639
440 1848
440 303
440 189
121 1070
1719 417
952 1567
1888 1317
1629 1070
807 358
807 1315
417 166
461 1070
1068 1070
1070 1424
1467 28
417 1466
1070 1746
1466 1179
1070 820
339 1070
303 417
1819 417
1101 1032
1888 53
701 417
417 1783
1681 417
1179 417
207 1599
859 417
1149 1070
1431 585
526 417
954 658
417 1457
81 1070
1070 256
410 1070
1070 1235
341 417
1806 863
1806 1407
1222 1708
1070 341
1806 202
1806 1859
1699 1681
1424 417
417 1405
380 1641
380 1180
1466 658
1070 1639
1226 1467
1226 822
1226 985
1226 330
1226 529
1226 226
1226 1069
1226 417
1226 378
910 417
226 973
226 378
226 417
226 303
226 1771
226 1467
226 1848
226 1639
1070 1888
1859 1062
1859 202
1070 257
1564 417
1070 303
1070 908
1070 1818
1747 1544
1544 797
1544 658
315 417
647 910
1431 636
1263 1032
1263 429
1263 12
1263 1457
1263 189
1263 594
1263 378
1263 728
1263 1740
1263 251
1263 155
1263 1222
1263 542
1263 781
1263 44
1263 112
1263 916
1263 417
1263 935
1263 1848
1263 1759
1263 1466
1263 1160
1263 1660
1263 1467
1263 1319
1263 1545
1263 899
1263 281
1263 635
1263 1614
1263 303
1263 1825
1263 387
1263 515
1263 380
1263 1386
1263 750
1263 246
1263 1323
1263 202
1263 1355
1263 22
1263 421
1263 1407
1263 815
1263 1144
1263 21
1263 1838
1263 1329
1263 1088
1263 1706
1032 1253
1032 732
463 1070
750 28
1066 816
1070 1109
1497 1070
1497 505
440 636
1070 1411
417 540
1376 1070
1179 801
1179 940
1179 615
1179 34
1179 1500
1070 1550
1297 1070
1544 1818
1070 797
526 797
1761 1179
1660 1641
889 417
1329 1504
952 1474
1339 1070
636 53
325 417
1070 195
1180 1641
1180 916
1070 1466
1431 1421
1226 658
1070 910
1070 714
1859 772
1101 331
1070 939
1706 1032
1706 1457
1706 401
1706 1740
1706 1144
1706 829
1706 658
1706 1047
1706 916
1706 1180
1706 417
1706 839
1706 795
1706 357
1706 616
1706 1466
1706 1160
1706 1120
1706 1544
1706 885
1706 515
1706 1824
1706 1222
1706 1825
1706 421
1706 145
1706 380
1706 1684
1706 513
1706 1545
1706 531
1706 1712
1706 21
1706 1701
1706 760
1706 797
1706 1329
1070 1405
417 457
165 417
1706 189
1706 1395
1706 1698
1706 1744
1706 429
1706 498
1706 1302
1706 387
1706 967
1706 1639
1706 1660
1395 417
1070 741
910 535
1070 1456
1208 1070
271 417
271 1544
271 1681
1660 1467
1660 28
40 523
1740 1180
1740 380
1740 238
1070 1649
0 417
954 1070
417 1818
1070 1101
1464 1070
1713 417
820 1189
636 191
1070 938
827 417
866 1070
1431 417
1032 189
1032 429
1032 1641
1032 1466
1032 1660
417 911
1122 1070
417 505
1497 529
380 1353
1706 1848
1706 443
380 916
1740 863
1740 772
1740 1160
1740 1859
1639 417
1639 303
954 417
1070 1564
799 1544
636 1698
1189 53
303 1740
647 1639
1070 1298
1660 427
1660 189
1660 1431
1411 417
611 732
772 916
1070 230
915 417
1888 145
1070 859
1641 28
636 393
1421 1639
1421 303
1421 1848
1421 1619
417 133
685 908
859 1746
270 417
90 417
916 238
1498 859
1498 417
1498 1681
863 1062
863 1407
1070 1832
1407 1062
1407 772
303 1888
417 1367
417 1619
341 1179
1641 916
127 636
636 98
1009 1070
840 1070
21 28
145 1544
1070 331
1639 1888
1771 1474
1783 1070
417 1169
429 1888
380 1589
1070 1699
331 533
331 1838
331 1421
331 1431
256 417
1070 1367
1844 1070
939 417
1070 1189
1070 955
797 658
1070 1681
417 1093
1649 417
772 1160
1759 1062
1759 772
1759 916
1235 417
908 417
1070 1498
1740 1622
1740 916
1740 1825
1740 417
1740 542
1740 1466
1740 1428
195 417
1874 1070
807 1574
807 1567
202 916
916 1062
916 1806
1070 162
1532 1070
1467 1062
1467 202
1467 1316
1467 1859
1859 916
915 1070
417 1388
1232 1070
1070 165
863 202
863 1859
863 916
1070 1650
335 1070
133 1070
133 1179
1599 1070
1599 847
1599 62
1599 778
807 75
678 417
1070 186
647 440
647 189
647 1431
647 303
647 1848
1826 1070
915 647
303 1160
303 916
145 417
230 417
1201 1841
1889 417
1179 1582
191 417
647 53
1817 417
394 417
838 908
1179 303
1179 1431
1179 1639
1179 1421
1179 1848
1180 1353
1070 863
1070 575
1159 1070
1771 910
820 658
331 1179
696 248
797 647
1550 417
1706 649
1706 97
647 1818
1744 378
1744 1088
1744 21
1744 189
1744 1641
1744 1740
1744 728
1744 417
1744 303
1744 1848
1744 387
1744 380
1744 1466
1744 281
1744 1660
1744 1467
1744 781
1744 429
1744 1639
1744 750
1189 1544
442 1771
186 827
1070 585
1070 1493
1740 1353
688 1639
1559 1070
654 417
417 1747
1070 394
166 1070
807 1842
807 1884
1070 1687
916 542
387 1180
938 417
938 1817
1748 417
928 417
1017 1070
392 427
392 97
1746 579
168 417
1431 797
1070 270
1070 16
701 939
797 53
145 1179
1706 542
1179 270
417 1298
863 1872
1742 417
1070 1169
916 1639
650 1070
1493 417
1070 90
417 996
772 1806
1456 417
1070 1104
1706 415
1706 1526
1706 618
256 1544
658 1681
417 778
1179 182
1859 1407
714 417
417 182
1660 542
1660 916
1189 113
1189 1179
1189 1784
1189 391
1189 1888
1189 1498
1189 256
1189 797
863 1316
996 1681
1070 1458
257 417
916 1353
1070 1641
1727 1070
1859 1160
1771 529
1070 1551
915 1271
1771 417
542 1353
1070 1088
1744 238
1070 1152
1841 1066
1582 417
1070 1431
1176 471
1176 1542
1176 477
1176 1886
1176 678
1176 1016
1176 1333
1176 878
1176 984
1176 1066
1176 1854
1176 718
1176 1298
1176 178
1176 452
1176 41
1176 1671
1176 816
1176 360
1176 321
1176 84
1179 1172
1070 1032
1888 226
1177 1070
1018 1070
542 417
162 417
1070 53
1639 1180
1070 928
1176 374
1176 417
1176 957
1176 1837
1176 1413
863 750
1070 1817
1179 1544
1696 1070
1639 1253
1639 732
1746 658
1746 1544
1848 28
1544 1466
1589 417
1589 1444
1832 417
145 53
816 1671
542 1055
1160 417
1888 797
334 1353
647 1411
47 1542
47 1176
380 417
750 1062
750 202
750 772
750 1859
1070 526
1070 427
728 561
1848 732
890 1070
636 1544
1740 1062
1740 1407
863 1467
863 1660
334 417
1701 542
1431 784
1706 1873
1706 1812
1070 1747
1467 417
1070 1467
1070 378
1070 871
781 31
1502 1579
681 1055
379 473
379 1740
379 1160
1401 1740
1193 42
1193 1055
916 1701
916 1329
1776 1579
860 1055
860 667
1740 765
202 1701
202 1740
1407 1055
1407 916
1461 1055
1461 781
1825 1701
1825 1466
1825 1160
1825 916
1407 1160
1407 1764
1848 1740
31 1055
31 582
1740 1686
1329 1740
1329 1160
320 1740
792 1740
322 1740
1171 496
1759 1764
1759 1859
482 1329
379 1055
473 1055
1160 1622
1160 189
1160 1848
1160 1466
1160 322
1160 1639
1507 0
429 1740
1106 1055
542 22
461 1579
1390 1777
1461 1106
1461 1859
916 1467
916 781
1740 1467
1740 781
1274 1055
322 498
1740 1836
542 781
828 1055
1329 781
1836 1055
1466 322
1740 1409
303 322
303 189
303 1848
443 916
443 728
443 1740
443 1848
443 1638
443 387
443 380
443 1776
443 1467
443 781
1180 1160
379 570
1825 1180
1740 482
1740 1504
473 823
1825 1764
1660 1603
1660 1466
1660 728
1660 1088
1660 1740
1660 1848
1660 387
1660 380
1660 781
1603 1740
1603 1848
1603 1466
1603 429
1603 1639
760 1055
762 1740
667 1055
1759 1055
1848 1467
1848 1639
1848 143
1848 781
1706 1622
1274 681
1677 1579
1825 1641
1825 19
916 1055
1759 496
1759 1740
1759 1836
1740 1032
1160 18
1329 1461
123 0
233 0
1459 1055
1459 1759
1848 1088
1848 630
1848 728
1848 387
1848 380
1848 750
883 473
1859 1764
1263 1055
1329 1055
651 1740
750 1407
750 1764
750 379
1457 1740
1457 1622
916 1764
42 1055
1180 1209
1859 1055
1711 1467
1711 1386
1711 1740
1711 781
1711 916
373 1055
1859 1825
1160 542
1160 1764
1740 1199
1740 861
1682 1579
1740 571
1710 1160
1740 96
379 916
1180 1055
1740 1764
1740 22
1467 421
1467 1292
1467 630
1467 781
1836 18
1043 1579
125 1579
1459 1856
1459 1106
1796 1740
1706 1189
828 1106
474 1740
860 1341
609 1055
1461 1341
1407 1825
1407 379
1740 160
1160 1759
916 581
916 139
781 496
1740 1701
1386 1055
1740 78
1740 1639
1263 1764
1407 421
1407 380
1467 1639
1467 1160
31 1853
31 373
202 1160
202 1825
581 139
581 1740
581 473
581 1160
681 583
681 510
684 1579
916 1836
1711 1055
1711 1106
1171 1467
1171 1740
1171 916
1740 496
542 401
542 1457
542 1032
542 1222
542 155
542 829
542 1638
542 145
542 1744
542 935
542 1848
542 10
542 1466
542 513
542 1544
542 112
542 1825
542 1508
542 421
542 515
542 1498
542 1622
542 531
542 1319
542 1144
542 1295
542 760
542 1867
542 256
542 1329
542 443
781 1721
781 1355
781 1386
781 1160
743 1740
1740 977
1706 1408
1706 112
1706 988
1706 96
1706 994
1706 927
1706 635
1706 1319
1706 1784
1706 307
1706 1867
1263 1859
473 18
1740 25
542 1180
1740 262
1853 1055
1853 1329
1622 1627
1622 1538
1622 1466
1622 189
421 1701
949 1740
949 465
1740 1055
1740 1662
1143 1055
1106 202
1759 1825
1193 667
1740 610
1740 126
1794 750
1579 1160
1579 1825
1579 1859
1579 916
1471 729
1471 1579
1471 1155
1158 1740
1740 1556
473 1764
1660 1639
1579 1467
1579 1660
1740 1077
202 1836
202 1764
1459 1274
1660 429
1466 916
1682 1740
765 1160
380 1639
380 334
78 762
78 1444
1329 653
146 1740
314 1579
916 496
1859 781
1461 22
498 1740
348 1579
1740 213
1263 1701
1160 1055
1740 1257
662 0
1836 1859
832 1579
575 189
575 1740
575 303
575 1848
575 322
575 1639
829 1055
507 1740
916 31
1740 189
1483 1740
1407 542
1342 1740
1160 544
1160 1222
1160 1147
680 916
1386 609
1171 1859
1386 1160
1171 1548
498 841
1740 52
1504 1622
1504 1160
1504 1701
1103 1055
1711 379
31 202
31 1721
31 1160
379 18
1461 1740
1461 1274
781 1424
781 1639
1329 1123
1701 1160
1836 1329
1836 1160
1740 44
1836 96
1329 1701
287 1740
287 1160
823 1375
1853 1106
1853 667
1579 781
1740 421
1740 8
1341 1055
1836 1263
1160 1088
1446 1329
74 1579
828 582
828 31
1639 406
1639 143
339 1579
1329 18
429 1088
965 396
1740 1108
1608 107
542 317
1463 1815
202 164
1853 1274
1379 1740
1740 1757
1711 1274
1160 994
1329 1291
148 1639
148 1579
1329 1711
1740 689
916 667
251 1055
1222 1329
1735 1740
962 1794
1849 1740
542 1764
1088 1740
916 164
1740 18
1268 1579
1706 155
1706 1638
1706 1372
1706 995
1706 1538
1706 101
1706 1508
1706 164
1706 1498
1706 1838
1706 256
1836 1764
1740 570
1461 542
1859 1329
1859 473
220 1579
21 396
916 44
1407 202
100 1055
1740 1222
1740 1295
1740 1408
1740 357
1740 83
1740 1120
1740 795
351 1740
1180 18
1180 473
750 1622
750 916
750 1740
750 1825
750 1466
750 1160
750 1675
1459 1143
1825 1222
781 1106
1740 143
473 66
473 1584
439 1803
439 0
439 364
439 883
1740 117
1740 640
1740 1462
1819 1740
1740 280
1740 89
1180 1859
319 1579
860 1274
860 373
860 1106
473 1836
1740 1440
1329 1180
1740 387
1825 1622
1825 635
1180 1764
1461 667
893 1579
1759 31
1740 164
1740 1768
1740 518
1250 1390
500 1740
1740 1256
1740 656
562 1055
781 379
1647 729
1647 1386
1647 362
379 1764
1711 496
1711 1859
916 1386
1092 1579
542 379
542 31
542 1106
542 1859
1329 1466
1461 1407
916 994
828 1740
828 1461
86 1740
1622 1155
1622 1625
1457 1466
202 542
1467 1386
1329 1359
1740 433
1579 473
927 380
140 762
140 1740
1399 1579
1740 1218
202 1345
202 1721
202 781
31 1103
728 1740
1459 1180
1740 423
1740 318
120 1579
1853 1263
1853 916
362 1753
362 1772
362 716
1382 1740
1711 1407
1045 1740
1579 1836
213 211
213 1160
1461 31
1859 245
1859 496
322 1701
1329 379
916 1651
373 1725
1853 1759
1407 12
1407 496
1407 1171
1407 1548
1740 406
828 1274
1277 1740
443 1466
1106 667
781 1055
781 1274
1395 473
1160 1711
1088 1691
1126 1740
728 740
728 916
1798 1740
1651 1055
1651 1106
1193 1106
1180 1193
1180 781
1711 1836
379 1825
202 1180
667 202
379 1622
379 1466
379 1675
83 473
83 1263
635 1740
792 1155
792 1825
1329 254
916 143
916 676
916 1848
916 757
1222 1466
1711 373
1740 1209
1825 18
828 1386
828 916
1651 1103
1651 609
1461 42
1740 1646
1740 1641
1424 1639
1579 1848
1579 96
1579 676
1579 575
1579 1639
494 1740
232 1418
232 1579
386 1457
1706 60
1329 318
1777 1740
1160 86
1740 936
750 1660
916 1209
1860 0
1741 1579
769 1740
575 962
1461 1180
1160 1015
1759 379
782 635
1740 668
22 1055
1579 1342
542 1428
1836 1407
31 1651
31 1106
1461 916
1459 85
781 1764
1740 1281
1740 1386
1368 1579
1467 496
1740 1537
1856 1055
1856 1106
1329 10
362 902
1711 609
379 1701
676 1740
473 139
1274 85
1740 1001
1466 1180
1740 892
473 1240
1193 1329
1740 1776
1740 607
1461 1853
1461 1386
1222 202
1222 1764
362 729
362 1386
380 184
1160 1675
781 44
1454 0
92 1579
473 1209
322 1639
322 78
322 1444
1748 1740
1740 823
1261 1579
473 278
1180 1407
498 762
823 1113
0 1757
0 1740
1853 373
1740 1015
962 1639
962 1740
962 533
1651 1329
916 268
916 927
1740 1430
1740 273
1744 916
1744 1836
1744 1549
482 473
681 542
560 1740
1407 96
1641 281
1641 429
1736 0
1504 916
1740 334
1263 1180
1263 379
1740 789
1740 1873
1740 10
1740 1545
1160 571
1863 1740
266 916
1706 824
1740 853
1378 949
1378 994
968 211
916 10
860 582
1407 42
1851 1160
1600 1579
1740 1187
1630 1740
1630 1160
539 1160
1386 1329
916 1203
916 635
22 1764
22 1859
1193 1274
1836 379
1160 1461
0 1160
1214 1579
348 1740
1622 1372
1622 662
232 1740
232 1329
609 1103
312 1055
1740 338
916 18
628 1579
1759 85
792 1579
542 18
1740 588
1740 1060
1740 1360
1651 42
85 1055
1836 1825
1853 1143
1545 10
1545 1329
1836 396
1853 681
1329 1250
1794 1740
1740 1089
1809 1579
1233 0
1651 85
1651 1759
1711 1180
202 1055
473 10
1579 482
1740 1311
10 1660
1386 31
1740 1522
1701 1204
1701 1466
1701 531
1106 1859
1386 1651
1501 1579
1111 1740
1836 828
1836 1106
681 1791
681 1836
681 12
681 128
681 1417
681 1659
681 1229
681 800
681 1740
681 556
681 251
681 1301
681 979
681 1712
681 42
681 1196
681 158
681 379
681 781
681 1461
681 317
681 69
681 661
681 1355
681 373
681 1180
681 100
681 1759
681 1806
681 183
681 1477
681 667
681 1487
681 482
681 1856
681 1143
681 1459
681 1171
681 998
681 1859
681 881
681 1825
681 1467
681 1103
681 1386
681 603
681 860
681 85
681 258
681 1041
681 875
681 1651
681 884
681 202
681 1160
681 22
681 421
681 562
681 1407
681 916
681 1193
681 1341
681 473
681 772
681 760
681 828
681 1721
681 1321
681 1329
681 203
681 1800
681 312
1329 828
1389 0
1576 1740
1457 1160
1559 287
1559 1740
1711 1143
1740 883
1740 66
1740 1584
1859 1701
916 1622
1579 1263
1407 781
85 1193
1759 542
750 927
1106 562
1386 312
1103 1341
1740 378
571 729
1622 142
1443 1740
1461 1263
1579 380
1579 334
1193 562
1660 1545
1660 1329
380 1757
380 994
916 1675
1859 1274
1740 620
916 1812
781 28
473 443
1160 1409
1180 268
1180 927
1180 379
1180 750
828 171
828 1859
828 781
916 1222
85 1859
85 1461
1492 1579
1740 754
902 1772
902 1570
1740 1319
1740 174
312 1836
1548 1467
1548 1740
1548 496
1548 916
1457 1222
1457 916
1457 1825
1457 994
1457 1701
1368 1740
0 1588
0 516
1579 262
78 1639
78 1160
379 1859
781 101
781 630
1097 1740
1341 916
927 1660
1180 1759
473 1701
1180 1622
560 189
658 142
379 588
387 1639
387 583
1740 153
1651 1836
1740 894
1541 1579
916 1872
85 373
421 656
421 916
1379 1579
916 1106
662 455
662 1740
21 916
1740 1675
1307 762
792 322
1851 1673
1851 3
473 169
473 697
1461 373
1222 83
1222 1544
1222 1395
1222 429
1222 1660
1222 291
1461 609
1263 18
1740 354
1329 1622
1740 382
765 474
627 1329
1742 1706
1859 42
1836 1209
916 988
1461 1759
575 1160
1135 762
1135 473
1740 12
1740 1824
1740 1391
273 1180
273 916
1579 498
1622 1794
139 1579
762 473
1836 1088
1386 542
1061 1701
1061 1329
142 1740
142 729
380 498
1740 1040
373 1106
373 1856
373 916
1740 1395
1740 1544
792 916
421 1859
1274 31
1711 542
1083 1673
1193 1143
1090 1579
1859 380
1579 1792
322 841
1701 1222
1461 202
588 1060
1407 1329
1631 882
1701 142
1579 1192
1592 1579
1459 542
1853 562
1701 96
1701 1182
1701 1625
781 994
154 1579
1740 855
575 916
575 676
575 781
1711 1759
380 421
1584 883
1584 0
1584 1572
1584 1810
1329 1606
1086 1740
31 860
1711 42
916 396
1319 96
1319 1160
1319 379
1701 189
860 1651
860 1836
380 429
380 281
781 171
860 1329
1740 1625
31 1856
11 1660
1777 189
1777 13
1777 322
1344 1579
1848 429
1263 1504
421 1055
421 1836
437 1740
473 1622
1740 1102
1171 995
1171 1180
1171 161
1836 1274
1859 1768
1859 96
1859 1538
1461 473
781 1825
1329 89
1641 1639
1106 1329
1308 1740
1740 1446
1706 263
322 1579
1848 676
916 1856
42 31
429 487
429 281
429 750
781 1853
1740 1134
1022 1740
1759 781
1711 562
1193 373
1740 1244
542 1836
202 1329
542 1274
1180 1386
29 1579
1390 1740
1390 1329
792 1859
792 781
1839 1579
1180 1274
348 1263
348 1160
916 1768
142 189
1651 1180
1484 1579
1759 1407
1198 542
1198 1579
322 762
1853 42
562 42
874 1579
1466 189
916 1395
916 1544
916 429
916 83
1513 1020
1740 782
1740 1613
1740 20
1579 1587
259 1740
1193 1740
681 31
781 387
781 750
1641 19
1160 380
1160 334
31 1859
1853 542
1579 78
1274 1341
1755 1579
1193 781
443 1529
443 616
443 355
655 1740
283 1579
418 1579
1579 924
1740 1313
1467 1824
1467 1391
1467 757
916 245
85 1853
85 667
201 1579
667 1160
1740 1562
860 1759
1868 1740
750 406
1579 542
1859 1386
387 750
443 142
1171 1386
1706 10
1706 899
1706 1862
1706 225
1676 1160
1706 669
1365 1579
610 1613
1740 465
1740 1676
1386 1143
1459 667
140 790
1461 1722
1461 379
927 1395
927 1622
927 531
927 1740
927 1408
927 829
927 1144
927 429
927 1744
927 112
927 1848
927 795
927 1466
927 1160
927 988
927 513
927 1545
927 96
927 515
927 1544
927 1319
927 1825
927 387
927 145
927 793
927 415
927 427
927 635
927 1032
927 1784
927 421
927 760
927 1867
1160 143
1740 1043
673 232
916 1023
1849 1329
85 1329
1337 1740
1337 781
317 1055
1660 1395
1660 443
1622 1222
1859 18
1587 1160
1579 279
1579 303
802 1740
858 1579
1106 1274
1740 1219
560 1701
1459 1263
1160 474
916 1516
916 1611
0 1157
1706 86
1579 126
1740 1378
1701 635
1459 373
1740 880
31 1764
1329 1492
1639 1794
867 1740
11 1740
78 13
1701 1100
791 0
1732 1579
255 1055
781 1836
435 1740
1579 1701
1459 42
42 1106
322 1622
869 1740
453 1740
1740 1369
1740 514
1160 1209
1740 184
1740 1552
1740 994
458 1579
1711 1103
1457 738
634 1579
916 740
431 1579
916 60
1651 421
556 473
1329 823
1660 281
1639 189
1521 1740
1521 1160
1306 610
1329 472
792 473
1740 175
1186 0
1651 1143
1740 1064
1329 810
1369 0
0 607
473 618
473 164
85 1106
1549 238
1549 1088
1549 189
1549 378
1549 728
1549 303
1549 21
1549 1848
1549 387
1549 380
1549 1466
1549 281
1549 1660
1549 1467
1549 781
1549 429
1549 1639
1549 1740
1549 750
916 782
1341 582
1836 1180
1106 681
1639 676
1701 87
498 541
498 156
498 1444
1776 173
1836 44
1549 1641
1549 482
1549 1386
421 824
1740 1292
1740 630
1706 1428
1613 1160
1613 1579
1579 1466
1319 1836
1461 562
1180 496
542 1545
1774 1740
1740 388
506 1740
245 496
1203 635
1240 1579
31 1740
860 781
362 274
362 1570
1160 676
1459 1386
1088 378
790 762
1759 1386
379 396
860 1160
22 1160
1641 498
1853 1386
1494 762
1494 1740
1579 1148
1651 542
169 697
1051 37
1850 1579
1706 1590
1706 111
1706 246
1706 1100
1706 1013
1641 841
736 1740
388 1579
1641 1160
1461 1143
571 1579
334 1639
1740 669
322 189
1660 1691
1740 806
781 18
1180 373
1180 31
1180 1106
1180 1856
1192 1740
1740 371
1364 396
1364 1155
1740 1300
883 66
1740 1587
1203 1701
1660 583
916 1103
1756 1740
1836 1513
202 1171
202 496
1836 373
1836 31
1836 1856
473 142
473 658
1459 609
1579 44
1740 637
1103 1725
862 1579
322 541
322 156
1355 1764
1424 1467
1424 1740
1859 171
1160 496
1579 421
317 1836
317 1859
473 1562
473 994
0 614
1329 1204
635 1160
1407 667
1691 1120
1691 1740
1329 309
670 1579
251 1106
251 562
251 860
387 1088
387 630
387 728
387 380
387 143
387 1467
1329 1433
265 1579
1639 1386
635 560
1836 496
627 1740
627 646
1407 1106
681 1608
681 1088
681 1529
894 1673
1329 31
1579 213
1160 39
1669 1701
472 1849
740 1740
1579 347
1579 13
1160 1111
1329 673
1740 931
1466 429
1106 1160
941 1329
941 1740
941 1545
521 1579
565 1579
1414 1579
1740 1123
635 1622
635 1466
1107 211
1595 1740
1461 89
1740 148
177 211
278 1740
1160 173
266 1364
1386 379
1386 1836
1386 1872
1386 1538
1706 594
1706 291
1791 1055
1740 593
860 379
719 1538
719 1516
719 575
151 1579
966 1579
1407 1103
1740 1373
1798 1579
42 542
42 22
42 860
1740 1250
1160 196
139 729
139 1740
139 1155
860 562
17 883
524 0
1193 1725
1825 96
10 1467
10 429
1179 820
461 227
820 1666
820 797
93 227
1012 1742
1012 820
727 1754
345 820
1142 820
585 820
1508 256
1508 820
1888 820
820 876
820 1544
1771 1544
1771 820
993 921
993 1634
1019 1012
896 820
1385 1666
1385 389
1771 1189
1385 827
1237 227
257 820
820 1481
99 820
1385 1742
820 1742
1855 820
1834 227
604 227
1664 820
1385 1544
237 227
1221 227
993 1003
993 950
1385 1142
1385 647
820 1619
1385 417
820 402
820 331
797 992
481 227
820 1410
704 346
1165 227
1385 1771
389 820
411 227
1644 820
1101 820
1385 1814
1644 1742
331 303
331 440
331 1639
331 1848
1385 1639
647 820
820 124
1385 257
1011 1877
1011 546
1011 820
1011 58
914 704
1426 820
1168 1385
547 820
1558 1702
1558 227
820 1634
481 53
820 1787
704 820
214 820
1420 1142
1385 1189
576 820
325 227
1385 1508
1385 256
1385 1855
237 820
1072 227
1681 820
836 227
1639 820
489 820
489 1742
978 227
285 227
1771 674
1771 131
1771 414
1855 124
402 1385
1592 227
910 15
797 145
1665 1574
114 910
910 145
440 910
314 1574
910 104
1252 1574
461 1574
910 1724
1748 910
636 910
910 1354
910 642
910 480
849 1574
910 308
910 368
910 1544
180 1574
910 1432
910 1734
910 436
298 1574
1795 1574
910 141
1491 910
910 222
910 282
1785 368
797 440
797 784
910 1785
910 1818
910 1441
910 658
910 199
574 1574
1734 1574
700 0
135 256
1075 256
314 505
763 383
1633 1508
91 647
595 505
461 505
1508 1544
973 256
256 823
226 256
256 647
1453 256
256 434
256 91
742 702
980 267
823 505
702 1705
702 505
702 444
407 256
1330 505
808 505
424 256
636 1888
636 1784
636 1380
636 1408
636 1508
636 241
636 1189
636 797
636 256
636 658
91 671
256 444
256 742
904 505
256 1705
325 505
444 742
1885 505
634 505
256 1481
1237 505
1633 256
407 1299
407 1508
256 383
1033 505
256 797
1508 658
1705 505
1481 303
65 256
1498 1544
1498 1888
1498 1508
1498 145
1498 1179
1498 636
1498 585
1498 797
1498 256
1498 658
621 763
1427 256
256 1216
256 1718
1245 505
256 355
335 505
0 256
305 505
1179 1888
1179 585
1179 1508
1179 797
1179 256
1179 658
492 505
256 152
820 256
1592 505
1200 505
1400 256
1179 636
91 434
1644 489
797 1260
797 585
797 1408
797 1508
702 1026
383 621
1455 256
797 1590
797 750
564 505
1030 256
1122 505
1431 1619
91 1508
256 825
797 1784
797 409
797 241
797 901
0 1544
0 1831
1544 647
0 1604
1842 1544
1127 1271
1544 674
1544 1742
1544 340
797 1466
1518 1271
737 1544
1614 1395
1614 1888
1614 429
1544 355
960 1544
1752 1271
1544 1620
1468 1544
1475 1271
440 1544
440 784
647 658
1544 1027
1544 1096
695 1271
1544 378
1466 1508
1032 1457
1032 1544
1032 357
1032 443
1544 1700
1706 636
1544 1888
1544 1435
1544 1457
1032 83
1032 1395
0 1520
797 1222
1544 585
1544 1871
1592 1271
1395 1888
1395 137
443 1319
443 1603
443 635
443 513
443 1545
443 515
443 556
443 251
443 1408
443 196
443 429
443 1144
443 83
443 1395
443 155
443 1744
443 658
443 246
1544 823
1744 1544
0 244
1571 1544
0 1285
647 1481
1481 1544
0 597
229 1544
1544 295
1544 1319
1544 1288
1395 1544
1371 1271
1544 205
674 469
934 71
1747 636
1888 585
1888 1319
1771 934
908 1544
0 1320
1571 1271
0 1162
823 1271
851 532
1544 1683
1544 311
1287 1544
1544 784
772 1544
1291 1544
1544 1431
1544 1251
1544 23
1567 1544
0 46
1544 590
0 1336
0 324
1104 1544
1195 1544
1544 193
904 1271
1544 450
314 1271
1403 1271
728 1544
728 35
1747 1271
1544 512
0 356
1309 38
1706 647
1544 1769
314 1544
0 43
589 132
0 1716
1618 1544
1544 1098
1544 442
863 1544
863 589
1771 1742
149 532
1189 1742
0 1139
1544 1867
1101 1544
1319 1118
1319 137
1319 951
1544 429
1544 106
1457 797
1544 71
1887 1271
1825 1544
1544 1264
1544 599
1544 1181
1544 1136
658 1818
1544 1210
1771 1027
1287 1189
934 1544
934 229
1706 142
1544 1641
1210 1271
1544 1008
1544 900
674 525
1544 137
1074 1544
1319 429
1544 554
335 1189
335 1490
335 1271
1544 443
1544 1383
1457 635
1397 1544
137 1614
0 1485
1888 137
674 355
1497 1271
1544 946
119 1544
674 585
1179 1288
361 1271
1544 1690
1544 324
1544 1770
1544 27
585 658
239 1271
1222 1804
1038 1544
1038 1431
797 1825
1544 709
1544 997
35 1544
1544 441
1212 1544
1747 1032
663 1271
674 658
674 1852
399 1271
672 1544
1544 1547
1082 1747
953 1271
1771 365
1395 429
1742 1814
1742 1481
1189 1036
440 1189
1017 1814
1742 636
163 636
1867 1742
1867 1189
1189 1779
1005 1742
1237 1814
1532 1814
461 1814
1667 1814
1534 1742
1571 1814
1029 1814
534 1099
1189 647
1324 1189
1742 1681
1189 398
1189 1431
56 1814
145 1189
636 257
1189 1117
1252 1814
1226 1189
1324 907
1742 658
1819 1814
1644 1189
647 1565
1742 440
1189 1174
1498 1742
907 1189
1189 1571
1189 1310
1202 1189
1870 1814
1084 1742
1189 912
1189 1078
550 1814
0 1189
1189 798
1084 1481
1189 1412
1189 1032
1742 260
1779 1742
1189 257
1122 1814
1248 1875
1189 1348
1609 48
1609 692
1609 1758
1609 1864
585 636
585 1189
1189 1138
647 636
877 1814
298 1814
325 1814
1084 1814
1742 797
1742 1174
1189 1578
226 1189
1189 1436
647 1888
1189 1508
1609 1742
674 1189
652 1814
1189 784
1742 257
818 1814
558 1814
647 45
1310 1742
