1891 115
1070 1612
1497 1070
1497 505
1070 773
1070 1367
1070 1280
1070 1830
1070 908
1070 1039
1070 1879
1070 1481
1070 1479
1070 1508
1070 1176
1070 67
1070 1619
461 227
481 53
1503 1142
460 227
917 820
917 227
1504 276
779 227
1524 820
1174 820
1616 227
481 227
102 227
1067 227
779 797
645 227
438 227
1239 227
461 820
598 227
331 417
331 820
1787 1190
1787 227
1787 1814
1773 820
1402 227
993 921
0 910
505 417
314 53
0 1544
0 1362
0 1320
0 292
1544 288
1544 1329
1544 159
1544 1466
647 1544
1544 1782
0 1831
0 1637
1544 228
1544 920
0 1162
0 1598
1179 1544
1544 691
1544 1032
1544 1706
1544 1744
0 1394
0 1692
0 1716
1544 7
1544 1445
1544 554
1544 918
1544 542
1544 1071
0 1085
1544 1098
1544 1139
0 413
0 578
1544 1888
1544 567
0 1381
1544 1813
0 289
0 1139
0 1685
1544 497
1544 23
1544 1605
1544 585
1544 1763
1544 1652
0 1130
1544 903
1544 112
1544 1197
0 1327
0 710
0 699
1544 256
0 1704
1291 1544
0 419
0 1604
0 324
1544 381
1544 1392
0 1846
1544 6
1544 1674
0 1591
1544 1449
