1891 160
202 1062
202 772
1888 417
658 1888
1070 1508
1070 1888
1070 1848
1070 288
658 417
952 1332
952 75
952 1070
952 1271
1179 417
1149 1070
772 1062
1070 1619
952 1643
952 414
1070 1124
1180 828
1180 1055
1180 667
1740 1466
1740 1706
1160 1639
1160 1740
1160 1660
681 1055
1160 322
1329 1740
31 1055
828 1055
828 1274
1160 1759
1274 1055
1180 1740
1329 1160
1160 18
1740 142
1740 1622
1740 916
1759 916
1853 1055
1853 1759
1329 916
1759 1055
1459 1055
1459 1106
1848 1740
473 1740
473 1160
1608 107
1677 1579
681 583
681 510
1740 495
781 1180
781 1055
1740 1407
1740 1764
473 10
1180 1459
1180 1106
828 667
1466 142
1466 1160
1466 1622
1106 1055
1268 1579
1180 1759
1180 1160
1386 1180
1740 322
10 1088
10 1740
10 429
10 1660
1853 1180
1160 1710
1466 916
1794 380
1794 1639
1794 1740
1794 750
1639 1740
319 1579
0 1622
1143 1055
314 1579
1579 976
461 1579
322 1622
322 142
1160 495
1579 1790
1579 429
1639 1032
429 1740
916 1160
1407 1764
1603 1032
1603 1740
1603 1836
1603 1848
1603 1660
1603 429
1603 1639
828 1106
1624 1579
1624 1776
667 1055
1032 1740
1106 781
380 1740
142 729
142 1622
1459 1143
1504 327
1160 1055
1160 964
390 227
991 227
1504 0
461 227
305 227
504 227
102 227
205 53
836 227
0 910
505 1707
1179 1544
0 1544
0 486
1544 1641
1744 1544
0 686
0 568
0 693
0 1831
1544 1694
1544 1466
226 1544
1291 1544
1544 443
0 1336
0 115
0 324
0 1187
1544 1706
0 1215
1544 145
1544 509
0 1703
0 1569
0 1130
1544 886
1544 23
820 257
