1891 105
1070 1508
1070 1525
1070 331
1070 94
1070 1439
1070 569
952 414
952 707
952 1070
952 1036
952 1271
1070 985
1070 1531
1070 256
1070 451
1070 1801
1070 612
1070 468
1070 1424
625 820
467 227
461 227
503 820
1695 820
917 820
744 227
1153 227
768 227
768 758
1294 227
842 227
460 227
958 820
908 820
625 1385
1241 227
250 227
1237 227
932 820
917 227
625 1814
1634 227
505 1510
505 1406
1544 466
1544 54
0 1544
0 1139
1544 450
0 1415
1544 1782
0 870
0 1604
0 1336
1544 145
0 1636
1544 1392
1544 1098
1544 585
1466 1544
0 1831
0 1085
0 235
0 1130
1544 1071
1744 1544
0 557
1544 796
1544 1179
1544 1032
1544 1694
1544 613
1544 1593
0 324
0 1320
1544 198
0 1473
1544 185
1544 986
1544 811
1544 1133
1544 1602
0 693
1544 1512
1544 691
1544 726
0 710
0 1162
1544 1129
112 1544
1544 1044
0 568
0 1883
1544 1672
1544 1706
1544 1230
0 272
1544 288
0 666
0 989
1544 6
1544 1686
1544 1652
1544 1878
1544 1081
