24740 8223
0 1
0 21
0 97
0 117
0 275
0 381
0 388
0 418
0 554
0 819
0 941
0 1105
0 1376
0 1707
0 1921
0 2304
0 3090
0 4406
0 5176
0 5215
0 5618
0 6095
0 7498
0 8255
0 8444
0 9025
0 9239
0 9365
0 9685
0 9812
0 10259
0 10791
0 10973
0 11313
0 11442
0 11522
0 11569
0 11684
0 11894
0 12197
0 12198
0 12415
0 12572
0 13204
0 13336
0 13726
0 13867
0 14171
0 14444
0 14499
0 14538
0 14805
0 14806
0 14835
0 14920
0 15178
0 15483
0 16099
0 16859
0 17087
0 18869
0 18955
0 19027
0 19432
0 19554
0 19866
0 20108
0 20429
0 20674
0 20695
0 20877
0 21337
0 21954
0 22167
0 22222
0 22559
0 23039
0 23511
0 23540
0 24288
0 24370
0 24432
0 24445
0 24518
0 24557
1 1105
1 4406
1 9025
1 10121
1 13270
1 14835
1 19432
1 21336
1 22167
1 24676
2 903
2 22559
21 269
21 866
21 903
21 1134
21 1365
21 2304
21 10719
21 13726
21 16696
21 21896
21 22559
21 22612
21 23511
29 0
38 9516
46 13726
77 397
77 9203
77 24184
90 19254
97 5176
97 11522
97 12539
97 14414
97 16018
97 19432
105 533
105 9365
105 11926
105 13726
105 20429
105 24685
117 1921
117 2304
117 3090
117 4406
117 9025
117 9365
117 10307
117 11313
117 11522
117 13726
117 19554
117 21336
125 533
125 863
125 1105
125 5176
125 9025
125 11926
125 16099
125 18472
125 19432
125 19946
138 9025
138 24288
159 263
159 19498
166 12572
183 12572
200 11861
200 22990
204 1105
204 6095
216 1762
216 2467
216 8995
220 335
230 275
230 533
230 6095
230 10121
230 19554
240 269
240 441
240 7498
240 9025
240 14538
252 903
252 6937
252 14805
252 18169
263 14414
269 1105
269 1495
269 1701
269 1921
269 2304
269 6995
269 8581
269 9239
269 13726
269 15178
269 21786
269 22437
269 23039
275 1382
275 9461
275 11569
275 14054
275 19554
280 1064
280 1209
280 9025
285 280
305 24601
320 269
320 9365
320 22559
324 9025
324 24274
335 269
335 854
335 900
335 2304
335 13003
335 19432
335 21954
341 77
341 397
341 8091
341 9025
341 13203
341 13726
341 14538
348 2304
366 4314
381 13726
406 1296
406 24483
418 269
425 269
425 418
441 269
441 341
441 1054
441 9025
441 13726
441 14538
441 14805
441 19432
441 22559
441 22587
441 24550
455 24445
461 19254
479 418
479 19432
498 11569
498 19432
498 19554
499 21337
518 15178
518 19631
524 22167
533 1105
533 19554
540 24288
545 341
545 13726
545 14538
545 16018
545 19138
545 22559
554 800
554 1301
554 5176
554 8091
554 8581
554 9025
554 9203
554 9239
554 9812
554 10791
554 11276
554 11569
554 11894
554 12572
554 13141
554 14469
554 14538
554 14969
554 15773
554 16099
554 19432
554 19889
554 20108
554 20674
554 20904
554 21336
554 21337
554 22167
555 9365
555 19432
555 19554
555 23039
561 24451
570 689
601 269
601 554
601 16018
601 19432
601 20877
601 20904
606 0
606 269
606 22222
616 0
616 280
616 14142
622 19432
653 23634
673 9025
684 23634
695 11861
695 19946
726 2472
726 6937
782 18689
782 18955
782 19432
782 22167
782 22222
789 22222
800 21337
804 406
804 880
804 1237
804 1296
804 14538
804 16099
804 19946
804 20695
816 3202
819 8444
819 9365
819 11926
848 6937
848 14713
848 19138
866 9461
866 12572
870 17296
883 9025
889 15841
894 269
894 13608
903 2467
903 7498
903 9239
903 9516
903 14171
903 16241
903 21699
924 22559
936 18955
936 22222
941 5440
947 299
954 15178
955 19432
962 1921
962 15178
969 13726
981 9365
995 18689
997 9025
1007 19432
1014 24404
1021 9365
1021 21843
1021 23693
1045 9516
1045 24273
1105 863
1105 1707
1105 1921
1105 3090
1105 3468
1105 4406
1105 5176
1105 5215
1105 5661
1105 6095
1105 6650
1105 6937
1105 7940
1105 8255
1105 8444
1105 9025
1105 9239
1105 9366
1105 9812
1105 10259
1105 11238
1105 11313
1105 11569
1105 11607
1105 11861
1105 11926
1105 12198
1105 13003
1105 13066
1105 14171
1105 14538
1105 14805
1105 14835
1105 16099
1105 16696
1105 18955
1105 19432
1105 19554
1105 19946
1105 20429
1105 20904
1105 21336
1105 21337
1105 21954
1105 22559
1105 23039
1105 23734
1105 24288
1105 24308
1105 24379
1105 24571
1153 9025
1153 9812
1153 13203
1153 23039
1160 20624
1173 1921
1173 7498
1197 1385
1197 9239
1197 14538
1209 13726
1209 15178
1220 24445
1230 9025
1230 11926
1230 22559
1237 9025
1296 1237
1296 14835
1301 4406
1301 11569
1301 12572
1301 15178
1301 20904
1319 11861
1319 13726
1319 15178
1319 22559
1324 9025
1358 22437
1365 1134
1382 11569
1382 13726
1397 1173
1397 21699
1403 19432
1415 20033
1439 12572
1465 1453
1553 1871
1572 2304
1590 9365
1603 1921
1620 2304
1623 2304
1623 13726
1632 9365
1632 23039
1671 14835
1707 8444
1707 9025
1707 19554
1712 15178
1719 21954
1738 2304
1738 9025
1740 0
1758 2304
1871 0
1871 466
1871 1105
1871 1590
1871 7498
1871 7940
1871 8091
1871 9025
1871 9461
1871 9685
1871 10121
1871 11569
1871 11607
1871 12572
1871 13726
1871 15178
1871 16019
1871 16241
1871 16875
1871 17296
1871 18955
1871 19432
1871 19555
1871 20108
1871 21337
1871 23039
1871 24535
1871 24616
1921 441
1921 903
1921 3369
1921 5661
1921 9025
1921 12572
1921 16241
1921 17296
1921 19433
1921 19768
1921 20108
1921 21337
1921 21843
1921 22222
1921 23039
1921 23957
1921 24288
1921 24335
2255 1871
2255 8995
2255 9365
2255 19432
2255 23039
2304 252
2304 341
2304 903
2304 1701
2304 1921
2304 3202
2304 3947
2304 4694
2304 5176
2304 7405
2304 7807
2304 9025
2304 9239
2304 9365
2304 10121
2304 10719
2304 11569
2304 11684
2304 11861
2304 12572
2304 13370
2304 13726
2304 14054
2304 14086
2304 14224
2304 14499
2304 14538
2304 14805
2304 14835
2304 14920
2304 15178
2304 15360
2304 15841
2304 16241
2304 17087
2304 18843
2304 18869
2304 19432
2304 19498
2304 19555
2304 19860
2304 21813
2304 21890
2304 21896
2304 22559
2304 23039
2304 23177
2304 23511
2304 23634
2304 23734
2304 24288
2304 24335
2416 6095
2467 0
2467 726
2467 2472
2467 8581
2467 13726
2467 22204
2467 24274
2472 21896
2491 16241
2491 19432
2491 19946
2491 22506
2719 3090
2719 19555
2795 21954
3049 18689
3090 10844
3090 12572
3090 17296
3090 20877
3090 22559
3202 19554
3202 22437
3202 23511
3202 24704
3369 5773
4100 19254
4206 18869
4314 2467
4314 15116
4314 23039
4340 9685
4340 20674
4406 616
4406 6095
4406 9239
4406 11361
4406 11861
4406 12539
4406 13270
4406 18689
4406 19432
4406 20108
4406 21954
4406 22167
4406 23039
4694 418
4694 3202
4694 13726
4694 14499
5176 466
5176 1296
5176 4340
5176 4406
5176 6095
5176 7940
5176 9016
5176 9025
5176 9239
5176 9365
5176 10259
5176 10353
5176 10973
5176 11276
5176 11313
5176 11442
5176 11522
5176 11894
5176 12197
5176 12198
5176 13141
5176 13203
5176 13204
5176 13336
5176 13726
5176 14224
5176 14384
5176 14835
5176 15178
5176 15773
5176 16859
5176 17087
5176 19432
5176 19554
5176 20108
5176 20399
5176 20674
5176 20695
5176 21213
5176 21883
5176 23039
5176 24288
5176 24335
5177 3090
5177 3202
5177 19432
5177 19554
5215 9812
5350 3202
5350 3369
5440 8444
5440 14538
6095 269
6095 554
6095 1064
6095 2304
6095 8995
6095 9025
6095 9239
6095 9365
6095 9516
6095 10307
6095 11020
6095 11684
6095 12572
6095 14224
6095 14500
6095 19432
6095 19554
6095 19866
6095 21954
6095 22587
6650 19432
6937 9025
6937 14538
6937 24409
6995 13726
6995 15178
6995 18196
6995 22559
7352 0
7352 9025
7498 554
7498 726
7498 731
7498 1105
7498 2304
7498 6095
7498 7807
7498 9025
7498 9203
7498 9365
7498 9461
7498 9516
7498 11276
7498 11405
7498 11442
7498 11569
7498 11926
7498 12572
7498 12685
7498 13336
7498 13726
7498 14142
7498 14171
7498 14538
7498 14835
7498 15178
7498 17547
7498 19432
7498 19554
7498 19555
7498 20674
7498 20877
7498 21336
7498 22412
7498 22559
7498 23039
7498 24288
7498 24557
7499 752
7499 1871
7499 6095
7499 9025
7499 9239
7499 9685
7499 10168
7499 11313
7499 11684
7499 11718
7499 13726
7499 14538
7499 15773
7499 18689
7499 19432
7499 21336
7499 24616
7940 0
7940 269
7940 554
7940 2304
7940 11861
7940 13270
7940 14224
7940 16241
7940 19432
7940 23039
7940 24366
8041 11522
8041 14414
8041 19554
8041 22559
8041 23957
8041 24140
8091 240
8091 9025
8091 14224
8091 15360
8091 21337
8091 22559
8091 24288
8444 269
8444 554
8444 601
8444 941
8444 2304
8444 2467
8444 9025
8444 13726
8444 14538
8444 14656
8444 16299
8444 18869
8444 19278
8444 20877
8444 21336
8444 22005
8444 24164
8444 24184
8444 24379
8491 19432
8491 19554
8539 19554
8845 0
8995 418
8995 479
8995 4406
8995 9365
8995 10168
8995 16018
8995 19554
8995 23039
9016 1105
9016 16241
9025 269
9025 800
9025 854
9025 1064
9025 1397
9025 1453
9025 1701
9025 4406
9025 9203
9025 9239
9025 9365
9025 9685
9025 10121
9025 10719
9025 10791
9025 11148
9025 11238
9025 11313
9025 11361
9025 11569
9025 11684
9025 11835
9025 12198
9025 12572
9025 13066
9025 13203
9025 13370
9025 13608
9025 13726
9025 14171
9025 14224
9025 14507
9025 14538
9025 14835
9025 15178
9025 15483
9025 15841
9025 16019
9025 16099
9025 16120
9025 16696
9025 17041
9025 17087
9025 17547
9025 17704
9025 17735
9025 18169
9025 18955
9025 19432
9025 19554
9025 19555
9025 19768
9025 19860
9025 19866
9025 20108
9025 20399
9025 20674
9025 20695
9025 20800
9025 21337
9025 21843
9025 21890
9025 21926
9025 21954
9025 22192
9025 22437
9025 22507
9025 22559
9025 22587
9025 22990
9025 24184
9025 24211
9025 24229
9025 24274
9025 24288
9025 24518
9025 24526
9025 24685
9057 8444
9057 10973
9203 518
9203 9239
9203 10353
9203 11569
9203 13141
9203 14835
9203 18169
9203 18869
9203 21185
9203 21336
9203 24184
9239 105
9239 441
9239 533
9239 731
9239 900
9239 1014
9239 1021
9239 1064
9239 1590
9239 2053
9239 2472
9239 3202
9239 3468
9239 7498
9239 7940
9239 9365
9239 9366
9239 9516
9239 9812
9239 10121
9239 10791
9239 11405
9239 11522
9239 11569
9239 11861
9239 11894
9239 11926
9239 12298
9239 12482
9239 12572
9239 13141
9239 13203
9239 13726
9239 14171
9239 14224
9239 14507
9239 14656
9239 14835
9239 14920
9239 14969
9239 15178
9239 15483
9239 16019
9239 16067
9239 16120
9239 16241
9239 17041
9239 18472
9239 19432
9239 19554
9239 20429
9239 20674
9239 21336
9239 21609
9239 21954
9239 22167
9239 22559
9239 22587
9239 23039
9239 23511
9239 24184
9239 24380
9239 24451
9239 24483
9239 24571
9325 5176
9365 240
9365 388
9365 518
9365 1014
9365 1105
9365 1237
9365 1296
9365 1701
9365 3090
9365 4406
9365 5177
9365 6937
9365 9516
9365 9906
9365 10121
9365 10259
9365 10719
9365 11020
9365 11522
9365 11894
9365 12539
9365 13726
9365 14538
9365 14805
9365 14806
9365 14835
9365 16019
9365 16241
9365 16299
9365 16859
9365 17296
9365 17389
9365 18196
9365 18843
9365 18955
9365 19432
9365 19554
9365 19866
9365 20108
9365 21337
9365 21896
9365 21903
9365 21954
9365 22167
9365 22437
9365 22559
9365 22587
9365 22718
9365 22855
9365 23039
9365 23177
9365 23220
9365 23928
9365 23957
9365 24184
9365 24288
9365 24445
9365 24550
9365 24557
9366 2304
9366 3090
9366 11361
9366 11835
9366 14086
9366 15300
9366 19432
9366 19866
9366 21896
9366 24184
9461 0
9461 269
9461 441
9461 554
9461 1209
9461 2304
9461 3947
9461 6937
9461 9025
9461 9365
9461 10791
9461 11569
9461 11684
9461 12572
9461 13726
9461 15773
9461 17704
9461 18869
9461 18955
9461 19432
9461 19768
9461 21336
9461 21699
9461 22005
9461 22437
9461 22559
9461 23039
9461 23511
9461 23945
9461 24259
9461 24601
9516 341
9516 1590
9516 9025
9516 11148
9516 11894
9516 13726
9516 14805
9516 15360
9516 16120
9516 17078
9516 21336
9516 22559
9516 23039
9685 269
9685 11313
9685 13203
9685 14469
9685 14835
9685 19432
9685 21954
9812 263
9812 1382
9812 5176
9812 8995
9812 9025
9812 10307
9812 11313
9812 11569
9812 11835
9812 11861
9812 12539
9812 12572
9812 13534
9812 13726
9812 14171
9812 14444
9812 14835
9812 16120
9812 18955
9812 19432
9812 20429
9812 20624
9812 20904
9812 21213
9812 21336
9812 21337
9812 21926
9812 22167
9906 3202
9906 9025
9906 13726
10089 12539
10089 21954
10121 0
10121 554
10121 1921
10121 3468
10121 7498
10121 7499
10121 9516
10121 11276
10121 11313
10121 11926
10121 12198
10121 13176
10121 13726
10121 14499
10121 15360
10121 16241
10121 18955
10121 19432
10121 19554
10121 19946
10121 20054
10121 21336
10121 21896
10121 23039
10121 23634
10168 9516
10168 14835
10168 21337
10259 863
10259 8444
10259 10791
10259 20624
10307 5176
10307 9025
10307 9365
10307 11313
10307 13534
10307 18955
10307 19432
10307 19741
10307 22167
10307 23039
10307 24727
10353 10791
10353 11313
10353 11569
10353 13270
10353 14224
10353 14806
10353 15178
10353 21926
10397 10307
10434 22559
10521 9025
10521 10307
10558 6937
10558 19432
10719 9239
10719 12198
10719 13608
10719 13726
10719 18472
10719 19432
10719 19866
10719 19946
10719 20429
10719 23177
10719 24685
10719 24733
10791 466
10791 14444
10791 21336
10791 23039
10844 269
10844 17296
10973 331
10973 9025
10973 11313
10973 19554
10973 21336
10973 22225
10973 22938
11148 11522
11148 13726
11148 14835
11148 15178
11148 18955
11148 19419
11238 479
11238 9239
11238 14171
11238 19328
11238 22587
11276 1105
11276 8995
11276 11569
11276 20399
11276 22559
11276 24288
11313 11522
11313 13929
11313 15178
11313 18689
11313 18869
11313 18955
11313 19554
11313 20399
11313 20624
11313 20800
11313 21699
11313 21843
11313 21978
11313 22559
11361 12572
11361 18955
11361 21337
11361 22256
11361 22587
11361 24379
11405 0
11405 418
11405 601
11405 689
11405 2255
11405 9025
11405 9685
11405 10719
11405 13726
11405 13929
11405 14656
11405 18955
11405 19432
11405 19554
11405 23039
11442 10973
11488 0
11522 269
11522 320
11522 1105
11522 3202
11522 4314
11522 7940
11522 9025
11522 15178
11522 16099
11522 18472
11522 19254
11522 19432
11522 19554
11522 20624
11522 22559
11522 23039
11522 24288
11569 1
11569 105
11569 441
11569 479
11569 731
11569 6095
11569 8995
11569 9365
11569 10121
11569 10307
11569 10791
11569 11238
11569 11313
11569 11405
11569 11522
11569 11607
11569 11684
11569 11861
11569 12415
11569 12539
11569 12572
11569 13270
11569 13370
11569 14142
11569 14414
11569 14538
11569 14805
11569 14985
11569 15300
11569 15360
11569 15841
11569 16018
11569 16019
11569 17072
11569 17296
11569 18169
11569 18196
11569 18817
11569 18955
11569 19027
11569 19432
11569 19554
11569 19741
11569 19768
11569 20108
11569 20399
11569 20624
11569 20674
11569 20904
11569 21336
11569 21699
11569 21896
11569 21954
11569 22167
11569 22225
11569 22412
11569 22437
11569 22559
11569 22587
11569 22990
11569 24192
11569 24211
11569 24288
11569 24676
11607 1064
11607 1237
11607 9025
11607 11020
11607 13270
11607 14171
11607 21699
11607 23039
11684 269
11684 995
11684 8091
11684 11238
11684 12482
11684 14142
11684 14805
11684 18196
11684 18955
11684 20033
11684 22204
11684 22612
11684 23511
11684 24426
11684 24557
11684 24616
11718 9025
11718 13726
11718 24733
11835 1
11835 1105
11835 9239
11835 15116
11835 19433
11835 21509
11835 22612
11835 22718
11835 24259
11861 0
11861 863
11861 1749
11861 8995
11861 9075
11861 9516
11861 10791
11861 11276
11861 11684
11861 11894
11861 11926
11861 14414
11861 14805
11861 14835
11861 16019
11861 16696
11861 18056
11861 19432
11861 19554
11861 19946
11861 20624
11861 20824
11861 20904
11861 21337
11861 21699
11861 22167
11861 22225
11861 23039
11861 24152
11894 1871
11899 2304
11899 9025
11899 9365
11899 13726
11899 19432
11899 22559
11926 0
11926 1301
11926 7352
11926 8091
11926 9025
11926 11313
11926 13726
11926 14805
11926 22559
11926 23039
12084 10259
12197 19432
12197 19554
12198 3468
12198 7940
12198 16067
12198 19432
12198 22506
12198 23039
12198 23511
12235 0
12298 4406
12298 14713
12352 269
12352 11522
12352 15178
12352 23039
12379 23039
12415 12539
12415 19432
12446 8892
12482 105
12482 695
12482 1064
12482 1590
12482 9365
12482 16120
12482 19555
12482 24483
12510 9025
12510 10121
12510 15483
12510 18689
12510 19432
12539 441
12539 533
12539 1382
12539 2255
12539 8995
12539 9025
12539 11276
12539 11313
12539 11607
12539 11861
12539 11926
12539 15390
12539 16018
12539 19432
12539 19554
12539 20624
12539 21954
12539 22167
12539 23039
12572 240
12572 341
12572 441
12572 545
12572 903
12572 2467
12572 2719
12572 5176
12572 9365
12572 11313
12572 13726
12572 14500
12572 14538
12572 15178
12572 16696
12572 18404
12572 19138
12572 19432
12572 19554
12572 19555
12572 20399
12572 20904
12572 21336
12572 21337
12572 21954
12572 22559
12572 22587
12572 23039
12572 24140
12572 24379
12572 24445
12939 0
12939 10259
12972 0
13003 2467
13003 9016
13003 9025
13003 11894
13003 13203
13003 19432
13003 21317
13003 24288
13003 24669
13066 12572
13066 14054
13066 14195
13066 18955
13066 20108
13066 20674
13102 21336
13102 23039
13141 117
13141 14224
13141 15332
13141 19433
13141 21786
13176 0
13203 0
13203 18955
13203 19432
13203 23039
13204 9812
13204 13867
13204 19432
13204 19554
13204 20429
13204 24273
13238 6095
13270 8995
13270 15178
13270 18472
13270 18955
13270 21699
13336 554
13336 689
13336 863
13336 3468
13336 6095
13336 9025
13336 9239
13336 10121
13336 11926
13336 13726
13336 15360
13336 15483
13336 16241
13336 18955
13336 19432
13336 19554
13336 19946
13336 21641
13336 21699
13336 24571
13370 0
13370 320
13370 7405
13370 7807
13370 9203
13370 9239
13370 11684
13370 12572
13370 13176
13370 13726
13370 14500
13370 14538
13370 15178
13370 19432
13370 19498
13370 21896
13370 24274
13406 1209
13406 11607
13406 22204
13608 13203
13608 13534
13608 19946
13726 15178
13726 20800
13762 19432
13867 5176
13867 11894
13929 554
13929 8091
13929 9025
13929 12572
13929 13726
13929 14171
13929 19432
13929 24140
13929 24170
13964 2255
13964 12352
13964 16241
13964 19419
13964 22559
14010 11684
14010 16019
14010 21883
14010 22855
14010 23039
14010 24451
14054 9025
14054 18955
14054 19498
14054 19554
14054 24322
14086 9025
14086 19254
14086 19432
14142 280
14142 9365
14142 10121
14142 10973
14142 14538
14142 16067
14142 19432
14142 22990
14171 269
14171 9365
14171 14920
14171 15178
14171 18955
14171 19631
14171 20877
14171 20904
14171 22222
14171 22437
14171 22882
14171 23039
14171 24178
14195 125
14195 9025
14195 10121
14195 22204
14224 0
14224 240
14224 441
14224 880
14224 3468
14224 7405
14224 10121
14224 11522
14224 11861
14224 11926
14224 12198
14224 15300
14224 15360
14224 19432
14224 19433
14224 19554
14224 19946
14224 20674
14224 24451
14314 0
14314 18955
14384 12572
14384 23039
14414 275
14414 554
14414 4314
14414 4406
14414 9365
14414 9516
14414 11238
14414 14224
14414 14805
14414 16018
14414 18955
14414 19432
14414 19554
14414 20904
14414 21336
14414 22234
14414 22559
14414 23039
14414 24288
14444 22167
14444 22222
14444 24616
14469 18955
14469 19432
14469 23039
14500 240
14500 731
14500 1093
14500 1871
14500 1921
14500 5661
14500 7405
14500 10121
14500 14969
14500 15300
14500 18529
14500 18817
14500 19432
14500 19860
14500 22437
14500 24601
14538 388
14538 14171
14538 14224
14538 14656
14538 14835
14538 14920
14538 16099
14538 16636
14538 17072
14538 18169
14538 19432
14538 21896
14538 22437
14656 0
14656 554
14656 15841
14656 17296
14656 19432
14656 19555
14656 21813
14656 23801
14682 22559
14682 24288
14713 11684
14713 14538
14713 14985
14713 21954
14805 1376
14805 1871
14805 2467
14805 4694
14805 5176
14805 9025
14805 9075
14805 10121
14805 10259
14805 11276
14805 11522
14805 13726
14805 14499
14805 14920
14805 16241
14805 18169
14805 18869
14805 19328
14805 19432
14805 19554
14805 20399
14805 20800
14805 20904
14805 21954
14805 22167
14805 22204
14805 22225
14805 22559
14805 22587
14805 23511
14805 23734
14805 24273
14805 24288
14805 24432
14806 1
14806 804
14806 6095
14806 9025
14806 10121
14806 12572
14806 19946
14806 20695
14806 23634
14835 466
14835 10121
14835 11522
14835 11718
14835 13726
14835 19432
14835 19554
14835 19946
14835 22222
14835 22559
14835 23039
14835 24379
14835 24380
14920 269
14920 8091
14920 9685
14920 10121
14920 11313
14920 11861
14920 13726
14920 14414
14920 14507
14920 14656
14920 15178
14920 19432
14920 20800
14920 20877
14920 21699
14920 22204
14920 22559
15056 418
15056 13066
15082 15178
15116 1921
15116 9239
15116 19432
15116 20800
15116 21337
15116 21609
15207 9516
15280 0
15332 4694
15332 9025
15332 11522
15332 19741
15332 20999
15332 21337
15332 22225
15332 22559
15332 24274
15360 1921
15360 9025
15360 9365
15360 17041
15360 18689
15360 21954
15360 22412
15360 24451
15483 19432
15483 20904
15483 23039
15713 0
15841 8091
15841 14500
15841 18869
15841 24288
15841 24518
15961 19432
15961 23039
16018 0
16018 105
16018 11238
16018 11313
16018 11926
16018 21336
16018 22256
16018 23039
16018 23634
16099 16696
16099 19554
16099 20399
16099 20800
16099 23511
16099 24685
16120 16241
16120 21813
16241 15178
16241 21954
16241 24288
16241 24445
16299 3202
16636 13726
16696 6095
16696 9239
16696 13608
16696 19946
16859 9239
16859 10791
16859 11522
16859 11861
16859 12198
16859 14224
16859 18955
16859 19432
16859 22167
16859 24451
16875 15178
17041 418
17041 11899
17041 15178
17041 18955
17041 20108
17078 19432
17086 14499
17296 0
17326 17072
17326 17296
17452 17072
17735 10973
17735 11684
17764 269
17764 19432
17922 2304
17922 3202
17927 9239
18001 10121
18001 23039
18056 0
18056 8995
18056 9365
18056 11522
18056 15713
18056 19432
18056 19554
18056 22167
18056 23039
18115 13726
18169 381
18169 441
18169 848
18169 6095
18169 7498
18169 9057
18169 9239
18169 11313
18169 11926
18169 12352
18169 13270
18169 13726
18169 16875
18169 18930
18169 19138
18169 19328
18169 20399
18169 20904
18169 21954
18169 22167
18169 22222
18169 22587
18279 15300
18412 22559
18412 24370
18412 24445
18422 10259
18435 11522
18472 6095
18472 13203
18472 14507
18472 18955
18472 19432
18472 21641
18472 24380
18689 252
18689 269
18689 299
18689 894
18689 947
18689 1871
18689 9025
18689 9906
18689 11718
18689 13726
18689 14538
18689 15178
18689 15773
18689 19432
18689 24145
18869 1093
18869 9025
18869 9365
18869 11238
18869 13726
18869 14171
18869 19432
18869 19768
18869 22559
18930 24379
18955 1
18955 479
18955 533
18955 752
18955 4406
18955 6095
18955 9239
18955 9516
18955 9685
18955 10791
18955 11276
18955 12572
18955 13726
18955 19432
18955 19554
18955 19741
18955 20399
18955 20674
18955 20904
18955 21337
18955 22167
18955 22225
18955 23039
18955 24308
18955 24733
19027 10121
19278 14538
19300 11522
19432 105
19432 220
19432 240
19432 252
19432 269
19432 275
19432 320
19432 341
19432 616
19432 1064
19432 1153
19432 1197
19432 1921
19432 3090
19432 3468
19432 4314
19432 8444
19432 9516
19432 11684
19432 11718
19432 11835
19432 11894
19432 11926
19432 13608
19432 13726
19432 14054
19432 14171
19432 14806
19432 15360
19432 19554
19432 19555
19432 19768
19432 19786
19432 19866
19432 19946
19432 20624
19432 20674
19432 20916
19432 21336
19432 21337
19432 21786
19432 21896
19432 21954
19432 22167
19432 22204
19432 22222
19432 22225
19432 22506
19432 22559
19432 22745
19432 23039
19432 24279
19432 24288
19432 24293
19432 24322
19432 24451
19432 24571
19432 24590
19432 24616
19432 24733
19433 9365
19433 12572
19470 19432
19520 418
19554 1
19554 125
19554 752
19554 1064
19554 1153
19554 1871
19554 8255
19554 9016
19554 9075
19554 10307
19554 11894
19554 12198
19554 13066
19554 13270
19554 14086
19554 14806
19554 15713
19554 17389
19554 20429
19554 21954
19554 22167
19554 22506
19554 22587
19554 23039
19554 23511
19554 24379
19555 19554
19786 19768
19860 9365
19860 20399
19860 21337
19860 22437
19860 22855
19875 19432
19897 23511
19946 15178
19946 19554
20108 12572
20108 14171
20313 13726
20340 13726
20399 11020
20399 14086
20399 16241
20399 21699
20429 8444
20430 19432
20489 13726
20489 18930
20546 19631
20573 19432
20624 21786
20674 11607
20674 12572
20674 13336
20674 20800
20674 20904
20695 13726
20779 12572
20800 11522
20800 14538
20800 18689
20877 159
20877 10121
20877 19254
20877 19432
20877 22559
20897 9516
20904 819
20904 4406
20904 9239
20904 11313
20904 11522
20904 11684
20904 11926
20904 13726
20904 14835
20904 15178
20904 19432
20904 21699
20904 22167
20904 22256
20904 23177
20904 24293
20999 13726
21029 13726
21185 269
21185 11569
21185 19768
21185 24184
21185 24518
21317 11313
21317 13726
21336 0
21336 105
21336 293
21336 324
21336 1871
21336 2304
21336 2467
21336 4314
21336 4406
21336 7352
21336 9025
21336 10719
21336 11276
21336 11313
21336 11442
21336 11684
21336 12415
21336 13203
21336 13726
21336 14195
21336 14507
21336 14538
21336 14805
21336 18689
21336 18955
21336 20108
21336 20904
21336 21699
21336 21954
21336 22587
21336 22990
21336 23039
21336 23511
21336 23634
21336 24379
21337 466
21337 1296
21337 9016
21337 9239
21337 11522
21337 13726
21337 19554
21337 19866
21337 19946
21337 20624
21337 22167
21337 22222
21337 22587
21337 24288
21337 24317
21367 10121
21397 13726
21509 13726
21699 305
21699 388
21699 673
21699 848
21699 866
21699 1237
21699 1590
21699 1701
21699 4406
21699 6403
21699 9025
21699 10121
21699 12572
21699 14414
21699 14713
21699 14805
21699 19432
21699 21786
21699 21843
21699 22204
21699 23928
21699 24178
21699 24288
21756 1921
21786 117
21786 335
21786 880
21786 900
21786 903
21786 1064
21786 9239
21786 9365
21786 12352
21786 14224
21786 18404
21786 21896
21813 11405
21813 19555
21813 22437
21813 24345
21813 24680
21896 159
21896 5661
21896 14835
21926 0
21926 800
21926 1296
21926 2304
21926 9016
21926 10973
21926 13066
21926 13726
21931 21890
21954 554
21954 903
21954 941
21954 11894
21954 11926
21954 14224
21954 14414
21954 14444
21954 17072
21954 18930
21954 18955
21954 21699
21954 22167
21954 22256
21954 22587
21954 23039
21954 23634
21954 24184
22005 9025
22030 19432
22062 8581
22167 466
22167 9025
22167 13608
22167 14054
22167 14314
22167 22559
22167 23540
22167 24288
22167 24301
22167 24676
22192 0
22197 11313
22204 11835
22204 22612
22215 1871
22215 23754
22222 13726
22225 7499
22225 9516
22234 4406
22234 10307
22256 9025
22256 9239
22256 12572
22256 20399
22283 21877
22315 269
22315 726
22315 778
22315 1871
22315 22225
22315 24274
22412 240
22412 9025
22412 19432
22437 24680
22465 0
22465 7498
22482 15178
22506 24037
22507 19554
22559 269
22559 15178
22559 22437
22559 24184
22587 11894
22587 13203
22587 14224
22587 22559
22587 22718
22587 24264
22718 24293
22748 10121
22855 24557
22882 0
22882 9516
22905 13726
22938 11405
22990 18472
23039 1
23039 554
23039 6095
23039 9025
23039 9685
23039 11313
23039 11894
23039 12197
23039 13726
23039 14805
23039 19946
23039 20108
23039 20399
23039 20904
23039 22222
23039 22559
23039 24037
23177 13726
23177 15178
23205 3202
23220 9025
23220 16241
23220 22559
23272 24445
23433 13726
23433 19254
23473 22204
23540 13726
23540 23153
23634 1021
23634 11926
23634 19432
23693 269
23693 9365
23733 9516
23733 18955
23733 21336
23734 23177
23754 22559
23801 3947
23854 418
23854 9025
23854 19432
23928 15178
23945 22612
23982 23928
24037 606
24038 9025
24038 21954
24038 22612
24130 22559
24152 22225
24164 13726
24170 13726
24170 19432
24178 15178
24184 24518
24192 22225
24259 22612
24274 23039
24279 24445
24288 1237
24288 12572
24288 13726
24288 14171
24288 14224
24288 22559
24288 24293
24293 1
24293 533
24293 13726
24293 20399
24301 14054
24308 0
24308 19432
24308 22167
24308 23039
24322 11894
24322 22167
24335 418
24341 13726
24366 863
24366 13203
24379 29
24379 216
24379 554
24379 1762
24379 7498
24379 8255
24379 9203
24379 9239
24379 11405
24379 11926
24379 13203
24379 13726
24379 14538
24379 14656
24379 14920
24379 19432
24379 22256
24380 0
24380 19554
24389 24370
24404 269
24409 12685
24432 5176
24433 19554
24445 14538
24451 15300
24451 24380
24456 9057
24456 14054
24456 14805
24472 19554
24490 13726
24497 11276
24518 9239
24526 863
24526 8444
24526 13726
24526 22559
24535 22559
24550 9025
24550 13726
24567 24288
24582 16120
24625 9025
24625 9057
24639 2304
24639 10121
24655 13726
24663 22559
24676 0
24676 4406
24676 5176
24676 9239
24676 10791
24676 11861
24676 11926
24676 14224
24676 19432
24676 21609
24680 21337
0 111
0 118
0 441
0 907
0 1220
0 1237
0 1762
0 1780
0 1887
0 2361
0 2416
0 2513
0 2556
0 2591
0 2761
0 2774
0 2831
0 2935
0 3330
0 3349
0 3373
0 3432
0 3497
0 4159
0 4197
0 4694
0 5111
0 5464
0 11276
0 13102
0 14713
0 22197
0 22587
0 24037
0 24727
1 4327
1 14054
1 20800
1 20904
2 1609
2 3403
2 4519
2 4831
2 5680
2 11926
21 3403
21 4519
21 14538
97 15483
97 17922
97 20800
97 20904
105 1899
105 5662
105 13608
105 22315
111 5133
111 14835
117 1967
117 8995
117 14805
117 18169
117 18955
118 3289
125 2053
125 2349
125 2859
125 3168
125 3179
125 3415
125 7940
125 16120
125 22167
138 2831
166 240
166 2162
166 2633
166 3493
166 14500
166 17041
204 9365
204 11607
216 2941
216 5375
216 15178
216 24192
230 1
230 111
230 1105
230 1632
230 2304
230 2416
230 4537
230 4593
230 11607
230 12572
230 13608
230 14054
230 16120
230 19432
230 21336
230 22587
230 23039
230 24409
240 545
240 903
240 2416
240 2467
240 3425
240 3947
240 11835
240 14171
240 19554
240 23039
240 24288
240 24413
252 1296
252 1921
252 2416
252 2467
252 2831
252 4447
252 4630
252 14920
252 21786
252 22559
252 24727
269 2542
275 804
275 2361
275 3741
275 4024
275 4123
275 5107
275 10259
275 12352
275 21954
280 252
280 545
280 2064
280 13003
280 13406
280 14805
280 14920
280 16046
280 17041
280 21954
280 22315
280 24413
320 2831
320 14805
335 673
335 1609
335 1945
335 2831
335 5590
335 9025
341 4112
341 4648
341 13608
341 22559
348 240
348 540
348 726
348 903
348 907
348 941
348 1209
348 1296
348 1762
348 2367
348 2467
348 5539
348 5721
348 9025
348 9239
348 12572
348 16018
348 19432
348 22559
381 2913
381 14805
388 2480
406 1815
441 3874
441 21699
498 3540
498 3677
498 4207
498 9239
498 9461
498 12539
518 111
533 2194
533 2913
533 5284
533 9461
533 14806
533 24380
540 2273
540 2304
540 3432
540 7498
540 9239
540 11276
540 11926
540 16241
540 18869
540 24413
545 0
545 111
545 518
545 726
545 907
545 1609
545 1955
545 2304
545 2361
545 2441
545 2467
545 2713
545 2831
545 2851
545 2913
545 2961
545 3295
545 3349
545 3373
545 3394
545 3415
545 3432
545 3551
545 3874
545 3889
545 4014
545 4038
545 4440
545 4476
545 4920
545 4973
545 5191
545 5242
545 5604
545 5612
545 5668
545 8091
545 9025
545 9239
545 9516
545 11488
545 11569
545 15300
545 18869
545 19432
545 19554
545 20284
545 20399
545 21699
545 24288
545 24451
554 269
554 866
554 903
554 1296
554 1780
554 1871
554 1921
554 1997
554 2053
554 2194
554 2416
554 2859
554 3145
554 3677
554 4024
554 4236
554 4411
554 4458
554 5215
554 8892
554 10259
554 14224
554 14805
554 18955
554 19138
554 20800
554 22412
570 14054
570 14805
583 0
583 1921
583 14171
583 15178
601 381
601 1887
601 4458
601 4920
601 7499
601 11569
601 11926
601 14314
601 14805
601 17922
601 18955
601 20800
601 24445
606 14054
606 18955
616 601
616 3049
640 5215
640 5364
640 10259
653 19866
666 111
666 1021
666 1237
666 1397
666 2672
666 3403
666 5539
666 5901
666 6937
666 7539
666 9239
666 11607
666 13726
666 14805
666 14806
666 17041
666 18169
666 20904
666 21699
666 23511
670 15178
673 280
673 24472
684 15300
695 2053
695 2491
695 4411
695 9239
695 12084
695 14806
695 14835
726 111
726 903
726 1609
726 2304
726 2416
726 2521
726 2613
726 2831
726 3394
726 4048
726 4393
726 8091
726 9461
726 10719
726 13726
726 14224
726 14835
726 18169
726 22412
726 23854
726 24062
741 5901
778 2473
782 280
782 2480
782 2774
782 3415
782 13003
782 22587
804 252
804 1632
804 1708
804 1899
804 2053
804 2416
804 2831
804 2913
804 2952
804 3468
804 3534
804 3733
804 5364
804 5438
804 5572
804 5604
804 5901
804 9025
804 9203
804 10121
804 11861
804 14224
804 19554
804 20284
804 20399
804 22506
804 24037
804 24526
848 1609
848 11835
866 11926
894 252
894 280
894 1815
894 1893
894 2178
894 4648
894 5539
898 3165
903 975
903 1032
903 2831
903 3916
903 4393
903 8444
903 11835
903 11926
903 19554
907 269
907 9025
907 15178
936 1815
936 1871
936 2913
936 3813
936 13336
947 1871
947 13608
962 23039
975 68
975 2154
1021 118
1021 1887
1021 2831
1021 11361
1021 13270
1021 13336
1021 20674
1021 20904
1021 22315
1032 1230
1039 3889
1045 545
1045 903
1045 962
1045 3403
1045 4481
1045 14171
1045 14414
1045 16046
1045 22990
1045 23039
1045 24379
1105 280
1105 554
1105 726
1105 804
1105 903
1105 1338
1105 1846
1105 1887
1105 2053
1105 2416
1105 2517
1105 2831
1105 2913
1105 3179
1105 3432
1105 3677
1105 3747
1105 3874
1105 4411
1105 4416
1105 4458
1105 4537
1105 4603
1105 4648
1105 4689
1105 4908
1105 4930
1105 4956
1105 5284
1105 5572
1105 5618
1105 5645
1105 5736
1105 6811
1105 6850
1105 8091
1105 8107
1105 10307
1105 12084
1105 12482
1105 12572
1105 13336
1105 13726
1105 14054
1105 14806
1105 15178
1105 16120
1105 18169
1105 19866
1105 21699
1105 21786
1105 21896
1105 22315
1105 22412
1105 24545
1127 2761
1167 0
1167 388
1167 941
1167 2473
1167 14171
1167 24288
1173 2487
1173 8091
1173 9461
1173 10089
1173 10973
1173 12198
1173 19432
1173 19554
1173 20108
1173 22167
1173 22559
1173 22882
1173 24669
1180 12572
1197 673
1197 1039
1197 2361
1197 2416
1197 2441
1197 2831
1197 3497
1197 3852
1197 3930
1197 4440
1197 4642
1197 5239
1197 5409
1197 20284
1202 1237
1202 4827
1202 7498
1202 12685
1202 14805
1209 14171
1220 5323
1230 0
1230 554
1230 1296
1230 1921
1230 2304
1230 2400
1230 2467
1230 2913
1230 3432
1230 4702
1230 4831
1230 4920
1230 9239
1230 14171
1230 14805
1230 20284
1230 22412
1230 23177
1230 24288
1237 269
1237 673
1237 1632
1237 1846
1237 1921
1237 2194
1237 2467
1237 2774
1237 2831
1237 2851
1237 2935
1237 3349
1237 3677
1237 4197
1237 4575
1237 5604
1237 7539
1237 8091
1237 9239
1237 10089
1237 11276
1237 12572
1237 14656
1237 14805
1237 14920
1237 19432
1237 19946
1237 20399
1237 21926
1237 21954
1237 22507
1237 22587
1237 22882
1237 24293
1237 24379
1237 24445
1237 24451
1296 726
1296 1780
1296 1793
1296 1815
1296 2053
1296 2349
1296 2816
1296 3677
1296 4014
1296 5068
1296 5386
1296 6850
1296 9025
1296 9239
1296 9812
1296 11276
1296 11313
1296 11861
1296 11926
1296 13203
1296 14171
1296 14805
1296 14806
1296 18689
1296 18955
1296 19432
1296 19554
1296 20800
1296 21509
1296 21954
1296 22167
1296 22315
1296 24288
1296 24451
1301 3145
1301 9025
1301 11522
1301 12539
1338 1658
1338 1780
1338 2053
1338 2304
1338 2416
1338 3834
1338 5176
1338 5572
1338 9025
1338 9239
1338 11313
1338 12084
1338 13370
1338 18472
1338 19554
1338 22412
1338 23039
1403 1032
1403 2672
1403 3551
1403 5724
1403 5736
1403 11926
1495 2831
1547 9812
1609 252
1609 1921
1609 2184
1632 554
1632 1921
1632 3349
1632 3677
1632 5176
1632 9025
1632 13003
1632 18472
1632 19328
1632 19432
1632 20624
1645 2154
1651 280
1658 3468
1658 8491
1658 19432
1658 22559
1671 5493
1671 14805
1671 15178
1707 2895
1708 11835
1708 23177
1712 22559
1762 3165
1780 280
1780 673
1780 880
1780 1045
1780 1173
1780 1815
1780 2361
1780 2487
1780 2497
1780 2513
1780 2641
1780 2816
1780 2831
1780 2941
1780 3145
1780 3330
1780 3540
1780 3930
1780 4925
1780 5409
1780 5427
1780 6095
1780 9025
1780 10121
1780 11835
1780 12572
1780 14171
1780 14224
1780 14805
1780 18472
1780 19432
1780 19554
1780 20399
1780 21699
1780 22559
1780 22587
1780 23039
1780 24727
1799 9461
1846 2361
1846 3540
1846 5380
1846 9025
1846 9365
1846 11684
1846 18472
1846 20800
1846 20877
1846 22559
1846 23511
1856 240
1856 13726
1871 1230
1871 2349
1871 2416
1871 5364
1871 22559
1877 19432
1887 230
1887 466
1887 804
1887 866
1887 903
1887 1296
1887 2441
1887 2831
1887 2913
1887 3432
1887 3677
1887 3741
1887 5176
1887 5284
1887 5464
1887 5901
1887 5925
1887 6006
1887 7498
1887 9025
1887 9812
1887 11238
1887 11569
1887 11861
1887 11926
1887 14805
1887 14806
1887 16018
1887 17922
1887 18169
1887 18869
1887 18955
1887 19554
1887 20674
1887 21699
1887 21954
1887 22256
1887 24192
1893 1453
1893 4014
1893 9025
1893 12572
1893 18169
1893 18869
1893 19866
1893 20800
1893 24404
1899 9025
1899 10719
1899 11894
1921 1209
1921 1893
1921 2349
1921 2416
1921 2831
1921 2851
1921 3300
1921 3403
1921 3947
1921 4440
1921 4962
1921 5068
1921 11926
1921 14171
1921 14224
1921 14538
1921 18169
1921 20674
1921 20779
1921 22559
1921 24409
1922 14171
1950 11835
1955 14538
1997 2083
1997 22559
2053 0
2053 111
2053 406
2053 545
2053 898
2053 903
2053 1039
2053 1658
2053 1899
2053 2083
2053 2194
2053 2304
2053 2367
2053 2416
2053 2467
2053 2487
2053 2491
2053 2517
2053 2528
2053 2713
2053 2851
2053 2906
2053 2952
2053 3342
2053 3403
2053 3425
2053 3677
2053 3733
2053 3780
2053 4335
2053 4920
2053 5107
2053 5111
2053 5176
2053 5329
2053 5544
2053 5572
2053 7498
2053 9025
2053 9461
2053 10259
2053 11313
2053 11522
2053 11569
2053 11861
2053 12482
2053 12539
2053 12572
2053 13336
2053 13608
2053 14224
2053 14805
2053 16099
2053 18955
2053 19946
2053 20674
2053 21337
2053 21954
2053 22315
2053 22412
2053 24037
2064 21699
2074 18529
2083 13726
2100 0
2100 880
2100 2831
2100 13141
2100 14805
2100 22559
2100 23039
2108 1893
2114 19432
2148 1871
2162 9025
2162 12572
2168 1153
2168 18056
2178 2416
2178 2757
2178 2805
2178 3916
2178 4180
2178 11405
2178 14805
2178 18169
2178 22559
2178 24288
2184 5539
2194 673
2194 752
2194 1296
2194 1632
2194 1887
2194 2361
2194 2416
2194 2467
2194 2831
2194 2851
2194 3415
2194 3432
2194 3747
2194 3930
2194 4207
2194 4406
2194 4411
2194 4537
2194 4550
2194 4642
2194 4925
2194 5284
2194 5364
2194 5386
2194 5438
2194 5464
2194 5572
2194 9025
2194 9057
2194 11607
2194 11861
2194 11926
2194 12572
2194 14054
2194 14806
2194 18955
2194 19432
2194 19554
2194 19866
2194 20999
2194 21336
2194 21337
2194 22283
2194 22315
2194 22412
2194 23039
2194 23511
2194 24288
2194 24293
2194 24413
2273 11835
2302 388
2304 2
2304 111
2304 1105
2304 1708
2304 1893
2304 2367
2304 2400
2304 2416
2304 2497
2304 3168
2304 3179
2304 3342
2304 3349
2304 3425
2304 3889
2304 4519
2304 11276
2304 11835
2304 13929
2304 14806
2304 18955
2304 19554
2304 22412
2304 22587
2304 24409
2304 24550
2305 19432
2349 2441
2349 11861
2349 14171
2349 14805
2349 22559
2361 726
2361 1237
2361 2416
2361 2487
2361 3330
2361 3540
2361 4271
2361 4550
2361 11899
2361 11926
2361 22315
2361 24451
2367 13726
2372 2480
2372 13726
2386 14171
2400 545
2400 4827
2400 5539
2400 5736
2400 9025
2400 12572
2400 14171
2400 19138
2400 22559
2416 105
2416 305
2416 335
2416 533
2416 545
2416 903
2416 907
2416 1039
2416 1173
2416 1846
2416 2067
2416 2467
2416 2513
2416 2831
2416 2913
2416 2935
2416 2961
2416 3261
2416 3409
2416 3415
2416 3432
2416 3540
2416 3551
2416 3733
2416 3930
2416 4014
2416 4440
2416 4537
2416 4593
2416 4920
2416 4978
2416 5071
2416 5147
2416 5284
2416 5364
2416 5572
2416 5695
2416 5985
2416 6850
2416 7498
2416 7499
2416 8107
2416 8995
2416 9025
2416 9203
2416 9239
2416 9365
2416 11276
2416 11313
2416 11522
2416 11607
2416 11835
2416 11899
2416 11926
2416 12572
2416 13003
2416 13141
2416 13726
2416 14054
2416 14171
2416 14500
2416 14713
2416 14805
2416 14806
2416 14920
2416 15841
2416 16241
2416 18169
2416 18472
2416 18955
2416 19432
2416 19554
2416 20399
2416 20674
2416 20800
2416 21336
2416 21337
2416 21786
2416 22234
2416 22283
2416 22315
2416 22559
2416 23039
2416 23153
2416 24293
2416 24545
2441 1237
2451 13726
2467 3403
2467 5232
2467 5539
2467 9025
2467 9461
2467 14713
2467 22412
2467 22559
2467 22882
2480 17041
2487 0
2487 280
2487 601
2487 804
2487 2416
2487 2591
2487 2913
2487 3145
2487 3425
2487 3540
2487 4908
2487 5068
2487 5386
2487 8091
2487 10121
2487 11569
2487 12572
2487 13929
2487 14171
2487 14224
2487 14805
2487 19432
2487 19741
2487 21896
2487 22559
2487 23039
2487 24288
2487 24413
2491 1899
2491 2304
2491 5539
2491 9025
2491 10719
2491 22507
2491 23634
2497 554
2497 1105
2497 1708
2497 2194
2497 2386
2497 2416
2497 2467
2497 2480
2497 2513
2497 2851
2497 2913
2497 2941
2497 3013
2497 3032
2497 3071
2497 3145
2497 3388
2497 3409
2497 3425
2497 3540
2497 3677
2497 3733
2497 3765
2497 4447
2497 4744
2497 5147
2497 5409
2497 9025
2497 9365
2497 9516
2497 9685
2497 10121
2497 11899
2497 11926
2497 12415
2497 12572
2497 13270
2497 13336
2497 14142
2497 14805
2497 14806
2497 16046
2497 16067
2497 18689
2497 18869
2497 18955
2497 19432
2497 20800
2497 21786
2497 22315
2497 22587
2497 24404
2497 24413
2497 24451
2513 9239
2513 9812
2513 12352
2513 12510
2517 2528
2528 2367
2536 2517
2536 10089
2536 22559
2561 22990
2565 2517
2569 2517
2576 18169
2583 12198
2583 19554
2633 9239
2641 24727
2650 12572
2713 554
2713 19432
2713 22990
2715 2517
2737 2517
2757 18689
2774 14805
2793 9239
2798 11861
2798 23039
2798 24288
2805 2757
2811 533
2811 3468
2811 13066
2811 19432
2811 21954
2816 20399
2827 2521
2831 240
2831 305
2831 540
2831 863
2831 1230
2831 1893
2831 2361
2831 2467
2831 2913
2831 3289
2831 3349
2831 3373
2831 3540
2831 3551
2831 4123
2831 4447
2831 4694
2831 4831
2831 5147
2831 5320
2831 5369
2831 8091
2831 9025
2831 9239
2831 11899
2831 12572
2831 12685
2831 13003
2831 13726
2831 14171
2831 14500
2831 14538
2831 14805
2831 14806
2831 18955
2831 19432
2831 19498
2831 19946
2831 20674
2831 22225
2831 22559
2831 23039
2831 24288
2831 24308
2839 15178
2851 269
2851 3540
2851 4002
2851 9461
2851 17041
2851 22559
2859 9025
2895 13003
2895 24451
2906 2941
2906 4877
2906 5215
2906 11361
2906 23039
2913 3415
2913 3468
2913 9239
2913 14835
2913 18869
2913 18955
2913 19432
2913 22222
2913 22559
2913 23039
2913 24288
2913 24545
2944 20674
2961 3403
2961 21896
2961 24413
2970 14171
2970 15178
3002 2831
3013 1064
3049 2487
3049 2497
3049 3032
3049 3540
3049 11861
3049 21337
3071 3032
3083 13726
3083 21336
3090 111
3090 518
3090 3165
3090 5133
3090 15178
3091 15178
3108 2895
3130 22225
3153 4014
3153 5590
3165 9461
3165 12572
3168 19432
3168 21786
3197 24288
3250 2467
3250 3774
3250 4920
3250 9025
3250 9461
3250 12572
3289 2913
3289 3432
3289 12572
3295 3349
3295 14538
3300 24445
3302 9461
3303 554
3303 1967
3303 3432
3303 4406
3303 12572
3303 14171
3303 24288
3309 3322
3309 22283
3330 1039
3330 3889
3330 14713
3330 14805
3349 1296
3349 2194
3349 2851
3349 2913
3349 3774
3349 4447
3349 11276
3349 11861
3349 14805
3349 14920
3349 18955
3349 20674
3349 20999
3349 22559
3349 24288
3349 24445
3370 14224
3388 9016
3403 19554
3420 1
3425 545
3425 1780
3425 2831
3425 3295
3425 3409
3425 3540
3425 3733
3425 4973
3425 5604
3425 7352
3425 9516
3425 11926
3425 13336
3425 15178
3425 16241
3425 19432
3425 24451
3447 269
3447 1209
3447 1945
3447 18955
3447 21954
3447 23854
3459 10791
3468 2831
3468 9025
3468 22990
3481 24445
3484 3493
3497 18169
3534 2831
3540 0
3540 554
3540 804
3540 907
3540 3394
3540 3468
3540 4908
3540 14086
3540 14171
3540 14805
3540 22412
3540 24413
3540 24733
3551 9025
3551 9365
3551 9461
3551 12572
3551 14171
3551 20674
3602 9239
3602 21699
3612 3733
3620 2913
3630 11861
3641 3768
3672 11861
3677 0
3677 2713
3677 3468
3677 4411
3677 9812
3677 11569
3677 12539
3677 14805
3677 18056
3677 18169
3677 18955
3677 19432
3677 19554
3677 21336
3677 21337
3677 22225
3677 22990
3688 22559
3693 9239
3700 2831
3705 7539
3705 9239
3705 9516
3705 11861
3705 14805
3705 24616
3711 410
3711 11607
3711 13270
3711 21699
3711 21954
3722 11861
3733 280
3733 2831
3733 3145
3733 3540
3733 4908
3733 5176
3733 9203
3733 14010
3733 19432
3733 21954
3733 22225
3733 24413
3741 4920
3747 0
3747 4956
3747 9812
3752 673
3765 3741
3765 3813
3765 9812
3765 14805
3765 15841
3774 2831
3805 14171
3805 14805
3845 16241
3852 14500
3858 9025
3905 1039
3916 3432
3981 554
4008 3733
4014 14086
4024 804
4060 14805
4096 4101
4096 9025
4100 3852
4112 23039
4123 804
4123 1296
4123 4458
4123 20674
4133 14805
4162 14805
4168 804
4172 2441
4187 0
4187 466
4187 4159
4187 4537
4187 4589
4187 5604
4187 6850
4187 13336
4197 3349
4197 14054
4197 22089
4236 22559
4259 1237
4264 4180
4314 15483
4314 18169
4314 20674
4314 22559
4318 22559
4324 6850
4324 24451
4335 9812
4340 14805
4340 19946
4347 3312
4393 9239
4393 9461
4406 11607
4407 1893
4407 9025
4407 12572
4407 14805
4407 22559
4407 22882
4411 5645
4411 9025
4411 12572
4411 20800
4425 4014
4437 3157
4440 269
4440 673
4440 1893
4440 2480
4440 3432
4440 20800
4440 21337
4447 2441
4447 4796
4447 10719
4447 14805
4447 21699
4458 0
4458 863
4458 1382
4458 3145
4458 4406
4458 9025
4458 11361
4458 11522
4458 11861
4458 13270
4458 15483
4463 804
4476 2961
4479 12539
4508 1609
4508 4476
4519 4524
4537 7940
4593 533
4593 1105
4593 5645
4593 14054
4593 19432
4596 4327
4620 4589
4620 5215
4620 9203
4630 14805
4630 20429
4642 14538
4646 14805
4685 907
4689 11684
4689 13336
4694 1921
4694 2913
4694 14920
4707 5901
4744 19432
4773 14500
4773 22315
4781 11926
4805 5215
4805 14054
4814 2831
4877 11926
4879 4872
4920 0
4920 1180
4920 2441
4920 9461
4920 12572
4920 16018
4920 20674
4925 533
4936 4930
4962 2184
4978 9025
5003 0
5003 14835
5020 554
5020 7498
5036 418
5036 1237
5036 14805
5036 15178
5036 22559
5042 4962
5048 24680
5057 19432
5084 5176
5092 17087
5092 19432
5092 20284
5097 16508
5102 4920
5107 5515
5107 9203
5107 10259
5107 11861
5107 11926
5107 19866
5117 4831
5123 18689
5147 280
5147 5307
5147 9516
5147 11684
5147 13726
5147 19432
5147 24413
5176 1939
5176 3145
5176 5111
5176 5215
5176 5612
5176 13102
5176 18955
5176 19946
5176 24380
5198 14805
5215 804
5232 22559
5284 3733
5284 5572
5284 9203
5284 9516
5307 673
5307 4642
5307 9516
5313 13726
5323 24413
5329 554
5329 22167
5345 19866
5351 20674
5364 554
5364 9203
5364 12572
5364 14224
5364 14805
5364 19946
5369 898
5369 19432
5380 21699
5386 19554
5409 1105
5409 2831
5409 22587
5409 24264
5409 24616
5427 5380
5438 9025
5449 907
5470 9516
5544 606
5544 4123
5572 5662
5572 9025
5572 9203
5572 19554
5600 12572
5602 1967
5619 14805
5627 5612
5637 13726
5645 2416
5645 9685
5645 18056
5645 19432
5668 5721
5675 1967
5716 1945
5721 3403
5729 14171
5729 22559
5763 5590
5767 5901
5767 13726
5774 5901
5781 2491
5787 5572
5787 9025
5796 1899
5818 5590
5831 2194
5831 5767
5831 11926
5885 1921
5914 10259
5925 11926
5930 3484
5930 14171
5930 16241
5930 19432
5935 2467
5968 5901
5968 19554
6012 11926
6029 3484
6095 1237
6095 2816
6095 3432
6095 3889
6095 14805
6095 22882
6095 24451
6403 9025
6811 4956
6811 11861
6850 14414
6850 23039
6995 280
6995 11835
7498 280
7498 1209
7498 3349
7498 3493
7498 3813
7498 5572
7498 19138
7498 20284
7498 22882
7499 903
7499 1173
7499 1780
7499 2194
7499 2361
7499 2400
7499 2487
7499 2497
7499 3071
7499 3540
7499 4463
7499 5375
7499 9461
7499 13003
7499 14224
7499 14920
7499 21337
7499 24288
7499 24413
7816 1382
7816 12572
7940 230
7940 19554
7953 3168
8091 0
8091 162
8091 3349
8091 3493
8091 3497
8091 17041
8091 24727
8107 21699
8444 348
8444 726
8444 1762
8444 2194
8444 2831
8444 3165
8444 24413
8921 3551
8921 9025
8995 1064
8995 11899
8995 14806
8995 24192
9016 269
9022 22234
9025 230
9025 601
9025 903
9025 1202
9025 1815
9025 2178
9025 2851
9025 2944
9025 2961
9025 3295
9025 3349
9025 3403
9025 3415
9025 3432
9025 3534
9025 3540
9025 3705
9025 3916
9025 4048
9025 4112
9025 4133
9025 4335
9025 4340
9025 4393
9025 4440
9025 4603
9025 4630
9025 4827
9025 5107
9025 7539
9025 9057
9025 13270
9025 14656
9025 14920
9025 20284
9025 22315
9025 22882
9025 23634
9025 24409
9025 24413
9025 24451
9025 24545
9025 24567
9025 24680
9203 0
9203 111
9203 2067
9203 2194
9203 14538
9239 111
9239 125
9239 240
9239 726
9239 804
9239 936
9239 975
9239 1780
9239 1793
9239 1899
9239 2194
9239 2467
9239 2491
9239 2517
9239 2536
9239 2583
9239 2591
9239 2672
9239 2713
9239 2935
9239 3165
9239 3175
9239 3179
9239 3342
9239 3415
9239 3641
9239 3874
9239 3930
9239 4038
9239 4440
9239 4537
9239 4702
9239 5111
9239 5191
9239 5284
9239 5345
9239 5604
9239 5612
9239 5985
9239 8107
9239 8892
9239 8921
9239 9461
9239 9724
9239 10307
9239 11313
9239 12900
9239 13929
9239 14805
9239 16018
9239 17295
9239 18056
9239 19866
9239 20624
9239 22234
9239 22283
9239 22412
9239 22882
9239 23634
9239 24413
9239 24727
9239 24733
9365 125
9365 280
9365 533
9365 903
9365 1153
9365 1887
9365 1955
9365 1967
9365 2270
9365 2361
9365 2473
9365 2480
9365 2805
9365 2831
9365 2913
9365 3032
9365 3120
9365 3157
9365 3373
9365 3432
9365 3497
9365 3813
9365 3947
9365 4002
9365 4014
9365 4038
9365 4096
9365 4393
9365 4440
9365 4973
9365 4986
9365 8091
9365 8444
9365 11607
9365 11861
9365 14969
9365 16120
9365 17295
9365 20399
9365 21699
9365 22256
9365 24413
9365 24451
9366 5242
9461 240
9461 280
9461 903
9461 907
9461 1835
9461 2184
9461 2831
9461 2935
9461 3090
9461 3916
9461 3930
9461 4689
9461 4702
9461 4986
9461 4998
9461 5147
9461 11276
9461 13336
9461 14171
9461 14805
9461 14920
9461 15360
9461 16241
9461 21786
9461 21954
9516 348
9516 554
9516 1887
9516 2053
9516 2935
9516 4831
9516 14500
9516 19946
9516 21896
9516 21954
9724 498
9724 5985
9812 533
9812 601
9812 640
9812 1749
9812 2053
9812 2168
9812 2194
9812 2416
9812 3145
9812 3303
9812 6811
9812 11276
9812 11361
9812 13336
9812 14805
9812 18056
9812 19554
9812 20674
9812 21954
10121 280
10121 903
10121 907
10121 1202
10121 1237
10121 1296
10121 2361
10121 2480
10121 2851
10121 2941
10121 3425
10121 3540
10121 14171
10121 20399
10121 20800
10168 14414
10259 1296
10259 2467
10259 3145
10259 3813
10259 5215
10259 11861
10259 20904
10307 275
10307 2497
10307 2831
10307 3289
10307 3468
10307 5985
10307 22315
10325 6095
10719 1921
10719 2053
10719 2851
10719 3179
10719 5191
10719 5493
10719 19138
10719 22412
10791 7498
11148 269
11148 2083
11148 5985
11148 11276
11148 14920
11238 601
11238 1403
11238 3250
11238 3468
11238 5386
11238 11926
11276 1319
11276 18169
11276 23039
11313 240
11313 2480
11313 14805
11361 4481
11405 3415
11405 22990
11488 1237
11488 4197
11488 11894
11488 11899
11488 14171
11488 22256
11522 388
11522 2497
11522 4440
11522 4956
11522 5107
11522 22167
11522 24451
11569 111
11569 280
11569 540
11569 726
11569 898
11569 903
11569 1835
11569 2083
11569 2168
11569 2194
11569 2556
11569 3120
11569 3165
11569 3261
11569 3295
11569 3342
11569 3468
11569 4034
11569 4038
11569 4393
11569 4406
11569 4537
11569 4596
11569 5345
11569 5645
11569 9016
11569 11361
11569 11488
11569 11899
11569 13066
11569 14171
11569 14835
11569 18056
11569 24062
11607 903
11607 3432
11607 3747
11607 3947
11607 4197
11607 7539
11607 14805
11607 20399
11607 21954
11684 410
11684 903
11684 975
11684 2497
11684 3289
11684 3447
11684 4038
11684 12572
11684 21954
11835 1893
11835 2851
11835 24483
11861 275
11861 1064
11861 1658
11861 3415
11861 3677
11861 5176
11861 5280
11861 8107
11861 9016
11861 11899
11861 12198
11861 13336
11861 14806
11861 21336
11861 22990
11861 24037
11899 118
11899 2467
11899 11607
11899 12415
11899 14805
11899 19554
11899 24634
11926 11835
11926 16046
12198 1815
12198 24380
12352 19554
12482 804
12482 2467
12482 9203
12482 10121
12482 20800
12482 21699
12510 0
12510 1197
12510 2349
12510 2361
12510 3733
12510 4925
12510 9516
12510 9812
12510 12572
12510 18472
12510 19866
12510 24192
12510 24451
12539 936
12539 1338
12539 1887
12539 2831
12539 3145
12539 3700
12539 3733
12539 5345
12539 7499
12539 11405
12539 12510
12539 14805
12539 18169
12539 18689
12539 18955
12539 19866
12539 20800
12539 24526
12572 162
12572 601
12572 804
12572 848
12572 1202
12572 1209
12572 1296
12572 1846
12572 1997
12572 3145
12572 3168
12572 3349
12572 3468
12572 3765
12572 3947
12572 5232
12572 5724
12572 8107
12572 9203
12572 11899
12572 13608
12572 14086
12572 14171
12572 14224
12572 14805
12572 14969
12572 22315
12572 22882
12572 24409
12572 24567
12685 22412
13003 410
13003 903
13003 1871
13003 3091
13003 3108
13003 3432
13003 3540
13003 3747
13003 9239
13003 11835
13003 15178
13003 18955
13003 21954
13003 22167
13003 24472
13003 24616
13003 24727
13102 19554
13141 15178
13203 2
13203 12572
13238 13406
13270 280
13270 554
13270 903
13270 1237
13336 118
13336 2831
13336 2879
13336 2913
13336 3312
13336 3373
13336 3432
13336 5280
13336 12198
13336 12725
13336 13003
13336 13203
13336 14805
13336 16099
13336 24037
13336 24733
13406 252
13406 1197
13406 4694
13406 14805
13406 21699
13608 118
13608 5386
13608 19554
13608 23039
13786 4406
13929 1899
13929 3741
13929 5695
13929 18169
13964 1237
13964 11276
14010 0
14010 12352
14010 14224
14054 4370
14054 10307
14054 13726
14054 23039
14142 162
14142 1780
14142 2851
14142 4447
14142 5539
14142 12572
14142 14835
14142 22587
14171 1202
14171 1967
14171 2067
14171 2761
14171 2913
14171 4002
14171 5901
14171 14805
14171 14835
14171 21756
14224 125
14224 533
14224 863
14224 1658
14224 3342
14224 3540
14224 4440
14224 5111
14224 5284
14224 13929
14224 14805
14224 14835
14224 18056
14224 18169
14224 18869
14224 20399
14224 22506
14224 24545
14314 11926
14414 280
14414 1296
14414 3677
14414 3705
14414 3838
14414 11926
14414 12539
14414 14171
14414 14835
14414 15300
14414 18056
14414 18169
14414 22990
14414 24526
14500 111
14500 2361
14500 2441
14500 3165
14500 3261
14500 3403
14500 4702
14500 14538
14500 18169
14500 21896
14500 24288
14500 24445
14538 111
14538 118
14538 2270
14538 2416
14538 2713
14538 2761
14538 4038
14538 4648
14538 4702
14538 8091
14538 9239
14538 17922
14538 20284
14538 21337
14538 22559
14656 388
14656 1167
14656 2083
14656 23634
14713 1887
14713 3747
14805 903
14805 1045
14805 1846
14805 1921
14805 2528
14805 2913
14805 3153
14805 3303
14805 3312
14805 3415
14805 3484
14805 3733
14805 3916
14805 4014
14805 4440
14805 9057
14805 9367
14805 11361
14805 13003
14805 13238
14805 14713
14805 16046
14805 18689
14805 18955
14805 19866
14805 20512
14805 22315
14806 903
14806 907
14806 1237
14806 2467
14806 2491
14806 3032
14806 3145
14806 3813
14806 4187
14806 4411
14806 4537
14806 4630
14806 5107
14806 5901
14806 8107
14806 9239
14806 9724
14806 11835
14806 12725
14806 14805
14806 14835
14806 16099
14806 18955
14806 20800
14806 21786
14806 22167
14806 23039
14806 24192
14806 24413
14835 554
14835 863
14835 1899
14835 1921
14835 2491
14835 2774
14835 2831
14835 3432
14835 3493
14835 3747
14835 4340
14835 4416
14835 4831
14835 4956
14835 5572
14835 5662
14835 11313
14835 14805
14835 16099
14835 18056
14835 20674
14835 21337
14835 24037
14835 24322
14835 24526
14835 24733
14920 726
14920 907
14920 1708
14920 1780
14920 2184
14920 2367
14920 2467
14920 2473
14920 3168
14920 3432
14920 3447
14920 4014
14920 5242
14920 5901
14920 8444
14920 21954
14920 22315
14920 23634
14949 5901
15116 2497
15116 5544
15116 20674
15332 545
15332 1632
15332 2194
15332 2416
15332 2831
15332 3168
15332 3889
15332 9239
15332 12900
15332 19138
15332 19554
15332 20399
15332 20904
15332 24413
15332 24680
15360 1815
15360 11835
15360 14806
15360 18955
15483 12572
15483 24037
15562 24288
15841 12572
15841 19432
16018 3250
16018 3349
16018 15300
16018 18169
16018 19554
16018 20674
16018 21954
16018 22167
16099 898
16099 11926
16099 21954
16120 21337
16241 2480
16241 2517
16241 2913
16241 11926
16241 14171
16241 20284
16241 22167
16241 22559
16508 4014
16768 22559
17041 0
17041 1197
17041 1893
17041 2304
17041 2487
17041 2831
17041 3493
17041 3947
17041 5369
17041 8107
17041 11926
17041 19554
17041 22437
17041 22559
17041 24288
17295 24279
17735 3540
17735 20284
17922 21699
18056 230
18056 533
18056 10259
18056 14054
18056 18955
18056 20674
18056 24472
18169 907
18169 941
18169 1230
18169 1780
18169 2053
18169 2083
18169 2349
18169 2480
18169 4034
18169 4168
18169 4646
18169 12572
18169 13141
18169 21699
18412 2416
18472 936
18472 3415
18472 21213
18689 2178
18689 2361
18689 2556
18689 11276
18869 554
18869 1815
18869 3432
18869 4827
18869 14835
18869 22215
18869 23039
18955 466
18955 545
18955 1815
18955 3813
18955 4335
18955 4537
18955 5280
18955 5284
18955 6049
18955 7498
18955 9724
18955 11926
18955 20800
18955 23634
19138 280
19138 1815
19138 2304
19138 9239
19138 21699
19138 22412
19138 24062
19432 695
19432 804
19432 863
19432 1045
19432 1209
19432 1230
19432 1846
19432 1893
19432 1945
19432 1950
19432 1967
19432 2053
19432 2513
19432 3179
19432 3540
19432 4159
19432 4827
19432 4930
19432 4956
19432 5284
19432 14713
19432 16120
19432 22990
19432 24426
19554 907
19554 1955
19554 2270
19554 2513
19554 2517
19554 3453
19554 3534
19554 3540
19554 3733
19554 3813
19554 4416
19554 4440
19554 4476
19554 5345
19554 11276
19554 11835
19554 16120
19554 18689
19554 20624
19554 20800
19554 24526
19860 11899
19860 11926
19866 533
19866 1237
19866 2491
19866 2913
19866 3540
19866 4335
19866 4440
19866 11926
19866 12352
19866 24413
19946 17041
20284 240
20399 3295
20399 22559
20512 1921
20512 11607
20512 22234
20624 1230
20624 3349
20624 4159
20624 5386
20624 11899
20624 12572
20624 20904
20624 21954
20674 2952
20674 4694
20674 5068
20674 13608
20674 24413
20695 4411
20761 13726
20800 1202
20800 1899
20800 1921
20800 11569
20800 12572
20800 21336
20800 24301
20800 24733
20897 21336
20904 907
20904 2083
20904 2831
20904 3373
20904 3774
20904 5985
20904 6850
20904 9461
20904 11607
20904 12539
20904 14806
20904 15300
20904 24379
20904 24526
21213 4008
21317 14805
21336 280
21336 348
21336 804
21336 1899
21336 3032
21336 3145
21336 3165
21336 3838
21336 4172
21336 4589
21336 15178
21337 230
21337 14054
21337 23039
21337 24451
21699 0
21699 111
21699 533
21699 554
21699 804
21699 1021
21699 1296
21699 1799
21699 1815
21699 2184
21699 2194
21699 2467
21699 2672
21699 3540
21699 3705
21699 3916
21699 4537
21699 4962
21699 4998
21699 5111
21699 5191
21699 5232
21699 5364
21699 5464
21699 5662
21699 5668
21699 14171
21699 16120
21699 17547
21699 20284
21699 20512
21699 22234
21699 22315
21699 22559
21699 23039
21699 23473
21699 24062
21699 24293
21699 24379
21756 3349
21786 1209
21786 1815
21786 1893
21786 2194
21786 9025
21786 10719
21786 11835
21786 13370
21786 13406
21786 15360
21786 18169
21786 20904
21786 21954
21786 22559
21896 0
21954 533
21954 898
21954 2194
21954 2304
21954 2416
21954 2467
21954 2480
21954 2851
21954 2961
21954 3157
21954 3295
21954 3432
21954 3468
21954 3497
21954 4014
21954 4411
21954 4537
21954 4920
21954 5242
21954 5409
21954 7539
21954 15841
21954 19138
21954 20674
21954 22315
21954 22559
21954 22882
22089 0
22089 2480
22089 13726
22167 1893
22167 2154
22167 3145
22167 15483
22222 2497
22256 11926
22315 240
22315 348
22315 540
22315 545
22315 666
22315 907
22315 1039
22315 1780
22315 1846
22315 1893
22315 1921
22315 2349
22315 2400
22315 2441
22315 2613
22315 3120
22315 3295
22315 3309
22315 3330
22315 3349
22315 3373
22315 3394
22315 3403
22315 3484
22315 3711
22315 4014
22315 4180
22315 4920
22315 5736
22315 11926
22315 13270
22315 14500
22315 16241
22315 18169
22315 22559
22361 3947
22384 14171
22412 2361
22412 2416
22412 2831
22412 3165
22412 3179
22412 3303
22412 3432
22412 4440
22412 5232
22412 8444
22412 11926
22412 14805
22412 14835
22412 14969
22412 24409
22412 24445
22559 3432
22559 3484
22559 5901
22559 11861
22559 14171
22559 20999
22587 24451
22718 5493
22882 269
22882 3157
22882 4827
22882 9365
22990 3032
22990 22225
22990 23039
23039 907
23039 1039
23039 1237
23039 1815
23039 1846
23039 1967
23039 2349
23039 2361
23039 2467
23039 2583
23039 3415
23039 3468
23039 3540
23039 3677
23039 3705
23039 3765
23039 3813
23039 4172
23039 4440
23039 5020
23039 8892
23039 12510
23039 14920
23039 16241
23039 18472
23039 20800
23039 24733
23220 1815
23473 14805
23634 2400
23854 2304
23854 2480
23854 18169
23935 1967
24037 5284
24037 22197
24062 13406
24145 21954
24192 666
24192 1397
24192 2831
24192 4781
24192 5232
24192 5539
24192 5572
24192 11607
24192 12572
24192 23039
24259 5191
24259 9025
24274 3403
24279 14805
24288 2467
24288 4827
24288 20284
24288 24727
24293 1202
24293 4207
24293 14805
24293 14835
24293 16120
24293 23039
24308 3415
24308 4458
24308 11405
24366 19432
24366 22559
24379 0
24379 3295
24379 5572
24379 9025
24379 9461
24379 14805
24379 17922
24379 24413
24380 1780
24380 1846
24380 1899
24380 3415
24380 3741
24380 13608
24380 14805
24380 19432
24394 240
24394 2304
24394 3551
24394 9025
24394 19432
24404 14171
24409 2441
24409 4827
24409 5191
24409 5232
24409 11276
24409 14805
24409 14806
24409 21337
24409 24274
24445 1815
24451 275
24451 995
24451 2831
24451 3468
24451 4925
24451 4941
24451 5025
24451 14805
24451 18472
24451 18689
24467 9025
24467 14805
24472 1296
24472 3432
24472 9812
24472 14805
24472 20399
24483 1815
24483 2851
24483 14805
24518 12572
24526 1045
24526 1382
24526 1780
24526 1871
24526 2416
24526 2961
24526 3677
24526 4187
24526 4458
24526 11861
24526 14171
24526 16120
24526 18869
24526 18930
24526 19946
24526 24545
24545 4481
24550 11835
24567 11926
24639 280
24639 9025
24676 554
24676 1899
24680 3747
24704 1032
24704 11926
0 280
0 640
0 2349
0 2386
0 3302
0 4531
0 4839
0 5071
0 5544
0 6268
0 6450
0 6874
0 6991
0 7414
0 8512
0 8736
0 8939
0 9004
0 9006
0 9029
0 11607
0 11959
0 14500
0 24451
2 6122
2 6759
2 8724
21 348
21 2774
77 545
77 5544
97 1887
105 9006
105 14805
105 21337
117 997
117 3002
117 3741
117 6122
117 6866
117 7758
117 16018
117 24545
125 6528
125 6738
125 20904
125 22315
166 18689
204 4197
216 2774
216 3090
216 8960
230 4406
230 11313
230 21954
230 24545
240 8077
252 2386
252 3153
252 3330
252 8921
252 9025
252 18955
252 22905
252 24591
275 3309
275 3540
275 4593
275 7554
280 3398
280 6488
335 410
335 800
335 3415
335 4153
335 4593
335 4851
335 6733
335 7054
335 7554
335 7846
335 7850
335 8107
335 8724
335 8741
335 11607
335 18689
335 18817
335 19498
335 20674
341 6842
341 8825
348 1893
348 6268
348 6961
348 14920
388 997
406 6294
406 7707
441 2194
498 6811
498 7683
498 8428
524 2416
524 4406
524 9016
524 11861
533 11607
540 997
540 11488
545 914
545 5092
545 5369
545 5544
545 6450
545 6733
545 6874
545 6961
545 8044
545 8417
545 8876
545 11959
545 13003
545 14835
545 23039
545 24409
554 804
554 962
554 1045
554 2913
554 4630
554 5147
554 5544
554 5716
554 6751
554 7202
554 7795
554 8060
554 15332
554 17922
554 24380
570 7001
583 9029
583 23039
601 2194
601 3741
601 5925
601 6450
601 6874
601 7498
601 14920
606 1899
606 11894
640 4187
640 4406
640 5645
640 6557
640 8709
640 18955
640 19946
666 545
666 804
666 1887
666 2416
666 2774
666 3330
666 4492
666 5604
666 6488
666 6961
666 6991
666 7778
666 7846
666 8083
666 8321
666 8337
666 8353
666 8403
666 8876
666 8984
666 8990
666 8992
666 9013
666 9025
666 9031
666 11313
666 14920
666 17922
666 21896
666 22559
670 2848
673 17922
684 2774
684 24545
695 5386
695 9025
726 1671
726 2961
726 3168
726 7539
726 8470
726 8864
726 9008
726 11488
726 19498
726 21337
726 24445
782 3733
782 6414
782 14314
804 907
804 1202
804 2194
804 2349
804 2491
804 3349
804 4060
804 4781
804 4839
804 4920
804 5071
804 5386
804 5716
804 6049
804 6095
804 6129
804 6567
804 6961
804 7017
804 7481
804 7648
804 7667
804 8107
804 8353
804 8736
804 8984
804 8996
804 9006
804 11488
804 12685
804 13003
804 14171
804 14469
804 15332
804 17922
804 20800
804 21954
804 22167
804 24380
804 24394
804 24409
804 24544
894 2491
894 6207
894 6488
903 2194
903 3153
903 8060
903 8676
903 8724
907 8582
914 1230
914 2194
914 6681
914 11569
914 17922
914 24379
929 7977
929 8716
929 11569
929 17922
962 22559
975 2361
975 9025
988 23039
997 22315
1045 3705
1045 7008
1045 9025
1064 903
1064 3733
1064 23039
1105 640
1105 1202
1105 2491
1105 2976
1105 3398
1105 6129
1105 7322
1105 7614
1105 7758
1105 15332
1105 17922
1105 24544
1197 6207
1197 8321
1197 8864
1202 21699
1220 2913
1220 6991
1230 117
1230 903
1230 2194
1230 3153
1230 5860
1230 5925
1230 6450
1230 7130
1230 7414
1230 7441
1230 7554
1230 11835
1230 12572
1230 13336
1230 17922
1230 18955
1230 22167
1237 997
1237 1871
1237 1887
1237 2976
1237 3398
1237 5107
1237 6991
1237 8107
1237 14835
1237 22315
1296 2416
1296 3741
1296 8143
1301 6457
1301 8353
1301 24545
1338 640
1338 6079
1338 6961
1338 7130
1338 8107
1338 8491
1338 8709
1403 418
1403 8992
1403 18955
1495 6690
1603 20800
1603 24288
1609 3153
1609 6521
1609 8156
1609 17922
1609 24445
1632 498
1632 2416
1632 3560
1632 6961
1632 8914
1658 804
1658 7835
1658 9239
1658 12572
1658 12685
1658 24409
1719 1887
1719 4458
1719 4593
1743 8939
1743 17078
1743 19866
1780 2491
1780 6811
1780 24451
1846 907
1846 2194
1846 2487
1846 2497
1846 4370
1846 6845
1846 6874
1846 7554
1846 8107
1846 8996
1846 11488
1846 12510
1846 18817
1846 24288
1846 24451
1871 782
1871 1887
1871 1913
1871 2467
1871 2913
1871 4187
1871 5071
1871 6129
1871 6991
1871 8995
1871 9003
1871 9029
1871 13203
1871 21954
1871 22222
1871 24451
1887 117
1887 252
1887 280
1887 554
1887 914
1887 1202
1887 1403
1887 2304
1887 2349
1887 2416
1887 2497
1887 3168
1887 3289
1887 3302
1887 3534
1887 4060
1887 4187
1887 4370
1887 4406
1887 4458
1887 4531
1887 4781
1887 4851
1887 5071
1887 5604
1887 5645
1887 6223
1887 6268
1887 6450
1887 6488
1887 6681
1887 6690
1887 6738
1887 6759
1887 6877
1887 6955
1887 6961
1887 7001
1887 7130
1887 7146
1887 7202
1887 7275
1887 7405
1887 7414
1887 7441
1887 7481
1887 7581
1887 8091
1887 8321
1887 8491
1887 8921
1887 8992
1887 8996
1887 9003
1887 9004
1887 11488
1887 13003
1887 13336
1887 13726
1887 14224
1887 14414
1887 14538
1887 14920
1887 16508
1887 17041
1887 18689
1887 19866
1887 20800
1887 20904
1887 22167
1887 22222
1887 22437
1887 22465
1887 22990
1887 24379
1887 24544
1893 1202
1899 7446
1913 2497
1913 3021
1913 3302
1913 4781
1913 5390
1913 8947
1913 8989
1913 9025
1913 9029
1913 9239
1913 18169
1913 23039
1913 24451
1921 673
1921 1887
1921 3398
1921 6681
1921 7835
1921 8876
2053 3540
2053 4620
2053 4630
2053 5716
2053 6079
2053 6239
2053 6256
2053 6272
2053 6294
2053 6557
2053 6794
2053 7487
2053 7539
2053 7667
2053 8709
2053 8996
2053 19554
2053 24380
2100 11926
2178 997
2178 3168
2178 7441
2184 7441
2184 15623
2194 997
2194 1105
2194 1913
2194 2491
2194 3002
2194 3049
2194 3330
2194 3425
2194 3468
2194 3484
2194 3560
2194 4187
2194 4581
2194 4781
2194 4814
2194 5167
2194 5176
2194 5215
2194 5351
2194 5390
2194 5645
2194 5716
2194 6070
2194 6467
2194 6537
2194 6806
2194 6845
2194 6991
2194 7481
2194 7498
2194 7554
2194 7648
2194 7846
2194 7892
2194 7923
2194 8052
2194 8107
2194 8203
2194 8321
2194 8439
2194 8456
2194 8470
2194 8589
2194 8605
2194 8619
2194 8921
2194 8947
2194 8992
2194 8996
2194 9461
2194 10307
2194 11804
2194 13003
2194 13336
2194 14469
2194 14500
2194 14805
2194 14835
2194 16508
2194 17078
2194 18689
2194 20904
2194 24409
2304 583
2304 1202
2304 1237
2304 2178
2304 4187
2304 4440
2304 4702
2304 4814
2304 5369
2304 5729
2304 6437
2304 6450
2304 6521
2304 6627
2304 6781
2304 6961
2304 7296
2304 8156
2304 8219
2304 8321
2304 8589
2304 8703
2304 8876
2304 8914
2304 8921
2304 8996
2304 9021
2304 11488
2304 18689
2304 22905
2304 24634
2349 8939
2361 3049
2361 3289
2361 4324
2361 6122
2361 6450
2361 6874
2361 6961
2361 7092
2361 7498
2361 8864
2361 8988
2361 8992
2361 9025
2361 19432
2361 24601
2386 14538
2416 601
2416 1301
2416 1893
2416 1913
2416 2774
2416 3021
2416 3049
2416 3330
2416 3677
2416 4324
2416 4370
2416 4406
2416 4781
2416 5232
2416 5369
2416 5539
2416 5925
2416 6070
2416 6101
2416 6122
2416 6129
2416 6256
2416 6403
2416 6450
2416 6521
2416 6603
2416 6811
2416 6874
2416 6961
2416 6991
2416 7092
2416 7296
2416 7352
2416 7481
2416 7487
2416 7539
2416 7648
2416 7846
2416 7874
2416 7910
2416 7932
2416 7971
2416 8044
2416 8077
2416 8219
2416 8321
2416 8353
2416 8376
2416 8456
2416 8491
2416 8512
2416 8582
2416 8589
2416 8605
2416 8623
2416 8638
2416 8676
2416 8709
2416 8736
2416 8758
2416 8992
2416 9023
2416 10259
2416 11488
2416 12198
2416 12510
2416 13406
2416 14224
2416 16067
2416 18689
2416 19861
2416 22167
2416 22506
2416 24288
2416 24380
2416 24394
2416 24451
2429 5544
2467 2774
2467 7017
2467 8512
2467 20674
2487 2497
2487 2831
2487 3168
2487 4925
2487 6070
2487 6450
2487 6845
2487 7498
2487 9006
2487 9461
2487 17922
2487 24451
2491 6891
2491 14920
2497 800
2497 2349
2497 2361
2497 2774
2497 3289
2497 3349
2497 3484
2497 4060
2497 4370
2497 4707
2497 5544
2497 6070
2497 6450
2497 6627
2497 6726
2497 6811
2497 6850
2497 7352
2497 7487
2497 7498
2497 7539
2497 7554
2497 8456
2497 11313
2497 11569
2497 12510
2497 13003
2497 15178
2497 19866
2497 20674
2497 21954
2497 22167
2497 24288
2709 19866
2713 2361
2713 22222
2774 9025
2798 6122
2822 11926
2831 5071
2831 5544
2831 6937
2831 7498
2831 8456
2831 8470
2831 8676
2831 8709
2831 11488
2831 11959
2831 13929
2831 16508
2831 24394
2913 275
2913 601
2913 4187
2913 4638
2913 6049
2913 6681
2913 7379
2913 11926
2913 19554
2913 24037
2961 7487
2961 8736
2961 9008
3049 1846
3049 3398
3049 6681
3049 6726
3049 7539
3049 8115
3049 8353
3049 24451
3090 2416
3090 2976
3090 5178
3090 13003
3090 13608
3153 4851
3153 6268
3153 6521
3153 6961
3153 7441
3153 8676
3153 8758
3153 9008
3153 17922
3168 0
3168 2831
3168 3398
3168 11926
3168 19866
3175 8107
3250 5071
3250 6955
3250 7977
3250 8417
3250 8600
3250 17922
3250 24379
3289 0
3289 804
3289 997
3289 6122
3289 8589
3289 9003
3289 9025
3289 9239
3289 14538
3289 22437
3289 24345
3309 3540
3330 3002
3330 7539
3330 7581
3330 11238
3330 11313
3330 11488
3349 914
3349 4781
3349 4920
3398 7379
3398 7758
3398 8289
3398 13726
3398 19866
3403 6961
3425 554
3425 1846
3425 6070
3425 6794
3425 6938
3425 7554
3425 7667
3425 8321
3425 8914
3425 8921
3425 8997
3425 13003
3425 15360
3425 17078
3425 22167
3447 6690
3468 2491
3468 5176
3468 14469
3484 19866
3540 21954
3585 4406
3677 533
3677 804
3677 5645
3677 5839
3677 6197
3677 22167
3705 6467
3705 24451
3733 335
3733 726
3733 1301
3733 2361
3733 5323
3733 7017
3733 7554
3733 9009
3733 11926
3733 23733
3741 4781
3741 6450
3747 15116
4060 8044
4108 13203
4112 5097
4123 0
4123 2416
4123 4406
4123 5176
4123 5351
4123 5645
4123 6557
4123 6806
4123 6918
4123 7667
4123 11313
4123 11569
4123 14469
4123 15116
4123 17927
4133 9031
4187 1913
4187 3398
4187 4406
4187 4638
4187 4781
4187 5351
4187 5845
4187 6095
4187 6640
4187 6690
4187 6738
4187 7001
4187 7130
4187 7441
4187 7795
4187 8107
4187 8188
4187 8382
4187 8470
4187 9025
4187 11569
4187 12539
4187 13003
4187 14538
4187 17922
4187 18955
4187 24308
4197 4406
4197 11899
4271 6403
4298 14806
4324 6811
4340 2053
4340 8491
4351 8107
4351 19946
4406 1913
4406 4877
4406 5390
4406 5544
4406 5645
4406 5839
4406 6557
4406 8107
4406 8439
4406 11238
4406 13003
4406 16018
4406 19554
4407 2491
4407 7846
4411 2811
4411 14805
4425 24733
4440 1045
4440 1202
4440 1913
4440 2491
4440 2831
4440 3153
4440 4851
4440 5307
4440 5716
4440 6268
4440 6450
4440 6678
4440 6961
4440 7441
4440 8353
4440 8470
4440 8589
4440 8989
4440 8994
4440 17078
4440 18955
4440 19786
4440 21954
4440 22437
4440 24394
4440 24451
4447 5925
4447 7414
4447 8091
4447 24293
4458 1871
4458 5645
4458 11569
4458 16018
4458 22990
4458 23039
4476 5901
4492 2774
4508 5901
4508 14835
4508 19866
4581 997
4581 16508
4593 1887
4593 3468
4593 5369
4593 6070
4593 8107
4593 8371
4593 8876
4593 8996
4593 18955
4593 19554
4593 23039
4593 24293
4620 5071
4620 8289
4630 6239
4642 6891
4642 8203
4642 8864
4642 11488
4642 22437
4707 1887
4754 11488
4781 2774
4781 3250
4781 5369
4781 6961
4781 6991
4781 9025
4805 11569
4814 3403
4839 6794
4839 11313
4839 18955
4839 19432
4879 8107
4879 11926
4879 14469
4879 18689
4920 348
4920 907
4920 929
4920 941
4920 2349
4920 2774
4920 3090
4920 5177
4920 5178
4920 5449
4920 5572
4920 5604
4920 5716
4920 5831
4920 6129
4920 6450
4920 6866
4920 7017
4920 7202
4920 7977
4920 8137
4920 8403
4920 9025
4920 9036
4920 11238
4920 11569
4920 15332
4920 17922
5071 18955
5092 903
5092 3889
5092 6256
5092 7977
5092 11926
5092 15332
5092 18817
5107 524
5107 2976
5107 6738
5107 21954
5107 22990
5147 2361
5147 5409
5147 8921
5176 804
5176 5284
5176 8996
5176 9005
5176 22990
5215 5544
5215 8283
5215 14469
5232 12510
5284 4123
5284 5716
5307 2361
5307 2497
5329 804
5329 1603
5329 5351
5329 5848
5329 6738
5329 6802
5329 6918
5329 7648
5345 997
5345 2491
5345 7352
5351 2774
5351 5544
5351 5914
5351 7648
5351 9025
5351 9239
5351 15116
5351 18955
5351 19432
5364 1887
5364 5604
5369 111
5369 1887
5369 3813
5369 6690
5369 6961
5369 6991
5369 7498
5369 7554
5369 12685
5369 14538
5369 20800
5369 22412
5369 24394
5375 11718
5386 4781
5386 7146
5386 12572
5386 19432
5390 8947
5390 8996
5390 14054
5390 18955
5390 20800
5409 800
5409 2913
5409 5369
5409 6845
5409 8758
5409 8921
5409 9003
5409 9025
5409 13003
5409 13336
5409 14805
5409 16067
5409 19432
5409 19554
5409 22222
5539 6678
5539 18689
5544 804
5544 2416
5544 3302
5544 4370
5544 6177
5544 7667
5544 8107
5544 8343
5544 8996
5544 9026
5544 13003
5544 14054
5544 14469
5544 20674
5544 21337
5544 23039
5544 24451
5572 4781
5572 5386
5572 7458
5572 7648
5572 19866
5604 8083
5645 804
5645 3302
5645 3415
5645 4839
5645 6229
5645 6457
5645 6603
5645 6738
5645 6806
5645 6918
5645 7581
5645 11488
5645 12572
5645 14805
5645 19554
5645 20904
5645 21954
5645 22315
5645 23039
5645 24288
5667 5716
5729 5901
5831 269
5831 4492
5831 22315
5839 6414
5839 8996
5839 11569
5839 11861
5839 23039
5845 6640
5845 24308
5848 9025
5848 20800
5855 269
5855 800
5855 1871
5855 2831
5855 8994
5855 9029
5855 9038
5855 10121
5855 15178
5855 17922
5855 18955
5855 19432
5855 21954
5855 23039
5860 17922
5914 2491
5914 4187
5914 6070
5914 11569
5914 11718
5914 14805
5914 21699
5925 5645
5925 7498
5925 9025
5925 17041
5925 18869
5925 21954
5930 9025
5930 9365
5930 23039
5935 9025
5955 16508
6006 3168
6049 4411
6049 6096
6049 6537
6049 6567
6049 6806
6049 8115
6049 14806
6049 19432
6070 280
6070 1237
6070 3049
6070 3398
6070 4908
6070 6681
6070 6850
6070 7087
6070 7414
6070 7487
6070 9025
6070 10168
6070 11718
6070 14171
6070 16241
6070 17922
6070 22559
6070 24288
6095 1899
6095 1913
6095 2831
6095 3733
6095 7130
6095 7146
6095 7405
6095 9003
6095 13003
6095 14054
6095 17922
6118 11926
6122 9365
6129 7352
6177 15116
6191 3947
6197 14835
6197 21336
6223 9025
6229 7130
6229 7414
6229 8091
6229 11926
6256 7498
6268 19866
6272 6239
6313 5662
6325 2491
6403 11926
6403 13406
6407 23039
6414 3168
6414 3415
6414 4781
6414 4839
6414 6567
6414 7581
6414 8996
6414 9239
6414 13003
6414 17922
6414 21337
6414 24451
6437 4531
6437 8992
6437 9365
6437 10121
6437 12572
6437 19432
6437 23039
6441 14835
6450 804
6450 997
6450 7554
6450 9025
6450 12572
6450 14805
6467 2774
6485 1887
6485 14805
6488 9025
6493 3747
6493 5284
6493 8305
6493 23039
6521 6961
6521 7923
6542 5369
6553 5901
6557 1064
6557 2304
6557 2491
6557 6806
6557 7458
6557 8409
6557 8491
6557 8984
6557 12572
6557 13726
6557 18472
6557 23511
6575 2491
6627 2774
6627 5901
6645 24288
6655 4962
6655 12510
6660 6450
6678 8921
6699 4002
6721 12510
6721 20674
6726 6845
6726 19866
6728 2491
6738 20800
6778 2491
6781 13726
6794 804
6794 1887
6794 8127
6794 8984
6806 7795
6806 12510
6806 18472
6811 1846
6811 4370
6811 6845
6811 6850
6811 7667
6811 7683
6811 8428
6811 8456
6811 9025
6811 10168
6811 14224
6811 16067
6811 18955
6811 19432
6811 24451
6845 2467
6845 4060
6845 6414
6845 7937
6845 8132
6845 9017
6845 12510
6845 19554
6845 23039
6845 24451
6850 2194
6850 3049
6850 7414
6850 7554
6850 8115
6859 3330
6866 9036
6866 13003
6866 14500
6874 7910
6874 8921
6874 11569
6874 14500
6877 14171
6891 5409
6891 6991
6891 7383
6891 8321
6891 8676
6891 12572
6895 6849
6937 2194
6937 3289
6937 8864
6944 8107
6950 8107
6955 7426
6955 7966
6955 17922
6955 19432
6955 24451
6961 111
6961 410
6961 2831
6961 3484
6961 4531
6961 4851
6961 5147
6961 7296
6961 7389
6961 7414
6961 7498
6961 7539
6961 7736
6961 8876
6961 9010
6961 9013
6961 9020
6961 9023
6961 9025
6961 9033
6961 9239
6961 12572
6961 13003
6961 19866
6961 22465
6961 24445
6982 6681
6991 9025
7008 11926
7027 5539
7027 14805
7027 21954
7054 19866
7054 22559
7113 2304
7275 5071
7312 7254
7352 601
7352 1021
7352 1921
7352 3747
7352 6991
7352 7481
7352 7539
7352 8321
7352 12198
7352 12572
7352 14806
7352 15178
7352 24409
7405 6874
7414 8091
7441 9025
7458 9239
7475 13726
7481 24451
7498 4925
7498 6450
7498 7063
7498 7539
7498 14920
7499 11926
7499 15056
7500 6268
7506 2491
7539 1740
7539 2491
7539 7487
7539 7778
7539 8996
7539 9000
7545 7383
7554 800
7554 8353
7554 8970
7554 10307
7554 11569
7554 13003
7554 18472
7554 19432
7564 24545
7571 9025
7578 14171
7648 533
7648 903
7648 1887
7648 4531
7648 6991
7648 8107
7648 8203
7648 8235
7648 9239
7648 21337
7667 2487
7667 5176
7667 7379
7667 8709
7667 9030
7667 19432
7667 24451
7683 11569
7707 7581
7729 13726
7746 5409
7778 0
7778 804
7778 1202
7778 8996
7778 9000
7778 14805
7778 21699
7795 9025
7802 6842
7808 11926
7816 4781
7816 4920
7832 13003
7835 12572
7850 13726
7874 9239
7892 3747
7932 14500
7937 12510
7940 804
7940 6567
7971 7832
7971 11684
7971 13003
7984 6681
7984 8044
8041 1319
8049 18472
8049 20800
8052 19432
8060 9461
8071 17922
8077 159
8077 4531
8077 5901
8077 6450
8077 9025
8077 9239
8077 14500
8077 19498
8091 2467
8102 2194
8102 8203
8107 1913
8107 3202
8107 4839
8107 5036
8107 5369
8107 6995
8107 7481
8107 8914
8107 8996
8107 9724
8107 12198
8107 13003
8107 13336
8107 15178
8107 17922
8107 18056
8107 19554
8107 21954
8107 24308
8115 14224
8120 6806
8132 18056
8132 19554
8143 3741
8143 4370
8161 21337
8173 22222
8181 14806
8183 8060
8188 8156
8193 14806
8215 2831
8215 6095
8215 11926
8219 12572
8235 606
8235 726
8235 2194
8235 2416
8235 2429
8235 5544
8235 6557
8235 7667
8235 8638
8235 8996
8235 12198
8235 14806
8235 20674
8235 20800
8235 24451
8242 8219
8245 5695
8251 5901
8283 8289
8283 11861
8318 1202
8321 9239
8321 9516
8328 1202
8333 2831
8353 0
8353 9025
8353 13003
8353 15178
8353 18689
8353 24451
8376 8353
8397 5901
8403 804
8403 9461
8417 8991
8417 15178
8444 4531
8450 11926
8456 9239
8470 8703
8479 8470
8491 8107
8491 14835
8491 19946
8495 5242
8540 4531
8540 11926
8540 19866
8581 118
8581 6122
8600 3168
8600 8996
8600 9019
8600 16018
8605 13003
8612 7554
8623 8582
8647 19432
8667 13726
8697 9025
8709 3330
8709 5544
8709 8235
8709 8984
8709 9025
8709 9239
8709 12572
8709 19432
8754 4781
8754 14805
8796 13726
8825 8156
8864 6961
8864 9033
8864 11835
8870 11835
8904 5901
8908 5544
8914 204
8914 11238
8914 11313
8921 0
8921 4531
8921 8876
8921 9029
8921 14224
8921 19432
8921 22222
8939 8945
8939 23039
8947 14171
8960 8947
8964 1202
8975 726
8975 804
8975 8864
8975 14805
8975 18689
8975 24451
8984 2416
8984 4531
8984 5176
8984 5284
8984 5604
8984 7940
8984 9239
8984 12482
8984 13003
8984 19432
8984 20800
8988 6811
8989 8470
8995 0
8995 6961
8996 554
8996 3468
8996 5329
8996 9011
8996 10259
8996 16018
8996 18169
8996 19554
8996 21317
8998 8996
8999 15178
9001 8921
9005 14805
9006 2719
9010 9013
9011 804
9011 2416
9011 6995
9011 8984
9011 9239
9011 18955
9014 9009
9014 19866
9020 10121
9025 111
9025 410
9025 914
9025 1603
9025 2976
9025 3090
9025 3168
9025 3302
9025 4060
9025 4492
9025 4531
9025 4839
9025 4851
9025 5092
9025 5386
9025 5544
9025 5645
9025 6207
9025 6467
9025 6603
9025 6866
9025 6891
9025 7130
9025 7296
9025 7414
9025 7667
9025 7758
9025 7977
9025 8044
9025 8115
9025 8219
9025 8251
9025 8321
9025 8403
9025 8512
9025 8540
9025 8947
9025 8992
9025 8996
9025 9004
9025 9009
9025 9014
9025 9029
9025 9033
9025 11959
9025 15652
9025 17922
9025 19786
9025 22905
9025 24445
9030 2831
9030 4060
9030 14805
9031 11607
9032 8996
9239 1846
9239 1893
9239 2361
9239 2976
9239 3090
9239 3168
9239 4370
9239 4531
9239 5364
9239 5390
9239 5544
9239 6049
9239 6450
9239 6794
9239 6806
9239 6995
9239 7130
9239 7254
9239 7296
9239 7352
9239 7441
9239 8044
9239 8289
9239 8353
9239 8417
9239 8491
9239 8736
9239 8758
9239 8996
9239 9003
9239 10259
9239 16508
9365 524
9365 907
9365 2386
9365 2848
9365 3049
9365 3468
9365 3484
9365 4370
9365 4458
9365 4925
9365 5092
9365 5369
9365 6129
9365 6450
9365 6690
9365 6759
9365 6874
9365 7054
9365 7539
9365 7802
9365 7846
9365 8044
9365 8060
9365 8353
9365 8382
9365 8470
9365 8676
9365 8703
9365 11959
9365 13003
9366 12572
9461 2361
9461 3398
9461 5539
9461 6450
9461 6488
9461 6733
9461 6991
9461 7441
9461 8011
9461 11835
9461 12510
9461 17922
9461 24445
9516 929
9516 2194
9724 5855
9724 9025
9724 15178
9724 22222
9724 24308
10121 1887
10121 1913
10121 2491
10121 3049
10121 7087
10168 2416
10168 4406
10259 1887
10259 2774
10259 4406
10259 6049
10259 6738
10259 7352
10259 8107
10259 14806
10259 18955
10259 20800
10259 23039
10307 8107
10307 8947
10307 8960
10307 14469
10719 5369
10719 12685
11238 997
11238 2774
11238 18169
11313 425
11313 800
11313 1237
11313 1887
11313 1913
11313 4187
11313 5071
11313 5215
11313 5539
11313 6070
11313 6751
11313 6759
11313 8353
11313 11959
11313 17041
11313 19866
11361 19432
11442 5925
11488 1603
11488 2361
11488 3468
11488 6450
11488 7414
11488 8996
11488 9025
11488 11313
11488 13003
11488 14805
11488 20904
11488 22167
11488 22437
11488 23039
11569 800
11569 1230
11569 1846
11569 2416
11569 3049
11569 5107
11569 5386
11569 5544
11569 6450
11569 6485
11569 6603
11569 6866
11569 6961
11569 7296
11569 7977
11569 8115
11569 8219
11569 8321
11569 8619
11569 8736
11569 8996
11569 9004
11569 9009
11569 9032
11569 14500
11569 15623
11569 17922
11569 21337
11569 23039
11684 1105
11684 4370
11684 6961
11684 7352
11684 7405
11684 8990
11684 20399
11684 24545
11718 6681
11861 1237
11861 6414
11861 6794
11861 8988
11861 11313
11899 7092
11899 8992
11899 9029
11899 21954
11926 5369
11926 6467
12198 4123
12198 12572
12198 14469
12482 3733
12510 14142
12510 14469
12510 18955
12510 21954
12510 22167
12539 1105
12572 117
12572 914
12572 997
12572 1887
12572 2386
12572 2491
12572 3484
12572 3874
12572 5369
12572 6325
12572 6751
12572 6991
12572 7554
12572 8077
12572 8102
12572 8210
12572 8242
12572 9006
12572 9033
12572 11959
12572 12685
12572 13003
12572 13336
12572 15332
12572 17078
12572 17922
12572 22412
12572 24394
12572 24545
12685 6961
12685 8210
12685 13003
12685 19138
12685 21699
12725 3302
13003 117
13003 269
13003 907
13003 1846
13003 1913
13003 2386
13003 2913
13003 3403
13003 3415
13003 3560
13003 4638
13003 6467
13003 6802
13003 6850
13003 6991
13003 7291
13003 7352
13003 7414
13003 7539
13003 8996
13003 9009
13003 9029
13003 10121
13003 11313
13003 11959
13003 14835
13003 16508
13003 17922
13003 18689
13003 19866
13003 19946
13003 20674
13003 22315
13003 23039
13102 9239
13203 5071
13203 6874
13203 7379
13205 6955
13270 6129
13270 17922
13270 21954
13336 111
13336 804
13336 2416
13336 6794
13336 6891
13336 7554
13336 7846
13336 8353
13336 8512
13336 9037
13336 14835
13336 18472
13370 11488
13406 14920
13608 3468
13608 6450
13608 13003
13608 19866
13786 9025
13929 2416
13929 4781
13929 7554
13929 7758
13929 18689
13929 19866
14010 7352
14054 3415
14054 8512
14054 8987
14054 12572
14086 2154
14086 2194
14142 6450
14142 6961
14142 9003
14142 14805
14224 1846
14224 1913
14224 3330
14224 6142
14224 6407
14224 6794
14224 6806
14224 6849
14224 7581
14224 14384
14224 14469
14224 15332
14414 524
14414 1237
14414 4187
14414 4908
14414 8439
14469 5176
14469 6142
14469 9026
14469 15116
14469 22990
14500 117
14500 545
14500 1105
14500 1572
14500 1913
14500 2154
14500 3425
14500 5097
14500 7146
14500 7498
14500 9008
14500 9025
14500 9239
14500 9365
14500 13336
14500 16120
14500 19498
14500 24394
14538 2194
14538 6450
14538 7092
14538 7130
14538 7146
14538 8417
14713 15056
14713 18169
14805 4406
14805 4781
14805 5071
14805 5369
14805 5925
14805 6101
14805 6185
14805 6874
14805 7414
14805 7554
14805 8353
14805 8376
14805 17041
14806 606
14806 800
14806 3733
14806 4370
14806 5351
14806 5544
14806 6806
14806 6991
14806 7581
14806 7648
14806 8203
14806 9030
14806 18689
14835 1887
14835 3202
14835 3398
14835 4531
14835 5107
14835 6294
14920 545
14920 804
14920 2349
14920 2774
14920 3002
14920 3090
14920 4060
14920 5369
14920 5544
14920 6070
14920 6450
14920 8052
14920 8999
14920 15332
14920 17041
14920 17922
14920 21337
15056 14805
15116 8343
15116 8996
15116 9003
15332 2304
15332 6122
15332 11607
15332 22437
15332 24409
15360 8921
15382 1296
15483 4187
15623 11488
15652 22718
15841 11684
16018 3741
16018 4187
16018 4411
16018 5645
16018 7683
16018 12572
16018 13066
16018 14805
16018 19432
16018 22587
16508 21954
16577 20800
17041 1237
17041 1382
17041 2416
17041 4925
17041 5848
17041 6101
17041 6681
17041 6991
17041 7414
17041 8947
17041 9008
17041 11959
17041 13336
17041 17922
17704 5901
17922 1871
17922 2194
17922 3349
17922 4851
17922 5071
17922 5901
17922 6450
17922 7383
17922 7441
17922 14805
17922 14835
17922 18689
17922 18955
17922 19554
17922 24545
18056 1105
18056 1237
18169 545
18169 804
18169 1403
18169 2831
18169 3168
18169 4197
18169 4406
18169 6738
18169 8193
18169 8470
18169 8600
18169 8741
18169 8914
18169 9019
18169 9033
18169 11899
18169 14806
18169 16120
18169 18689
18169 18955
18169 24379
18472 8120
18472 19866
18689 6070
18689 6802
18689 18955
18689 19866
18689 20674
18689 21954
18689 22559
18689 23039
18869 2386
18869 6012
18869 13003
18869 19866
18869 24293
18955 570
18955 2491
18955 3398
18955 4370
18955 4638
18955 5925
18955 6229
18955 6450
18955 6660
18955 6681
18955 6690
18955 6794
18955 6806
18955 7001
18955 7352
18955 7379
18955 8107
18955 8512
18955 8716
18955 9026
18955 9029
18955 9036
18955 12685
18955 24451
18955 24545
19138 19861
19432 800
19432 1887
19432 3415
19432 5390
19432 5544
19432 6256
19432 6874
19432 7648
19432 8736
19432 8947
19432 8992
19432 13066
19432 16508
19432 20800
19432 24345
19498 9025
19554 269
19554 1719
19554 1913
19554 2386
19554 2491
19554 3002
19554 3021
19554 3747
19554 4370
19554 4458
19554 4781
19554 5071
19554 5107
19554 5215
19554 6129
19554 6450
19554 6488
19554 6690
19554 6738
19554 7581
19554 8044
19554 8353
19554 9033
19554 11804
19554 12510
19554 14384
19554 22315
19554 22465
19554 24293
19866 2416
19866 3415
19866 6681
19866 8353
19866 10121
19866 23039
19946 12685
20624 4920
20624 7498
20624 7795
20624 9461
20624 13003
20624 14805
20674 7648
20674 8091
20674 8107
20674 8676
20674 17041
20674 18869
20674 19554
20674 19866
20674 24526
20800 2178
20800 4925
20800 5071
20800 5839
20800 12725
20800 13203
20800 18472
20904 22315
20904 24545
21699 2304
21699 3153
21699 3168
21699 3813
21699 4781
21699 4839
21699 5177
21699 5369
21699 6450
21699 6488
21699 6891
21699 7383
21699 7539
21699 8990
21699 18472
21699 19861
21699 22437
21699 24192
21699 24445
21699 24545
21786 111
21786 240
21926 1045
21926 5645
21954 907
21954 997
21954 1708
21954 2349
21954 3090
21954 3403
21954 4153
21954 7130
21954 7758
21954 7910
21954 7923
21954 8077
21954 8321
21954 8417
21954 8676
21954 8921
21954 8947
21954 18472
21954 19866
21954 20800
22167 2194
22167 3302
22167 10259
22197 7498
22315 804
22315 894
22315 903
22315 1202
22315 1671
22315 2831
22315 2961
22315 3153
22315 3425
22315 4440
22315 5716
22315 6521
22315 7322
22315 7487
22315 7498
22315 7923
22315 8353
22315 13336
22315 19866
22412 8077
22412 19866
22412 24394
22587 4187
22696 1202
22696 15178
22718 68
22748 11926
22905 8638
22990 1871
22990 4187
22990 8439
22990 19866
23039 570
23039 936
23039 997
23039 1296
23039 2441
23039 3733
23039 4187
23039 4877
23039 4920
23039 5071
23039 5409
23039 6557
23039 6681
23039 7291
23039 7379
23039 7481
23039 7487
23039 7539
23039 7648
23039 8251
23039 8470
23039 8709
23039 8908
23039 8992
23039 8996
23039 9017
23039 13786
23039 14538
23039 15360
23039 20674
23039 22167
23039 22315
23039 24451
23039 24639
23473 11926
23854 8470
23854 20904
24037 5386
24192 3090
24192 4920
24259 2416
24288 2976
24288 4492
24293 2386
24293 2976
24293 4406
24293 4411
24293 4458
24293 4537
24293 5284
24293 6603
24293 6681
24308 2491
24308 3468
24308 4593
24308 7648
24322 8107
24379 804
24379 2416
24379 2913
24379 5177
24379 5364
24379 8512
24380 1045
24380 2467
24380 2491
24380 3002
24380 4492
24380 4920
24380 6537
24380 7581
24380 9025
24380 19946
24394 545
24394 666
24394 997
24394 2713
24394 2961
24394 6542
24394 7389
24394 7487
24394 8321
24394 8353
24394 9239
24394 22315
24409 4133
24409 5369
24409 5544
24409 5716
24409 6874
24409 9461
24409 13726
24409 19432
24409 20399
24409 21954
24421 9025
24451 1220
24451 6655
24451 9017
24451 10121
24451 22167
24526 997
24526 2831
24526 6450
24526 7581
24526 10259
24545 666
24545 13336
24545 19866
24567 914
24567 2416
24591 1632
24591 6961
24591 13726
24601 3874
24601 7322
24601 7481
24601 11835
24601 11926
24639 4877
24704 9025
