24740 8958
20 642
20 1403
20 2041
20 13059
21 2118
21 2880
21 6492
21 14232
21 15447
21 22905
21 24568
25 5946
34 14920
44 5974
44 6202
44 11669
44 24492
97 8996
97 13118
97 16018
115 117
115 285
115 613
115 3072
115 3865
115 5086
115 5338
115 5658
115 6049
115 6240
115 6299
115 6352
115 6536
115 6569
115 6572
115 6602
115 6658
115 8996
115 14595
115 18434
115 19421
115 20893
115 22513
115 24393
117 17290
125 2194
125 4158
125 14224
130 6658
130 9893
130 16018
148 12209
155 2939
155 5311
155 5639
156 5684
162 6633
172 4920
194 988
194 5850
194 18602
213 1145
213 2352
213 3072
213 3172
213 3468
213 4248
213 5600
213 5703
213 5953
213 6074
213 6334
213 6514
213 6534
213 6722
213 11967
213 18323
213 19426
213 22513
230 6621
231 34
231 642
231 764
231 820
231 1183
231 1318
231 1409
231 2053
231 2059
231 2184
231 3337
231 4339
231 4612
231 4885
231 5338
231 5409
231 5519
231 6002
231 6060
231 6483
231 6506
231 6509
231 6511
231 6679
231 6708
231 6722
231 7410
231 8289
231 8820
231 12834
231 14029
231 22252
231 24671
252 1807
252 5804
252 6125
255 477
255 820
255 1486
255 4150
255 4160
255 4459
255 5115
255 5855
255 6060
255 6124
255 6144
255 6509
255 6524
255 6557
255 6577
255 6675
255 9239
255 14029
255 15024
255 16076
255 18434
255 18438
255 19426
255 19554
255 20517
255 21954
255 23933
255 23943
285 2126
285 5572
285 9002
287 1116
287 1312
287 1543
287 4154
287 5755
287 6151
287 6202
287 6562
287 6582
287 11967
287 12135
312 20435
320 3528
320 22221
333 642
333 18602
343 18619
344 124
344 6009
344 6732
344 21058
348 3153
348 5075
348 6468
348 24452
348 24695
349 6522
349 24313
386 6722
395 6435
395 6676
402 6456
410 4546
410 6426
410 19426
438 6098
438 13181
438 14920
451 9002
454 5677
454 6334
454 6484
454 7888
460 6658
460 14713
462 6577
465 642
465 5611
465 6732
465 15617
492 5600
492 11967
496 5829
501 10069
503 642
503 4664
503 4920
503 6453
503 6557
503 9239
503 9842
503 11607
510 19802
525 19172
525 22675
540 406
540 1899
540 4920
540 6247
540 6627
540 12123
540 13684
540 15814
540 17041
540 21786
540 22990
545 9239
546 5086
546 6438
557 16018
557 24537
572 8996
572 20435
574 6604
596 1116
596 4242
596 6448
596 6587
596 6656
596 11929
596 17742
596 18619
596 24206
596 24404
601 2126
601 3825
601 4869
601 14806
601 19926
606 23782
610 5310
610 6484
610 6694
610 12394
610 17055
610 18619
610 21899
613 1221
613 2134
613 7499
613 22513
616 115
623 285
623 671
623 1789
623 4546
623 5079
623 6415
623 6476
623 6668
623 9239
623 14189
623 18602
623 19827
623 24224
642 262
642 477
642 496
642 946
642 1543
642 1692
642 1842
642 1904
642 2416
642 2815
642 3072
642 3113
642 3168
642 3229
642 3335
642 3425
642 4215
642 4712
642 4785
642 4903
642 4947
642 4967
642 5155
642 5236
642 5311
642 5338
642 6010
642 6027
642 6030
642 6195
642 6363
642 6411
642 6415
642 6451
642 6476
642 6478
642 6483
642 6559
642 6582
642 6595
642 6634
642 6642
642 6665
642 6668
642 6673
642 6685
642 6696
642 6703
642 6707
642 6708
642 6719
642 6724
642 6961
642 7499
642 7778
642 8321
642 12988
642 13969
642 14806
642 15361
642 15404
642 17088
642 19426
642 19730
642 19901
642 20355
642 21337
642 21699
642 22603
642 23605
642 24155
642 24250
642 24393
642 24409
671 2194
679 6714
692 3757
726 642
726 6559
726 6689
726 6709
726 14232
726 17742
726 18602
726 21542
726 22276
726 24707
753 20512
753 21699
766 2497
776 642
804 8444
814 13181
820 17830
830 115
830 1108
830 2384
830 6536
830 6747
830 6752
830 8996
830 11313
830 12870
830 14414
830 17055
830 18293
830 19440
830 20917
830 23039
830 24452
830 24621
876 6658
884 1707
884 6046
929 1430
929 3452
929 4920
929 6167
929 6601
929 6658
929 13786
929 16018
929 20907
934 5544
934 6259
934 6547
934 6657
934 12774
934 13684
935 804
935 4225
935 18518
946 3468
946 8984
946 12977
946 14029
946 18396
987 6113
988 2134
992 1079
993 22208
1007 3072
1013 1105
1013 4086
1013 6638
1013 6745
1013 8289
1013 9002
1013 14232
1013 18449
1013 24707
1018 496
1018 3172
1018 5969
1018 6151
1018 6175
1045 19730
1072 13181
1079 2096
1079 2939
1079 24568
1105 34
1105 115
1105 503
1105 606
1105 671
1105 3777
1105 4242
1105 4884
1105 5745
1105 6027
1105 6046
1105 6201
1105 6334
1105 6445
1105 6458
1105 6668
1105 6688
1105 6711
1105 8491
1105 8993
1105 19554
1108 20856
1109 20817
1110 4920
1110 6440
1116 1312
1116 2569
1116 4055
1116 4121
1116 4903
1116 6478
1116 6506
1116 6619
1116 6665
1116 6679
1116 6732
1116 9239
1116 18927
1137 97
1137 613
1137 1221
1137 1551
1137 1904
1137 2239
1137 3072
1137 3609
1137 5862
1137 6202
1137 6383
1137 6543
1137 6552
1137 8996
1137 10253
1137 13383
1137 18434
1137 19432
1140 12053
1140 18449
1140 24393
1141 19870
1158 2872
1158 3335
1158 5489
1158 6098
1158 6638
1158 20038
1173 2194
1173 3212
1173 5864
1173 11881
1173 16388
1183 6511
1183 20817
1188 4154
1190 6452
1190 16223
1215 5489
1215 16843
1221 642
1221 2497
1221 6583
1221 6649
1221 9025
1221 15617
1230 2126
1234 11313
1234 11955
1235 1951
1235 4967
1235 10253
1235 16223
1244 4234
1244 6549
1244 24366
1264 11657
1312 1318
1312 4086
1312 5865
1312 9177
1312 13726
1312 21089
1312 22276
1316 213
1316 613
1316 2134
1316 2384
1317 5595
1317 6404
1330 6047
1346 2239
1354 23219
1383 3336
1383 4612
1384 1116
1384 6284
1384 18919
1398 9842
1403 1789
1403 2194
1403 4018
1403 6363
1403 6471
1403 6586
1403 6961
1407 5544
1411 6491
1430 503
1430 642
1430 726
1430 1173
1430 2736
1430 3051
1430 3098
1430 3336
1430 4920
1430 5257
1430 5498
1430 5611
1430 6010
1430 6167
1430 6373
1430 6418
1430 6435
1430 6590
1430 6595
1430 6636
1430 8277
1430 8996
1430 13786
1430 19149
1430 19802
1430 19901
1430 20021
1430 20893
1430 20907
1430 21079
1430 23535
1447 4089
1486 6476
1486 19498
1486 20714
1495 2872
1495 6426
1495 6518
1520 3229
1520 6461
1538 3335
1538 6241
1543 20355
1551 6259
1582 2329
1582 11929
1585 6442
1631 0
1631 4920
1631 6435
1631 11687
1631 12242
1631 20790
1631 21899
1632 19883
1633 2340
1633 4237
1633 24710
1639 1097
1639 3172
1639 4607
1639 20355
1654 3078
1654 6510
1654 6539
1654 18619
1658 1842
1658 2875
1658 4036
1658 15688
1658 24722
1665 496
1665 1312
1667 6692
1672 17675
1672 20429
1692 255
1692 2497
1692 6483
1692 6548
1692 11056
1692 12231
1692 15940
1734 1312
1734 2184
1734 18169
1740 671
1740 1842
1740 3610
1740 5940
1740 6285
1740 6522
1740 6723
1740 11100
1740 12358
1740 13383
1741 6937
1741 24722
1781 6671
1842 4125
1842 5946
1842 6557
1842 6599
1842 12900
1842 21240
1842 23927
1846 642
1846 988
1846 1316
1846 6233
1846 6707
1846 6735
1846 11607
1846 14267
1846 18602
1846 20355
1851 2497
1851 6483
1887 6665
1887 11861
1888 5447
1901 5338
1901 6299
1901 6961
1907 386
1907 3468
1907 14806
1921 6577
1925 6124
1934 22276
1951 2324
1951 3652
1951 4242
1951 4660
1951 4947
1951 5755
1951 6060
1951 6428
1951 6476
1951 6539
1951 6619
1951 6718
1951 18602
1951 18619
1951 20355
1951 21300
2027 3996
2036 6424
2053 1312
2053 4242
2053 4331
2053 5865
2053 6027
2053 11868
2053 17742
2072 172
2072 1654
2072 2629
2072 6350
2072 6435
2072 6605
2072 19901
2102 14920
2126 2864
2126 4282
2126 6418
2134 1116
2134 3218
2134 5518
2134 5542
2134 6327
2134 6459
2134 6496
2134 6517
2134 6530
2134 9239
2134 11929
2134 12789
2151 3072
2151 6278
2167 6471
2194 115
2194 255
2194 613
2194 642
2194 1692
2194 2497
2194 2918
2194 3072
2194 3335
2194 4237
2194 4331
2194 5115
2194 5519
2194 6009
2194 6027
2194 6299
2194 6396
2194 6456
2194 6509
2194 6583
2194 6597
2194 6620
2194 6665
2194 7405
2194 10566
2194 11657
2194 11722
2194 12900
2194 14595
2194 15139
2194 15688
2194 20387
2194 22341
2194 24154
2197 1173
2197 2053
2197 14806
2215 3072
2236 20355
2239 285
2239 3468
2239 5345
2239 5447
2239 19140
2239 19802
2239 20917
2242 642
2242 3335
2242 5311
2242 6533
2274 1975
2274 6425
2307 2324
2307 2467
2307 6491
2307 6582
2307 8921
2324 6582
2329 22598
2335 5539
2336 12977
2349 613
2349 8996
2349 11967
2349 13118
2361 1876
2361 3986
2361 4343
2361 5611
2361 6240
2361 6634
2361 6663
2361 6671
2361 6732
2361 14361
2361 18602
2361 19149
2384 3072
2384 4248
2384 5600
2384 5638
2384 6181
2384 6555
2384 6705
2384 14414
2384 22341
2387 6461
2392 162
2392 5941
2392 6417
2392 6421
2392 8820
2392 14806
2392 19421
2392 20817
2392 22708
2392 24142
2393 6426
2409 4920
2411 4440
2411 9113
2413 2146
2413 3172
2413 5087
2413 6410
2413 16551
2416 4215
2416 5669
2416 7778
2416 16186
2424 613
2424 13383
2467 24445
2484 12394
2487 642
2487 2036
2487 5519
2487 5941
2487 6233
2487 6277
2487 6417
2487 6431
2487 6451
2487 6579
2487 6707
2487 7499
2487 8996
2487 10121
2487 13099
2487 15404
2487 15841
2487 20355
2497 213
2497 613
2497 1551
2497 1842
2497 2118
2497 2462
2497 2815
2497 3825
2497 4237
2497 4785
2497 5677
2497 6074
2497 6322
2497 6334
2497 6661
2497 6663
2497 6673
2497 6937
2497 10121
2497 11599
2497 17055
2497 18602
2497 22341
2497 22513
2508 6202
2563 6614
2569 24033
2583 1116
2592 252
2592 496
2592 1013
2592 3172
2592 3244
2592 4967
2592 5829
2592 6060
2592 6352
2592 6466
2592 6623
2592 6745
2592 9239
2592 10811
2592 11657
2592 12988
2592 13067
2592 13181
2592 15940
2592 16588
2592 17742
2592 20979
2592 24707
2622 6140
2626 23348
2628 5946
2628 6186
2730 6060
2736 438
2736 21899
2748 613
2748 1851
2748 5677
2748 6399
2748 16551
2748 22225
2811 6711
2811 9239
2811 11657
2815 4903
2815 6663
2831 2462
2831 6679
2831 14976
2864 6710
2872 1757
2880 13308
2931 642
2939 255
2939 5427
2948 5862
2961 1653
2961 5311
2961 18602
2997 6192
2997 15187
3019 15447
3019 18619
3019 20907
3019 24247
3049 11881
3055 5311
3055 22601
3078 18438
3113 2324
3113 5786
3113 6478
3113 6619
3113 9177
3113 10253
3113 12053
3113 14232
3113 18449
3113 18602
3113 22276
3130 20907
3153 24404
3153 24448
3168 6665
3172 115
3172 642
3172 1097
3172 1851
3172 2126
3172 2239
3172 2497
3172 2549
3172 4234
3172 5178
3172 5364
3172 5530
3172 5745
3172 5941
3172 5946
3172 6186
3172 6427
3172 6456
3172 6476
3172 6512
3172 6697
3172 6743
3172 10121
3172 14806
3172 19140
3172 19149
3172 19802
3172 19901
3172 20355
3212 18438
3218 13027
3225 6425
3225 6577
3227 124
3227 2194
3227 4234
3227 5974
3229 0
3229 830
3229 14835
3229 23012
3275 4150
3275 5409
3275 5519
3275 6046
3275 6656
3290 15439
3296 15617
3302 17880
3330 606
3330 613
3330 1221
3330 21884
3334 642
3334 22412
3336 6461
3425 2118
3425 2487
3425 4234
3425 5035
3425 5519
3425 5946
3425 6673
3425 13099
3425 14730
3425 14806
3425 19827
3452 16018
3528 6100
3528 6562
3528 21786
3579 6658
3588 642
3591 6612
3591 22598
3605 6415
3609 1763
3609 5539
3609 5600
3609 6009
3609 8996
3609 11657
3609 12900
3609 13684
3609 14806
3609 14888
3620 6511
3652 4213
3652 22276
3652 24226
3657 3468
3657 9239
3705 1401
3709 6476
3709 17057
3709 24154
3757 830
3757 992
3757 6481
3757 6492
3757 19802
3771 15057
3777 24478
3824 6527
3824 21954
3825 10811
3834 2811
3834 11725
3843 4036
3843 4869
3843 6046
3843 6352
3843 6739
3843 16859
3874 5462
3874 6501
3874 24226
3947 6478
3986 6449
3995 6110
3995 6437
3996 19438
4066 3335
4066 19421
4086 24707
4089 9005
4089 11657
4089 15688
4113 6332
4121 5572
4121 5956
4121 6186
4121 6240
4121 6605
4121 14232
4121 17057
4123 1951
4123 6961
4126 6617
4127 6478
4140 16018
4154 15688
4158 6151
4158 6732
4160 19105
4173 2340
4173 13969
4213 18602
4215 18955
4223 6657
4225 1079
4225 4417
4225 6010
4234 18689
4237 6334
4237 14806
4242 642
4242 4066
4242 4928
4242 5745
4242 5862
4242 6352
4242 6373
4242 6436
4242 6461
4242 6466
4242 6470
4242 6572
4242 6634
4242 6671
4242 6711
4242 8321
4242 8491
4242 17843
4242 21542
4255 2239
4255 6064
4255 6316
4255 6406
4255 19138
4255 20355
4280 4920
4280 6439
4331 262
4331 496
4331 1235
4331 1312
4331 3468
4331 4242
4331 4928
4331 4947
4331 6009
4331 6499
4331 6528
4331 6577
4331 6670
4331 12394
4331 15079
4331 15714
4331 16336
4331 16900
4331 22252
4331 24294
4331 24393
4339 8996
4339 19730
4343 5261
4402 2467
4406 5345
4406 16018
4440 6426
4444 6125
4444 22906
4449 496
4455 5855
4521 19438
4522 3996
4546 24224
4607 6195
4607 8996
4607 20355
4660 21300
4665 10811
4667 6511
4667 13270
4667 16678
4685 496
4685 1913
4685 2184
4685 2960
4685 3817
4685 6124
4685 6422
4685 6426
4685 6549
4685 6622
4685 6752
4685 13059
4685 16493
4685 19802
4685 21954
4685 22603
4685 23933
4712 6513
4712 18602
4719 5946
4719 6421
4719 8996
4730 6653
4781 3335
4812 255
4832 21876
4869 16859
4885 6412
4896 6391
4903 5311
4903 6047
4920 642
4920 1312
4920 1708
4920 3777
4920 5498
4920 5611
4920 5755
4920 6538
4920 6560
4920 6601
4920 6676
4920 6734
4920 6749
4920 15404
4920 17333
4920 18602
4920 19901
4920 22598
4928 13796
4937 6566
4950 1913
4950 6727
4950 19426
4982 7778
4989 1582
4992 18396
5023 1401
5023 16588
5052 6673
5075 4989
5075 6477
5079 11819
5079 12988
5087 5115
5087 24351
5115 21954
5127 5946
5146 24681
5147 613
5147 1221
5147 6483
5152 255
5152 1221
5152 1366
5152 2283
5152 3302
5152 4896
5152 5026
5152 5956
5152 6397
5152 6431
5152 6679
5152 6694
5152 18005
5152 19140
5152 19730
5152 20817
5178 1105
5178 2329
5178 3051
5178 5447
5178 6167
5178 6424
5178 6676
5178 8277
5178 8321
5196 6708
5198 929
5204 6472
5238 6601
5261 6124
5261 18602
5261 22276
5282 5956
5284 8491
5304 5509
5304 5835
5304 6064
5304 11929
5310 17055
5310 18293
5311 0
5311 1221
5311 1904
5311 3072
5311 3825
5311 4150
5311 4234
5311 4444
5311 5639
5311 5703
5311 6125
5311 6357
5311 6448
5311 6502
5311 6527
5311 6548
5311 6671
5311 6677
5311 6732
5311 8102
5311 9025
5311 11881
5311 17055
5311 21913
5311 22225
5311 22739
5319 6151
5325 2497
5325 6095
5325 24252
5329 3072
5345 2497
5345 4339
5353 17055
5366 20893
5409 9025
5409 11881
5409 24379
5427 6511
5427 6707
5427 19087
5427 20355
5429 1551
5429 4242
5435 20355
5447 929
5447 6991
5448 6550
5485 6601
5485 6991
5485 24695
5489 3363
5489 3528
5489 5958
5489 11929
5489 14232
5489 18927
5489 24568
5498 6498
5498 19379
5498 20817
5519 287
5519 642
5519 1316
5519 1842
5519 1846
5519 5447
5519 5755
5519 6002
5519 6190
5519 6233
5519 6536
5519 6696
5519 6708
5519 14806
5519 17830
5519 18602
5519 19554
5519 24710
5544 11657
5564 1661
5569 15282
5572 642
5572 11715
5583 13786
5583 14806
5583 14888
5595 6404
5595 10955
5595 15439
5600 8993
5600 10582
5600 15361
5600 19730
5611 6549
5614 6060
5645 2349
5646 2134
5658 285
5658 642
5658 6064
5658 6619
5658 12053
5658 24033
5658 24393
5658 24707
5677 333
5677 2134
5677 5311
5677 6284
5677 6937
5677 12789
5677 16186
5677 18602
5677 18689
5677 20892
5684 5745
5686 14034
5703 11460
5703 19105
5730 5946
5738 496
5738 12546
5745 3657
5745 13637
5753 2497
5753 3825
5753 6530
5753 6937
5755 5311
5755 17706
5769 2852
5769 11929
5783 6322
5805 5345
5829 6479
5829 17333
5866 4879
5887 13383
5931 13211
5931 24568
5940 5997
5946 162
5946 213
5946 613
5946 642
5946 726
5946 946
5946 1221
5946 1846
5946 2149
5946 2352
5946 2462
5946 2497
5946 2748
5946 3037
5946 4123
5946 5035
5946 5518
5946 5745
5946 6002
5946 6233
5946 6455
5946 6591
5946 6634
5946 6735
5946 11881
5946 14195
5946 14806
5946 15404
5946 15490
5946 18034
5946 18602
5946 18955
5946 19149
5946 19827
5946 20355
5946 20889
5946 21058
5946 22708
5946 22744
5946 23912
5946 24537
5946 24722
5986 14361
6002 5096
6002 21089
6009 8996
6027 19730
6046 13684
6046 14595
6046 21240
6047 1657
6047 2997
6047 5098
6047 6124
6047 6638
6047 6701
6047 8102
6047 12123
6047 13184
6047 18437
6047 19178
6047 21306
6047 24296
6060 3337
6064 24707
6074 8996
6095 21954
6110 13271
6113 702
6113 1876
6113 5311
6113 6548
6113 6937
6113 19802
6121 6461
6121 6579
6124 20
6124 213
6124 410
6124 477
6124 1140
6124 5462
6124 5669
6124 5958
6124 6310
6124 6422
6124 6425
6124 6426
6124 6449
6124 6476
6124 6577
6124 6581
6124 6667
6124 6689
6124 6961
6124 8321
6124 15057
6124 16292
6124 17057
6124 18927
6124 20292
6124 20907
6124 22130
6124 23348
6124 23926
6124 24142
6124 24224
6124 24680
6125 3528
6125 3817
6125 6038
6125 6533
6126 24670
6150 6102
6154 606
6157 155
6167 6384
6199 17454
6201 2126
6201 2794
6201 6502
6201 6711
6201 15361
6202 13684
6210 262
6210 1140
6210 6607
6210 19802
6210 24393
6217 24452
6240 285
6240 6129
6240 8996
6240 18293
6240 19087
6240 23912
6247 2774
6247 14221
6253 24445
6257 4150
6258 3714
6277 20355
6278 2118
6278 4018
6278 6124
6278 6491
6278 6589
6278 15439
6285 2184
6299 8996
6303 1430
6303 6487
6303 6607
6303 19438
6310 6476
6310 8321
6318 17298
6320 24518
6322 4932
6322 6484
6322 23320
6334 5147
6338 4173
6338 4255
6338 6316
6338 6373
6338 6506
6338 13969
6344 560
6350 7778
6350 21699
6352 5498
6356 6210
6359 589
6369 13969
6373 5257
6373 6510
6373 6582
6373 6961
6373 20893
6376 1520
6384 14888
6390 18169
6391 6364
6391 10121
6392 6248
6393 11889
6396 14595
6398 4781
6411 18602
6415 18602
6415 24224
6416 19138
6417 3072
6417 19554
6417 22601
6419 14976
6423 34
6424 9551
6426 6440
6426 6444
6430 21786
6432 24452
6433 3057
6434 4450
6435 20355
6439 12900
6440 12900
6442 1807
6442 1829
6442 6034
6442 6582
6452 692
6452 1753
6455 2497
6455 3049
6455 15490
6459 6530
6460 3874
6470 2118
6473 24518
6474 814
6476 1313
6476 2335
6476 4537
6476 4581
6476 5539
6476 6512
6476 6579
6476 6659
6476 9025
6476 20512
6476 24154
6478 1661
6478 6665
6480 6361
6483 13383
6485 6437
6486 10473
6491 6436
6491 6501
6496 6100
6499 9239
6500 3072
6503 5161
6504 1105
6506 6195
6508 934
6509 19426
6511 8102
6511 13406
6515 1913
6518 6506
6523 8820
6524 6525
6527 702
6527 5543
6527 6533
6528 4242
6528 14806
6528 16900
6534 9812
6543 24710
6545 774
6545 6177
6546 4206
6551 2815
6552 10253
6554 884
6556 13059
6557 642
6557 1409
6557 2194
6557 6637
6557 9239
6557 14034
6557 20355
6557 24313
6558 705
6561 34
6561 6541
6561 6638
6562 21786
6563 16591
6564 9113
6565 6562
6566 19554
6571 24226
6580 15617
6584 20905
6588 4947
6590 19901
6591 24537
6592 21768
6594 6269
6598 5600
6600 503
6606 6498
6606 13406
6609 18602
6618 6616
6622 24224
6623 24226
6624 6961
6626 6601
6628 5915
6630 5915
6633 15251
6633 22513
6635 23039
6636 19901
6637 6060
6638 12123
6639 2064
6639 22708
6641 6636
6643 6642
6644 20883
6646 6961
6647 6589
6647 9842
6648 16900
6652 255
6653 8996
6654 6530
6660 4638
6662 21925
6666 6061
6666 6740
6666 21058
6667 18602
6669 6597
6683 23320
6684 5519
6686 1106
6687 6619
6687 6961
6687 11406
6691 6682
6692 804
6698 9025
6705 12977
6706 12394
6707 21739
6709 14920
6709 24033
6710 18619
6712 6201
6713 6705
6715 7778
6717 4325
6725 20979
6730 19426
6732 3335
6732 3714
6732 6740
6732 13606
6743 5364
6748 5161
6750 5926
6806 12670
6829 11313
6845 1221
6874 20021
6937 13027
6944 934
6944 13969
6961 20
6961 606
6961 1887
6961 5311
6961 6436
6961 6582
6961 8321
6961 9239
6961 11929
6961 13099
6961 14969
6961 16843
6961 18602
6961 18619
6961 20355
6961 24707
7202 21899
7410 6494
7410 24393
7499 14806
7499 24250
7648 503
7648 623
7648 4234
7648 5539
7778 4234
7778 6410
7778 6526
7778 6540
7778 13406
7778 16292
7778 18689
7778 18919
7940 11313
8102 285
8102 2497
8102 6060
8102 6333
8102 19087
8102 21954
8321 11700
8363 12789
8363 23943
8417 124
8820 406
8820 6027
8820 9113
8820 22559
8921 4967
8921 6383
8921 6571
8921 6582
8921 6754
8975 5850
8975 6937
8975 18602
8984 503
8984 5504
8984 6027
8984 6729
8984 20355
8993 6454
8993 11955
8993 13786
8993 24710
8995 19469
8996 117
8996 934
8996 1346
8996 1551
8996 1692
8996 2053
8996 2194
8996 2239
8996 3072
8996 4242
8996 4331
8996 6027
8996 6049
8996 6396
8996 6511
8996 6514
8996 6522
8996 6534
8996 6543
8996 6602
8996 6620
8996 6682
8996 6723
8996 8820
8996 12394
8996 12539
8996 12977
8996 13099
8996 13969
8996 14595
8996 15688
8996 16018
8996 17290
8996 19140
8996 19172
8996 19328
8996 19730
8996 19915
8996 20355
8996 20904
8996 21925
8996 22197
8996 22217
8996 22341
8996 22603
8996 23085
8996 23535
8996 24393
9005 17055
9011 255
9011 934
9011 1937
9011 4331
9011 6583
9011 14806
9011 18764
9011 20893
9011 24393
9025 642
9025 1913
9025 5338
9025 5518
9025 5539
9025 5946
9025 5969
9025 6352
9025 11722
9025 14029
9025 14224
9025 19901
9025 20285
9057 5862
9136 5745
9177 23219
9239 1401
9239 3468
9239 4036
9239 4952
9239 5131
9239 5204
9239 5311
9239 5745
9239 6419
9239 6435
9239 6443
9239 6507
9239 6700
9239 11929
9239 13383
9239 16493
9239 17057
9239 24579
9239 24707
9524 546
9524 22276
9553 4612
9553 4756
9553 5745
9553 6511
9553 6734
9553 16388
9584 5600
9695 6524
9724 642
9724 19802
9812 2194
9842 1312
9842 1734
9842 2053
9842 3777
9842 4685
9842 6375
9842 6598
9842 6607
9842 12209
9842 14713
9893 18323
9960 1543
10121 613
10121 642
10121 946
10121 4234
10121 6679
10121 7499
10121 14806
10121 19901
10121 23320
10168 6961
10168 24710
10307 16076
10566 255
10566 262
10566 285
10566 1692
10566 2918
10566 6499
10566 6543
10566 12394
10582 19888
10811 766
10811 1876
10811 2194
10811 4234
10811 6100
10811 6195
10811 6608
10811 6665
10811 18602
11076 1551
11076 6181
11100 4242
11120 18689
11157 503
11157 830
11157 1951
11157 2324
11157 3172
11157 3825
11157 3874
11157 5786
11157 6124
11157 6195
11157 6539
11157 6595
11157 8820
11157 12021
11157 13181
11157 18602
11157 20355
11166 6649
11276 2384
11276 3072
11276 6658
11313 5867
11313 21884
11405 21954
11488 1522
11577 21328
11579 642
11579 3996
11579 4331
11579 4522
11579 6027
11579 6572
11579 6665
11579 6706
11579 12394
11607 20355
11657 1312
11657 4276
11657 5768
11657 6522
11657 6677
11657 6711
11657 6731
11657 6739
11657 6806
11657 9239
11657 11669
11657 12670
11657 13684
11657 15361
11657 16591
11657 22675
11657 24294
11698 1318
11698 3335
11698 6672
11698 16323
11700 503
11700 1829
11700 2736
11700 14232
11701 21058
11715 5504
11715 18689
11725 6665
11756 2194
11779 1018
11779 1312
11779 1430
11779 1854
11779 3874
11779 4932
11779 4967
11779 5447
11779 5530
11779 6322
11779 6333
11779 6451
11779 6481
11779 6574
11779 6595
11779 6725
11779 6753
11779 6961
11779 9842
11779 12021
11779 16223
11779 19802
11779 19827
11779 20355
11779 22603
11779 24518
11819 4066
11819 6277
11819 6461
11819 6582
11819 14969
11861 833
11861 4089
11861 6009
11861 8996
11861 19140
11899 19802
11929 22603
12044 19730
12053 18449
12053 24478
12080 1854
12123 1158
12123 21110
12135 546
12135 1312
12135 4967
12135 5786
12135 6394
12135 6449
12135 6510
12135 6513
12135 6601
12135 6628
12135 6724
12135 6725
12135 6745
12135 11157
12135 19138
12135 22276
12135 24252
12135 24680
12135 24707
12209 15447
12209 19901
12358 6674
12375 5974
12394 18619
12432 1672
12519 262
12774 6672
12774 19802
12870 5600
12870 11967
12870 17333
12870 22341
12874 3072
12900 1158
12900 1221
12900 1865
12900 4089
12900 6435
12900 6524
12900 9239
12900 17298
12900 19554
12900 24555
12964 2184
12977 105
12977 2918
12977 3609
12977 5600
12977 10566
12988 1543
13027 213
13027 3978
13027 5120
13027 6047
13027 6241
13027 21786
13027 23458
13181 1312
13181 2053
13181 4612
13181 5115
13181 5745
13181 6445
13181 11929
13181 20038
13184 6753
13196 2794
13196 6046
13196 6466
13196 6731
13196 11669
13196 13518
13214 2591
13214 4086
13214 12053
13270 3055
13270 5311
13270 13786
13271 5108
13343 1221
13343 5946
13343 14806
13343 19140
13379 3777
13379 11607
13383 285
13383 606
13383 2440
13383 2794
13383 6577
13383 19802
13383 21240
13406 753
13406 1183
13406 2939
13406 4667
13406 5539
13406 6666
13406 21584
13406 23605
13431 4242
13459 24033
13604 2361
13662 929
13662 5569
13662 6435
13662 6601
13662 6658
13662 11929
13684 1137
13684 1401
13684 2497
13684 6508
13684 6677
13684 8993
13684 9239
13684 14806
13684 16609
13684 17055
13684 22675
13684 24460
13684 24537
13694 1316
13694 2134
13694 5960
13694 19999
13786 285
13786 1842
13786 1887
13786 2409
13786 4339
13786 4967
13786 6384
13786 6397
13786 6448
13786 6511
13786 6512
13786 6530
13786 6586
13786 6590
13786 6625
13786 6679
13786 8995
13786 12394
13786 13066
13786 14888
13786 19901
13786 24537
13845 833
13934 19140
13969 231
13969 1105
13969 1173
13969 1672
13969 5115
13969 6461
13969 6463
13969 6476
13969 6524
13969 6708
13969 11955
13969 13181
13969 17843
13969 18396
13969 19999
13969 22208
13969 23320
13969 24154
13969 24722
14054 606
14054 6435
14094 19328
14189 2202
14189 6687
14189 14595
14195 14806
14195 19730
14211 934
14224 1018
14224 6151
14224 24250
14232 642
14232 5086
14232 6607
14232 15688
14232 17742
14232 20355
14295 16591
14314 15187
14387 6540
14387 9553
14414 213
14414 1551
14414 2349
14414 19140
14469 5143
14507 4150
14595 1264
14595 6674
14595 6739
14595 9005
14595 11657
14595 13684
14595 21800
14713 6601
14713 8321
14713 18169
14805 19915
14806 2194
14806 4242
14806 6719
14806 16591
14806 19730
14806 21240
14806 24250
14807 4903
14835 13118
14888 6167
14888 10253
14888 24537
14901 5641
14901 17892
14901 22598
14920 546
14920 865
14920 1312
14920 2467
14920 3172
14920 4121
14920 5086
14920 5120
14920 5611
14920 6027
14920 6098
14920 6113
14920 6186
14920 6438
14920 6612
14920 6619
14920 6666
14920 6675
14920 6740
14920 19802
14969 503
14969 6478
14969 9842
14969 10955
15024 702
15024 1842
15024 12044
15057 4712
15057 8321
15116 6421
15116 24294
15145 5866
15229 6424
15229 14595
15229 21954
15277 5600
15332 20038
15361 6711
15361 24492
15382 3172
15382 14806
15404 4488
15447 34
15447 1108
15447 2592
15447 3113
15447 6375
15447 6440
15447 6647
15447 18689
15447 19802
15450 13099
15602 13969
15617 11599
15688 613
15688 1312
15688 6463
15688 11669
15688 12900
15688 24722
15698 613
15814 4121
15814 4492
16018 503
16018 2622
16018 5752
16018 11313
16018 14888
16018 19328
16018 20904
16018 21634
16018 21884
16018 22217
16076 1235
16186 4215
16186 19730
16223 18602
16323 287
16323 1116
16323 1631
16323 3777
16323 5035
16323 12900
16336 1409
16388 6431
16420 115
16493 23933
16581 20905
16591 349
16591 2794
16591 6396
16591 6601
16591 8996
16591 24294
16591 24313
16609 11657
16609 13383
16609 13518
16613 24313
16678 6511
16843 642
16843 6511
16843 9025
16843 19355
16856 4331
16859 934
16859 1551
16859 3468
16859 4036
16859 5131
16859 6201
16859 8993
16859 16591
16884 13459
17055 11669
17058 213
17058 2467
17058 11835
17058 24142
17066 4113
17157 460
17157 1430
17157 5178
17157 6590
17157 6658
17157 19901
17290 435
17290 2700
17290 24721
17299 5338
17333 6540
17338 5658
17576 11669
17576 14806
17639 12231
17675 4896
17675 6440
17675 11899
17675 14888
17675 20907
17706 6604
17749 105
17749 15361
17809 6601
17950 1582
17977 6269
18034 6582
18034 6634
18056 213
18056 5115
18056 23085
18088 17097
18169 642
18169 929
18169 2283
18169 6601
18169 18293
18231 11657
18401 255
18434 11488
18438 6524
18438 6597
18449 19438
18449 19802
18574 2329
18574 5641
18574 6453
18574 6676
18602 34
18602 255
18602 1145
18602 1190
18602 1215
18602 3425
18602 3986
18602 6322
18602 6404
18602 6473
18602 6510
18602 6513
18602 6539
18602 6647
18602 6673
18602 13604
18602 19802
18602 19901
18602 22276
18602 24680
18619 21
18619 642
18619 1312
18619 2462
18619 3528
18619 3772
18619 5120
18619 6426
18619 6440
18619 6453
18619 6559
18619 6562
18619 6647
18619 6724
18619 7778
18619 14232
18619 18602
18619 19149
18619 20292
18619 20355
18619 20883
18619 22221
18689 255
18689 333
18689 1757
18689 1876
18689 2497
18689 4215
18689 5311
18689 6047
18689 6420
18689 6530
18689 6937
18689 8102
18689 12789
18689 13059
18689 14806
18689 16186
18689 18602
18689 20292
18689 23921
18689 23943
18689 24532
18698 9365
18698 11488
18764 3168
18764 6559
18764 6665
18764 6724
18764 8321
18764 22252
18771 4084
18917 2497
19059 2239
19059 3072
19059 3772
19059 5703
19059 6074
19059 6534
19059 19328
19059 19915
19059 21925
19087 269
19087 19802
19087 21058
19087 23455
19138 6607
19138 19802
19138 20355
19167 6991
19172 5997
19293 14386
19298 3103
19328 642
19328 3468
19328 5583
19355 1221
19355 2815
19355 6064
19355 6634
19379 6410
19379 6511
19421 5338
19421 15139
19426 4685
19426 6426
19438 1105
19438 8996
19438 13969
19438 19802
19438 20355
19438 22276
19482 255
19498 22905
19554 6456
19554 6517
19683 6484
19685 2409
19698 4113
19730 766
19730 2349
19730 2384
19730 4846
19730 5539
19730 6186
19730 6694
19730 6697
19730 10121
19730 14414
19730 19140
19730 20979
19730 21634
19730 22513
19730 24161
19730 24710
19802 3777
19802 4086
19802 6303
19802 6487
19802 6568
19802 6574
19802 6595
19802 6607
19802 8102
19802 17742
19802 22276
19802 24518
19827 2760
19827 6491
19827 18602
19827 24695
19860 1653
19870 934
19870 1235
19870 5087
19870 5115
19870 6338
19870 14029
19870 22252
19871 6060
19890 6638
19901 320
19901 503
19901 2467
19901 5498
19901 5543
19901 5569
19901 5738
19901 5755
19901 6167
19901 6186
19901 6240
19901 6456
19901 6500
19901 6536
19901 6538
19901 6577
19901 6749
19901 8277
19901 8996
19901 9893
19901 14131
19901 18293
19901 20355
19901 21079
19901 21925
19901 22601
19901 23933
19904 622
19915 1653
19938 222
19938 15139
19938 20387
19961 20355
20021 20893
20058 6530
20242 1887
20242 3609
20242 5345
20242 5745
20242 11313
20285 6046
20285 10121
20285 14806
20285 19730
20285 24252
20292 5232
20355 255
20355 1097
20355 1173
20355 2392
20355 3996
20355 4488
20355 4522
20355 5155
20355 5338
20355 5519
20355 5941
20355 6027
20355 6064
20355 6417
20355 6427
20355 6559
20355 6664
20355 6696
20355 6697
20355 12988
20355 14806
20355 15404
20355 17742
20355 19149
20355 19802
20355 20889
20355 22197
20355 22603
20355 22708
20355 24252
20422 1116
20512 438
20512 1653
20512 4242
20512 6074
20512 6383
20512 6447
20512 6576
20512 11701
20512 21058
20517 6445
20517 16186
20684 503
20684 6374
20812 3019
20817 503
20817 642
20817 876
20817 2329
20817 3172
20817 4920
20817 6453
20817 6605
20817 6734
20817 13065
20817 21402
20817 22598
20861 23219
20883 1312
20883 3335
20883 5120
20883 5539
20883 6482
20883 6611
20883 8102
20883 15447
20883 20292
20889 6431
20904 14700
20904 19883
20907 3335
20907 5311
20907 6482
20907 6541
20907 6671
20907 18619
20917 335
20950 1807
20950 6541
21058 3363
21079 1422
21079 3072
21079 4276
21079 5539
21089 12394
21110 623
21110 4920
21110 5311
21177 19802
21225 5745
21240 606
21240 5435
21356 5485
21356 5945
21356 6349
21492 13406
21584 19087
21699 231
21699 987
21699 1105
21699 1183
21699 6396
21699 6511
21699 6540
21699 6665
21699 6717
21699 7778
21699 13406
21786 1951
21786 2307
21786 2467
21786 2939
21786 5120
21786 6060
21786 6541
21786 14806
21786 19554
21786 22412
21800 5583
21800 11657
21800 14806
21800 17055
21800 24313
21876 1423
21878 1913
21954 623
21954 1221
21954 3055
21954 4242
21954 4967
21954 6447
21954 6511
21954 8996
21954 11722
21954 12900
21954 14806
21954 16678
21954 20904
21992 23219
22134 3610
22134 6670
22197 6027
22208 613
22208 6524
22252 2467
22276 194
22276 3986
22276 5294
22276 5786
22276 5865
22276 6064
22276 6559
22276 11929
22276 15057
22276 20907
22276 24226
22276 24707
22341 1221
22341 1551
22341 6705
22341 9584
22341 12977
22341 19901
22341 24710
22385 6528
22412 5204
22412 6481
22513 830
22513 2875
22513 3072
22513 6049
22513 6500
22513 6583
22513 6661
22513 6705
22513 6722
22513 12044
22513 22601
22513 24710
22598 18323
22708 2416
22708 6125
22708 6511
22708 6514
22807 503
22807 6577
22807 6685
22882 929
22882 1493
22882 6241
22882 6548
22906 19730
23085 15688
23130 6458
23226 4920
23298 6607
23348 623
23348 1312
23348 5958
23348 6411
23348 6689
23348 6702
23348 6730
23348 19426
23348 24532
23360 0
23455 2274
23535 642
23535 2831
23535 19901
23535 21058
23535 21786
23787 18955
23921 255
23921 18602
23927 6677
23927 24313
23933 1829
23933 6405
23933 6426
23933 6440
23933 6464
23933 23921
23933 24033
24033 333
24033 2519
24033 6638
24033 24155
24133 3772
24133 6002
24150 0
24150 18602
24167 6677
24167 9239
24167 24537
24194 1753
24206 6453
24206 6538
24206 6540
24206 18323
24224 1789
24224 6010
24224 6581
24224 6613
24224 6718
24225 12513
24226 642
24226 1190
24226 1403
24226 4932
24226 4967
24226 5204
24226 6124
24226 6310
24226 6437
24226 6438
24226 6501
24226 6595
24226 9239
24226 16223
24226 19827
24226 23272
24226 24568
24226 24641
24226 24695
24250 6729
24250 15814
24250 21058
24252 213
24252 642
24252 1851
24252 3168
24252 4213
24252 5447
24252 6574
24252 6612
24252 6724
24252 6752
24286 4066
24304 1741
24322 6737
24342 4086
24351 2815
24351 6672
24365 4920
24377 24442
24393 4242
24393 5745
24393 5862
24393 8289
24393 24537
24409 17333
24442 255
24442 454
24442 613
24442 2815
24442 3072
24442 6673
24442 6692
24442 19802
24451 255
24451 606
24451 6502
24452 3874
24460 1692
24460 3705
24460 6282
24460 9239
24460 14806
24460 15361
24460 23927
24478 642
24492 6522
24492 11657
24517 9239
24518 6501
24518 6961
24518 10253
24537 13191
24555 6463
24565 1116
24568 117
24568 642
24568 1921
24568 6506
24568 20827
24579 6700
24591 6476
24591 23320
24641 2659
24676 11100
24680 2184
24707 496
24707 3334
24707 16223
24707 18602
24707 24226
24707 24518
24710 1904
24710 6684
24710 14387
7 2274
7 24224
16 285
20 2467
21 935
21 992
21 3207
21 6497
21 6876
21 6887
21 6998
21 7065
21 7874
34 14361
34 14816
44 24499
64 11881
97 11861
97 16900
99 351
99 5143
99 7940
99 13786
99 16998
99 21800
115 934
115 1532
115 1542
115 3551
115 4331
115 5435
115 6151
115 6461
115 6747
115 6768
115 6974
115 13786
115 24710
125 1258
125 6151
125 6975
125 8491
125 11076
125 17003
155 673
155 753
155 1788
155 14232
166 6124
166 6961
196 642
213 1403
213 1532
213 4242
213 6374
213 6602
213 6747
213 6774
213 6779
213 6817
213 6820
213 6858
213 6871
213 6893
213 6917
213 6941
213 7090
213 11313
213 15594
213 20292
213 20422
213 20893
213 24526
215 3250
230 3501
230 3551
230 18291
231 213
231 613
231 753
231 1312
231 1532
231 1899
231 2997
231 3335
231 5867
231 6094
231 6151
231 6791
231 6846
231 6914
231 6945
231 6972
231 6975
231 7104
231 8984
231 13019
231 14232
231 15610
231 20874
231 21110
231 22466
231 24526
231 24665
252 4685
252 5677
252 6124
252 6883
255 498
255 626
255 673
255 1258
255 1520
255 1913
255 2416
255 2499
255 4125
255 4242
255 4340
255 4612
255 5791
255 5946
255 6311
255 6831
255 6835
255 6844
255 6961
255 7940
255 8984
255 13969
255 16613
255 17880
255 18056
255 19915
255 21110
257 10836
271 17675
287 4140
287 4169
287 4339
287 4572
287 4682
287 6915
287 6956
287 6966
287 7038
287 14387
287 19454
287 19616
344 14888
348 700
395 2329
412 1970
412 6457
438 24531
451 934
451 1140
451 18449
451 23913
454 115
454 193
454 830
454 1221
454 2416
454 4140
454 5409
454 6095
454 6694
454 12774
454 14189
454 14387
454 17216
454 21107
454 22513
464 24224
465 6722
465 6789
465 21107
491 24033
498 1913
503 285
503 1403
503 6943
503 8321
503 10307
503 18689
524 18424
540 672
540 6867
540 14920
545 54
545 2938
546 24226
550 24033
560 2022
570 19554
593 6790
593 24722
596 6771
596 6923
596 7069
596 7072
596 12078
596 18449
596 23912
601 1913
601 2361
601 2794
601 6687
601 6787
601 6943
601 18602
601 20292
606 16859
606 23927
613 3620
613 13786
623 6835
623 6909
623 6961
626 4440
642 166
642 213
642 285
642 510
642 673
642 814
642 934
642 1581
642 1987
642 2022
642 2238
642 2263
642 2361
642 2424
642 2497
642 2629
642 2748
642 2831
642 3049
642 3207
642 3219
642 3551
642 3986
642 4094
642 4685
642 5279
642 5325
642 5620
642 5717
642 5881
642 5969
642 6100
642 6124
642 6151
642 6283
642 6402
642 6437
642 6538
642 6562
642 6694
642 6744
642 6814
642 6841
642 6852
642 6872
642 6890
642 6897
642 6904
642 6906
642 6907
642 6917
642 6923
642 6934
642 6945
642 6957
642 6966
642 6975
642 6978
642 6998
642 7003
642 7005
642 7023
642 7026
642 7031
642 7034
642 7038
642 7039
642 7040
642 7043
642 7074
642 7098
642 10811
642 11157
642 11166
642 11657
642 11948
642 12894
642 13343
642 14195
642 14920
642 17801
642 18602
642 18764
642 19914
642 19915
642 20292
642 20512
642 20907
642 23298
642 23912
642 24033
642 24224
674 5639
714 8996
726 2022
726 5261
726 19498
737 6969
737 8321
737 24568
751 6278
753 1788
753 6666
753 6992
763 7010
776 1532
776 4242
776 6926
776 11868
782 820
782 6417
791 7072
792 6756
814 4242
817 21872
830 4140
830 4928
830 6045
830 6893
830 11861
830 14888
830 19554
830 19616
866 642
866 1116
866 3078
866 13027
876 3452
876 5143
876 8996
876 16018
876 18169
884 11669
890 4021
903 4242
906 6921
929 642
929 1987
929 6124
929 6899
929 7032
929 24206
934 1312
934 5946
934 10566
934 12053
934 16998
934 22234
935 794
935 5717
943 24409
946 4589
947 2361
966 16877
988 10836
992 6124
992 24033
1013 260
1013 510
1013 1140
1013 1410
1013 5686
1013 6060
1013 6773
1013 6823
1013 6827
1013 9239
1013 18602
1013 24250
1018 2831
1018 3657
1018 4355
1018 6820
1018 6823
1079 700
1079 23605
1097 4667
1097 4920
1105 231
1105 2238
1105 3657
1105 4143
1105 6747
1105 6762
1105 6902
1105 6959
1105 6975
1105 6977
1105 7019
1105 12977
1105 13786
1105 13899
1105 15187
1105 16884
1105 17880
1109 1971
1110 6791
1116 503
1116 1657
1116 1951
1116 2318
1116 3219
1116 3301
1116 4706
1116 4952
1116 5086
1116 6073
1116 6100
1116 6124
1116 6374
1116 6782
1116 6803
1116 6809
1116 6835
1116 7074
1116 10836
1116 18169
1116 19178
1116 22882
1116 23605
1133 6848
1137 54
1137 833
1137 5632
1137 5946
1137 8993
1137 11313
1137 11861
1137 11967
1137 18169
1137 19140
1137 20871
1137 22341
1137 24033
1140 1913
1140 2491
1140 2831
1140 6249
1140 6773
1140 6827
1140 22882
1141 714
1141 2274
1141 6478
1141 12135
1141 12855
1141 17916
1141 17922
1141 21306
1141 22494
1141 23854
1158 1776
1158 5498
1158 6175
1158 6782
1215 16323
1215 23912
1216 18169
1235 6773
1244 642
1244 7023
1244 7043
1244 24568
1244 24721
1258 8491
1264 13196
1270 5427
1311 19177
1312 1013
1312 2831
1312 4355
1312 6437
1312 6961
1312 7032
1312 12053
1312 18602
1312 21878
1317 6961
1318 5517
1318 7047
1323 8820
1346 6694
1369 4242
1369 6666
1384 2424
1384 5956
1384 6789
1384 21394
1391 5862
1403 642
1403 3018
1403 4255
1403 4343
1403 6124
1403 6966
1403 6975
1403 7079
1403 7095
1403 23500
1403 24568
1407 1110
1407 4355
1407 6961
1407 7026
1407 14969
1407 18602
1407 19149
1407 24665
1410 5686
1430 4121
1520 2875
1520 3921
1520 4928
1520 6124
1520 6530
1520 18169
1528 4920
1530 6773
1532 1658
1538 1216
1538 6782
1538 15450
1538 23841
1542 596
1547 6485
1547 15542
1569 16504
1573 11715
1573 13969
1581 3018
1581 14387
1582 1987
1582 24206
1631 7202
1631 18955
1631 24127
1632 814
1632 2215
1632 3551
1632 3657
1632 4242
1632 6074
1632 6124
1632 6383
1632 7039
1632 7071
1632 7086
1632 18764
1632 20512
1632 23407
1632 24722
1654 7940
1658 503
1658 5504
1658 7088
1658 15229
1658 19554
1658 23039
1665 16591
1667 19469
1692 705
1692 1221
1692 3705
1692 4731
1692 6478
1692 13383
1740 2794
1740 4274
1740 4928
1740 6688
1740 8984
1740 16591
1740 16900
1740 20893
1740 24499
1741 6241
1780 5519
1780 6121
1781 3921
1788 6666
1842 16504
1842 23130
1846 503
1846 1692
1846 2961
1846 3172
1846 5325
1846 5429
1846 6417
1846 6814
1846 6920
1846 7013
1846 7049
1846 7073
1846 8995
1846 11166
1846 13059
1846 13343
1846 13379
1846 14969
1846 15447
1846 15594
1846 16186
1846 19469
1846 20292
1846 23912
1846 24156
1846 24320
1861 7
1861 16018
1868 20512
1887 3172
1901 11881
1901 18291
1907 1375
1907 6240
1913 1435
1913 6136
1913 7047
1913 12519
1913 23943
1937 285
1951 7
1951 642
1951 1987
1951 2467
1951 3301
1951 4084
1951 5865
1951 6124
1951 6283
1951 6747
1951 6896
1951 6900
1951 6962
1951 7002
1951 7091
1951 16877
1951 19087
1970 9025
1998 2053
2036 3207
2036 4237
2036 5152
2036 5427
2036 6240
2036 6883
2036 7085
2036 13406
2036 19087
2046 6557
2053 934
2053 1258
2053 1403
2053 3610
2053 3705
2053 6151
2053 6926
2053 7862
2053 8984
2053 13684
2053 15229
2053 17003
2053 17843
2056 2578
2056 5964
2065 3501
2072 4683
2072 6240
2072 24127
2126 6653
2126 8996
2134 1384
2134 2361
2134 3337
2134 4029
2134 4731
2134 5311
2134 5946
2134 5956
2134 6100
2134 6241
2134 6897
2134 7073
2134 11725
2134 14806
2134 18689
2134 21240
2148 8995
2194 230
2194 2416
2194 3551
2194 5739
2194 5960
2194 6094
2194 6249
2194 6910
2194 6961
2194 8321
2194 12894
2194 14029
2194 16323
2194 18602
2194 20355
2194 24033
2197 287
2197 1780
2197 2499
2197 2997
2197 5279
2197 5364
2197 5427
2197 6735
2197 6975
2197 13379
2197 13694
2197 17299
2197 19454
2197 20355
2238 5946
2239 3330
2239 8995
2239 9524
2239 14414
2239 18602
2242 1532
2274 1951
2274 18195
2274 24224
2304 2184
2307 3921
2307 5311
2307 6822
2329 3015
2329 12720
2329 19167
2335 6074
2335 6917
2335 20624
2356 3301
2361 705
2361 1789
2361 3055
2361 5311
2361 6747
2361 6820
2361 6867
2361 6949
2361 6961
2361 6985
2361 7035
2361 12044
2361 14232
2384 3570
2384 6915
2384 11313
2387 4242
2387 6977
2387 7025
2387 13969
2392 115
2392 1312
2392 2384
2392 3921
2392 4242
2392 6890
2392 6920
2392 6977
2392 15594
2392 18689
2392 22341
2413 613
2413 20355
2416 6666
2416 6890
2416 7041
2416 12894
2416 20355
2416 24250
2417 5519
2424 6789
2424 18689
2443 4121
2443 6666
2443 6840
2487 2263
2487 3452
2487 5435
2487 6694
2487 6820
2491 231
2497 193
2497 2263
2497 6283
2497 6779
2497 6919
2497 11149
2497 12894
2497 13343
2497 17216
2499 3219
2499 6889
2508 3657
2508 7071
2508 19616
2525 7104
2578 14835
2591 2194
2592 260
2592 606
2592 1244
2592 2831
2592 4355
2592 5261
2592 5865
2592 5880
2592 6151
2592 6961
2592 7023
2592 11579
2592 14224
2592 15450
2592 17801
2592 18602
2592 20355
2592 23904
2622 1312
2628 5795
2628 20355
2628 21899
2629 6807
2629 7032
2629 7062
2629 7075
2629 24333
2629 24568
2633 1403
2633 6586
2633 6966
2700 54
2700 623
2700 2852
2700 6998
2700 8996
2742 13684
2748 2263
2831 7778
2852 21922
2864 6967
2872 5539
2872 6820
2872 6921
2872 7021
2872 7076
2872 14333
2872 16186
2886 24579
2913 3657
2931 3575
2931 4084
2931 6175
2931 7040
2931 23904
2931 24612
2938 4685
2938 5115
2938 6151
2938 6621
2938 6857
2938 6886
2938 11522
2938 18195
2938 18602
2997 213
2997 3335
2997 3363
2997 6352
2997 6791
2997 12394
2997 13019
2997 24526
3018 24568
3019 18602
3049 4237
3049 11929
3049 14387
3049 16504
3049 22341
3055 5867
3055 12044
3072 20355
3078 21899
3098 19901
3113 510
3113 2361
3113 3219
3113 5115
3113 6124
3113 6760
3113 6934
3113 6985
3113 16493
3130 2307
3172 280
3172 454
3172 929
3172 1391
3172 3705
3172 3921
3172 4645
3172 5644
3172 5862
3172 5969
3172 6901
3172 6919
3172 6948
3172 7045
3172 7499
3172 9025
3172 13059
3172 16998
3172 18574
3203 285
3207 519
3207 14387
3218 5946
3218 7086
3219 23171
3227 794
3227 4682
3227 6806
3227 6811
3227 15688
3227 22869
3245 2938
3292 11469
3363 8127
3420 16018
3425 6439
3425 6762
3425 11149
3452 7062
3501 18056
3528 6732
3551 2939
3551 6124
3551 14387
3551 19087
3551 20907
3551 23348
3551 23605
3551 24033
3555 15229
3609 3657
3609 3705
3609 6511
3609 7093
3620 5969
3620 6872
3657 2238
3657 3551
3657 4340
3657 5313
3657 5946
3657 9025
3657 10259
3657 11657
3657 13786
3657 15229
3657 18689
3657 21786
3679 14195
3684 19167
3705 5611
3709 24665
3756 24447
3757 6442
3760 4150
3771 6966
3771 7039
3777 546
3777 1312
3777 5604
3817 5489
3824 2064
3824 3921
3824 6666
3825 15187
3834 21337
3843 2769
3874 13181
3879 22027
3921 5311
3921 19901
3968 4094
3986 196
3986 6481
3986 6582
4021 3609
4021 13003
4029 15187
4046 19059
4066 13969
4094 519
4094 10811
4113 4242
4113 24033
4121 4920
4121 5310
4121 6747
4121 7778
4121 8996
4121 20819
4121 24150
4121 24333
4123 6688
4125 1913
4125 19915
4127 1661
4127 19616
4127 24226
4140 6915
4158 1
4158 11657
4158 20893
4196 9239
4225 1119
4225 5692
4225 6932
4237 213
4237 1842
4237 5429
4237 6732
4237 6814
4237 6820
4237 16504
4237 17475
4237 22513
4242 287
4242 1850
4242 2022
4242 2197
4242 2425
4242 2467
4242 3049
4242 4036
4242 4215
4242 4685
4242 4965
4242 5969
4242 6121
4242 6124
4242 6136
4242 6232
4242 6283
4242 6874
4242 6939
4242 6941
4242 6953
4242 6961
4242 6969
4242 6975
4242 6977
4242 6980
4242 6984
4242 7002
4242 7019
4242 7035
4242 7038
4242 7064
4242 7066
4242 7510
4242 9026
4242 9177
4242 11779
4242 12677
4242 13684
4242 13969
4242 15229
4242 16493
4242 16900
4242 16998
4242 17342
4242 19038
4242 19149
4242 19432
4242 19438
4242 20355
4242 21110
4242 21240
4242 23795
4242 24033
4242 24133
4242 24531
4242 24722
4255 6124
4255 6586
4255 7052
4255 7066
4255 13786
4255 18602
4308 14355
4308 17293
4331 814
4331 7097
4331 13684
4331 17293
4339 6915
4340 946
4340 4589
4340 21786
4343 5519
4343 24568
4355 5531
4355 11779
4356 8996
4363 6945
4406 5660
4440 5686
4440 7069
4440 15447
4440 19890
4457 5152
4459 12834
4572 21634
4601 4920
4612 13969
4612 24304
4645 5530
4667 5409
4667 6884
4667 6886
4667 10121
4667 11157
4679 7510
4685 160
4685 166
4685 6666
4685 6744
4685 6821
4685 6864
4685 7035
4685 7043
4685 7095
4685 12135
4685 24226
4712 6867
4730 6966
4731 2416
4731 12949
4731 13383
4781 5841
4781 6027
4781 6966
4785 2416
4802 6961
4829 519
4829 1661
4829 6744
4829 7065
4844 24409
4862 4274
4870 510
4879 642
4879 4242
4879 6136
4903 4952
4920 1971
4920 4952
4920 5604
4920 6240
4920 6666
4920 6747
4920 6808
4920 6908
4920 6927
4920 6936
4920 7030
4920 8098
4920 14816
4920 19167
4920 20819
4920 21899
4920 24397
4928 287
4928 6151
4952 3528
4952 6100
4952 6478
4952 7080
4952 24033
5009 20021
5043 24252
5112 4335
5115 6874
5147 18169
5152 804
5152 1346
5152 6847
5152 11929
5152 13786
5152 17922
5152 19177
5152 20021
5152 20512
5152 21328
5152 23904
5160 9025
5176 13786
5178 3452
5178 7023
5178 7045
5178 7096
5178 7202
5178 20817
5189 6932
5189 6952
5189 6987
5191 7066
5192 6981
5261 7
5261 196
5261 3219
5261 5957
5261 6538
5261 6906
5261 7015
5261 12411
5261 17801
5268 2609
5274 1141
5274 6151
5284 115
5284 451
5284 596
5284 7011
5284 8984
5299 9239
5304 6666
5310 6961
5311 1789
5311 2497
5311 5265
5311 6764
5311 6776
5311 11599
5311 11929
5311 14387
5311 20812
5311 24150
5325 3018
5325 6873
5325 8996
5325 9239
5325 12135
5325 17830
5325 18602
5325 21786
5329 613
5345 6847
5345 14387
5364 99
5364 11698
5364 16998
5409 1987
5409 2467
5409 2938
5409 5611
5409 5854
5409 6694
5409 7003
5409 7013
5409 11149
5409 21107
5409 24156
5409 24320
5411 2931
5411 3203
5411 5960
5411 7862
5411 10121
5435 5519
5435 13065
5489 4952
5489 16591
5489 18169
5489 24033
5498 155
5504 6151
5504 7410
5504 19438
5516 19438
5516 24033
5519 193
5519 503
5519 519
5519 3172
5519 4965
5519 5035
5519 5325
5519 5409
5519 5644
5519 6041
5519 6283
5519 6732
5519 6847
5519 6872
5519 6975
5519 7040
5519 7045
5519 11166
5519 11684
5519 13379
5519 15594
5519 17475
5519 19469
5519 21786
5519 23298
5519 23500
5531 18602
5539 22882
5547 3506
5547 3921
5547 12044
5611 4143
5615 22708
5616 804
5616 21786
5632 19730
5634 3657
5639 6776
5644 6901
5644 6919
5645 6746
5651 6994
5658 255
5658 794
5658 1951
5658 6121
5658 6747
5658 17801
5658 18602
5658 19426
5659 545
5660 6694
5677 2424
5677 7026
5677 14232
5677 18169
5686 260
5686 20355
5692 11152
5703 2417
5703 11881
5745 6457
5753 2134
5753 6779
5755 18619
5795 19379
5795 20355
5823 11469
5829 6151
5841 6666
5854 7487
5866 6335
5887 254
5887 1043
5887 3415
5887 4731
5887 24682
5946 193
5946 601
5946 1270
5946 1316
5946 1901
5946 1913
5946 2022
5946 2036
5946 2938
5946 3049
5946 4242
5946 4965
5946 5311
5946 5519
5946 5538
5946 6121
5946 6283
5946 6814
5946 6820
5946 6867
5946 6897
5946 6939
5946 6961
5946 6975
5946 7040
5946 7043
5946 7047
5946 7073
5946 8984
5946 11149
5946 11929
5946 12044
5946 12588
5946 12894
5946 13019
5946 16186
5946 16591
5946 17299
5946 19866
5946 20892
5946 22513
5946 23223
5946 23298
5946 24033
5957 2997
5969 510
5969 2015
5969 6666
5969 6965
5969 7026
5969 7047
5969 17312
6002 5115
6002 17872
6047 1789
6047 2089
6047 2416
6047 2708
6047 3551
6047 3978
6047 5539
6047 6873
6047 6962
6047 13141
6047 14333
6047 15200
6047 20907
6049 1234
6094 8491
6094 14029
6094 16900
6095 34
6095 814
6095 7071
6095 14816
6095 20355
6095 21107
6113 1221
6113 12044
6121 6598
6121 6872
6121 7025
6121 17299
6121 20355
6121 22283
6124 287
6124 866
6124 1975
6124 1987
6124 2938
6124 3302
6124 3566
6124 3874
6124 3986
6124 5611
6124 5791
6124 6220
6124 6369
6124 6700
6124 6827
6124 6828
6124 6835
6124 6864
6124 6907
6124 6937
6124 6966
6124 6975
6124 6996
6124 7086
6124 9911
6124 10566
6124 10955
6124 11727
6124 12279
6124 12564
6124 13343
6124 16877
6124 16888
6124 18602
6124 20883
6124 21786
6124 22276
6124 23360
6124 23841
6124 24033
6124 24150
6124 24252
6125 3219
6151 1258
6151 2491
6151 6823
6151 7045
6151 7071
6151 8984
6151 11076
6151 16900
6151 18169
6151 19138
6151 20893
6151 24393
6186 7202
6186 21899
6201 4242
6201 4388
6210 503
6210 2831
6210 5043
6240 6666
6240 6747
6240 6908
6241 6687
6241 24710
6277 22283
6278 4084
6278 6961
6312 6841
6318 6994
6338 2443
6369 12394
6373 1013
6442 2022
6442 2463
6442 6801
6442 7065
6442 7079
6442 10473
6446 642
6457 9724
6478 255
6478 1403
6478 5564
6478 6194
6478 6800
6478 7026
6478 7031
6478 20292
6483 3921
6491 2831
6496 24531
6497 5395
6497 6896
6497 6984
6511 16018
6511 21634
6530 19915
6548 13003
6549 11929
6557 125
6557 1532
6557 2794
6557 2831
6557 4242
6557 4844
6557 6151
6557 6175
6557 6688
6557 6815
6557 6853
6557 6920
6557 7041
6557 7066
6557 8984
6557 13019
6557 20893
6598 1573
6598 11779
6638 6898
6638 7778
6638 18169
6652 1391
6652 6457
6652 22283
6660 1441
6660 9045
6666 1116
6666 2339
6666 5498
6666 6710
6666 6761
6666 6809
6666 7042
6666 7510
6666 7778
6666 9025
6666 11700
6666 13191
6666 14806
6666 17216
6687 193
6687 1316
6687 6417
6687 6694
6687 6832
6687 24684
6688 9325
6700 814
6700 1369
6700 19149
6712 6910
6712 12394
6732 8993
6732 11599
6732 13191
6736 18034
6747 1327
6747 6961
6747 12874
6747 17041
6747 18293
6747 21899
6755 3777
6757 2612
6758 4965
6761 6047
6761 6482
6761 19138
6766 6961
6767 20
6773 20638
6775 20624
6777 6776
6780 454
6780 642
6780 2416
6780 2831
6780 2938
6780 5519
6780 6064
6780 6243
6780 6312
6780 6694
6780 6841
6780 6904
6780 7038
6780 9524
6780 9724
6780 19915
6780 23711
6786 3921
6788 3921
6790 9005
6790 13684
6792 3921
6795 171
6799 21194
6804 21089
6810 14888
6813 6761
6815 11657
6816 8102
6817 13270
6820 11779
6820 15447
6820 16591
6820 18169
6825 6824
6826 5604
6827 22882
6830 19177
6831 20422
6833 19087
6834 240
6843 3714
6844 2416
6845 1692
6845 8993
6850 13343
6850 17475
6852 1312
6852 3777
6853 6854
6855 8984
6863 6747
6865 18602
6869 130
6869 3677
6869 8115
6869 18169
6870 9239
6871 18438
6871 22882
6874 7035
6875 6457
6876 19890
6878 17706
6882 12411
6887 19901
6890 20355
6894 13485
6894 24722
6897 24033
6899 1987
6905 20355
6906 18602
6907 6913
6907 7510
6907 9911
6907 19914
6912 2184
6916 18619
6917 6815
6917 19301
6921 7021
6924 5926
6924 19938
6927 7778
6928 8996
6934 1581
6934 6930
6934 6961
6934 17312
6934 18602
6939 24722
6940 4344
6942 17068
6943 10307
6946 6402
6947 1312
6948 8996
6951 6932
6952 6932
6953 15714
6961 2443
6961 2467
6961 2831
6961 3551
6961 3771
6961 4928
6961 5530
6961 5791
6961 6773
6961 6904
6961 6966
6961 7038
6961 7039
6961 8996
6961 10955
6961 11157
6961 12135
6961 16884
6961 17342
6961 17801
6961 23795
6961 24033
6961 24226
6961 24722
6963 1987
6966 7039
6966 24226
6969 14920
6970 6969
6975 2263
6975 6872
6975 6972
6975 7045
6978 3551
6983 3511
6984 14920
6985 18602
6988 8996
6990 3602
6994 17290
7000 1323
7003 18602
7004 24226
7007 19178
7009 6151
7016 13343
7020 19901
7033 8996
7035 22276
7036 23711
7038 19438
7040 18764
7041 7044
7047 1312
7047 6478
7047 7026
7047 7053
7047 12053
7047 13141
7047 24707
7048 17840
7049 12564
7050 20512
7052 7039
7056 5996
7057 519
7059 24197
7061 7035
7064 2685
7067 7096
7070 7066
7075 18602
7077 5866
7080 6675
7081 3334
7091 24224
7101 16336
7103 7877
7365 16018
7410 4589
7410 6151
7410 6926
7410 7048
7410 7097
7410 17843
7410 22466
7648 2499
7648 5115
7648 18602
7648 20355
7648 24722
7778 155
7778 2864
7778 6442
7778 6497
7778 6967
7778 21233
7888 13184
7892 11657
7923 1369
7940 4928
8092 5644
8102 2872
8102 4967
8102 8353
8127 510
8127 2997
8132 20778
8199 10090
8305 6961
8321 10955
8321 11149
8321 22276
8820 6853
8921 3874
8921 6875
8975 1842
8975 23130
8984 642
8984 1105
8984 2416
8984 4242
8984 4274
8984 5856
8984 6175
8984 6478
8984 6712
8984 6824
8984 6920
8984 6961
8984 7085
8984 8491
8984 9325
8984 11725
8984 12394
8984 12977
8984 14224
8984 16336
8984 17843
8984 18764
8984 19888
8984 22197
8984 22466
8993 6266
8993 9524
8993 15277
8995 1221
8995 7013
8995 11149
8996 287
8996 613
8996 1270
8996 1403
8996 1851
8996 2335
8996 2592
8996 2769
8996 3452
8996 3892
8996 4036
8996 4143
8996 4196
8996 4928
8996 5143
8996 5160
8996 5792
8996 5866
8996 6201
8996 6691
8996 6747
8996 6930
8996 6994
8996 7038
8996 7074
8996 7940
8996 8984
8996 9325
8996 14806
8996 16998
8996 18291
8996 18619
8996 19059
8996 21634
8996 23795
8996 23946
8996 24033
8996 24526
8996 24665
9002 6060
9002 21089
9005 9325
9011 1110
9011 1899
9011 4274
9011 6151
9011 6948
9011 6957
9011 13684
9011 17293
9014 626
9016 15250
9025 412
9025 613
9025 2263
9025 3551
9025 5176
9025 6124
9025 6747
9025 7032
9025 7042
9025 7053
9025 7062
9025 7071
9025 7088
9025 7104
9025 12874
9025 13969
9025 17801
9025 19454
9025 20893
9025 21233
9030 11948
9057 14888
9177 3172
9177 3575
9177 6442
9177 6562
9177 6773
9177 6793
9177 6892
9177 6900
9177 7002
9177 7065
9177 16742
9177 18602
9177 24226
9239 1899
9239 2349
9239 2425
9239 2467
9239 4242
9239 4928
9239 5841
9239 5856
9239 6773
9239 6780
9239 6852
9239 7032
9239 7074
9239 10811
9239 12977
9239 18602
9239 20893
9239 24156
9325 4123
9325 4215
9325 4274
9325 9239
9325 12394
9325 19172
9365 6807
9365 8995
9365 19554
9516 3055
9524 7032
9524 13181
9524 17342
9551 11819
9553 4169
9553 20778
9611 9025
9724 6841
9724 6961
9842 642
9842 3824
9842 3921
9842 6786
9960 1573
10121 2416
10121 3049
10121 6041
10121 12870
10121 20292
10121 24568
10253 5152
10253 22276
10434 2971
10434 5411
10566 125
10566 1141
10566 2352
10566 2769
10566 3219
10566 3952
10566 4620
10566 6027
10566 6151
10566 6478
10566 6666
10566 7045
10566 7053
10566 8289
10566 12900
10566 16998
10566 19888
10566 22466
10566 24224
10566 24526
10811 2036
10811 2416
10811 5325
10811 5531
10811 5957
10811 6151
10811 6779
10811 6855
10811 11948
10811 14806
10811 20355
10811 24568
10856 2201
10856 13337
11076 97
11076 13786
11149 6582
11157 903
11157 2938
11157 3113
11157 4084
11157 4920
11157 5261
11157 5531
11157 6890
11157 6930
11157 11469
11157 16493
11157 18428
11313 3172
11313 8984
11406 5411
11488 1913
11522 6621
11579 6369
11579 6854
11579 6855
11657 6582
11657 7038
11657 7043
11657 19038
11657 24568
11669 12725
11687 24397
11691 2611
11691 2938
11698 14387
11700 6124
11700 21233
11715 213
11715 642
11715 2046
11715 6027
11715 6598
11715 7105
11718 12231
11725 11929
11725 13003
11729 626
11779 642
11779 929
11779 1369
11779 1403
11779 1532
11779 3113
11779 4084
11779 4920
11779 5325
11779 5531
11779 5969
11779 6124
11779 6666
11779 6822
11779 6890
11779 6906
11779 6917
11779 6919
11779 6930
11779 6934
11779 7023
11779 8996
11779 9239
11779 10811
11779 11157
11779 12135
11779 18602
11779 22276
11779 23711
11779 23795
11779 24226
11819 5574
11819 6652
11819 13969
11819 23223
11861 2384
11861 4242
11861 7071
11861 11313
11861 13343
11861 16018
11881 19554
11899 5325
11899 13343
11899 22882
11967 7075
11967 22341
11996 19454
12053 6151
12053 17801
12078 6900
12080 3817
12080 4143
12080 6363
12080 16493
12117 4242
12135 929
12135 2467
12135 2831
12135 2938
12135 3245
12135 4242
12135 4653
12135 5115
12135 6124
12135 6175
12135 6312
12135 6481
12135 6760
12135 6793
12135 6827
12135 6902
12135 6930
12135 6977
12135 6978
12135 7039
12135 7044
12135 7047
12135 7066
12135 7874
12135 8984
12135 9239
12135 17801
12135 18602
12135 18764
12135 24409
12358 3705
12519 6903
12519 12053
12539 11569
12539 14414
12539 16018
12539 23039
12670 14295
12670 20893
12774 1842
12774 2440
12774 5946
12774 6041
12774 6814
12774 12044
12774 21107
12855 642
12855 15447
12855 18602
12855 23500
12870 115
12870 2263
12870 2497
12870 3570
12870 6824
12870 6847
12870 10168
12894 3540
12900 6957
12977 5856
12977 13684
13003 8353
13003 13181
13003 19915
13003 24033
13027 1116
13027 1158
13027 1776
13027 4242
13027 6562
13027 6856
13027 7026
13027 7076
13027 7086
13027 13141
13059 18919
13066 230
13089 18401
13099 2361
13181 6311
13181 6961
13181 18602
13181 20512
13181 24226
13181 24568
13181 24722
13184 213
13191 4967
13191 6817
13196 7038
13196 24313
13270 1141
13270 6824
13343 6831
13343 13786
13343 14387
13343 18602
13343 22513
13370 4084
13370 5489
13370 6124
13379 2938
13383 6638
13383 6764
13383 12394
13383 12473
13383 19888
13406 6747
13406 7068
13406 7098
13406 19087
13431 6478
13483 6899
13574 3566
13604 18619
13662 6807
13662 19167
13684 597
13684 4036
13684 10115
13684 20893
13694 2997
13694 13019
13786 287
13786 1013
13786 2384
13786 2938
13786 5274
13786 5280
13786 6151
13786 6180
13786 6186
13786 6241
13786 6582
13786 6638
13786 6771
13786 6816
13786 6855
13786 6893
13786 6923
13786 6928
13786 6993
13786 7365
13786 8353
13786 11881
13786 13181
13786 15688
13786 16018
13786 17157
13786 21110
13786 24365
13796 4355
13845 3570
13929 1661
13929 1899
13969 213
13969 4756
13969 5411
13969 5867
13969 6277
13969 6846
13969 6910
13969 7014
13969 13003
13969 15187
13969 21194
13969 24304
13969 24665
14029 12394
14054 6846
14055 8321
14131 7874
14147 3506
14147 6332
14147 7071
14195 5867
14195 19888
14224 1100
14224 11929
14232 4143
14232 24707
14295 3657
14295 21110
14314 3952
14355 17293
14361 7035
14361 21872
14361 24303
14387 4021
14387 5867
14387 6403
14387 6921
14469 2425
14507 2442
14609 17824
14713 6151
14713 6817
14713 13270
14805 20292
14806 3219
14835 6201
14835 24721
14888 3705
14888 4046
14888 5143
14888 20904
14920 503
14920 1116
14920 2201
14920 3219
14920 5310
14920 5498
14920 6374
14920 6582
14920 6824
14920 6978
14920 7030
14920 11700
14920 14816
14920 17312
14920 18602
14920 20292
14920 21089
14920 21233
14920 23500
14969 22276
15005 17922
15024 12473
15024 13383
15057 24226
15117 4667
15117 22598
15229 934
15229 1258
15229 7045
15229 19432
15251 22341
15277 6845
15404 3684
15447 546
15447 2416
15447 2938
15447 4952
15447 6478
15447 6787
15447 6911
15447 16591
15447 18602
15447 20355
15447 24250
15450 6374
15594 3049
15594 18764
15645 11469
15688 791
15688 934
15688 2417
15688 5504
15688 5960
15688 6374
15688 6904
15688 7014
15688 16998
15688 17216
15688 22341
15698 4572
15814 1119
15814 6883
15814 9232
15935 6187
16018 6074
16018 6810
16018 19059
16047 16775
16076 2361
16076 3049
16076 6892
16076 7648
16186 5429
16186 6921
16186 24531
16323 1221
16323 6095
16323 17299
16336 5954
16336 23904
16388 285
16388 6872
16504 5311
16504 7097
16504 23130
16581 503
16581 1323
16581 6773
16581 6840
16581 11725
16581 18449
16591 3657
16591 6871
16591 9325
16613 260
16613 4612
16613 6151
16613 7101
16613 12394
16613 19301
16613 22466
16843 2467
16856 6907
16859 3657
16859 4731
16859 6175
16859 10115
16859 24499
17013 3415
17058 5325
17058 5604
17058 6923
17058 7023
17058 8996
17058 11929
17058 18602
17097 18602
17157 4920
17290 6318
17290 7627
17298 2194
17299 934
17299 1532
17299 3952
17299 16998
17299 20893
17312 213
17333 642
17333 5043
17333 20355
17338 5409
17342 7019
17454 1318
17576 9005
17675 642
17675 6959
17675 16018
17675 17475
17706 6825
17706 7069
17706 17293
17749 5946
17809 2938
17809 20292
17830 934
17830 6998
17840 6824
17840 24252
17843 6909
17866 18169
17950 6907
18034 6186
18088 1781
18088 6972
18138 20819
18169 255
18169 503
18169 2416
18169 3705
18169 6852
18169 6871
18169 6981
18169 8996
18169 9812
18169 18619
18169 19890
18169 20871
18169 21634
18170 4143
18293 1381
18293 1631
18293 6186
18293 6807
18293 6936
18293 24127
18401 6124
18401 6998
18401 7062
18401 7080
18405 19616
18449 1312
18449 2831
18449 3777
18449 23500
18547 4254
18574 642
18574 1369
18574 6808
18574 6919
18574 6936
18574 13343
18574 19167
18574 20817
18574 24333
18574 24568
18602 213
18602 2831
18602 3551
18602 6180
18602 6486
18602 6557
18602 6621
18602 6760
18602 6822
18602 6867
18602 7023
18602 7088
18602 9030
18602 11522
18602 11948
18602 20355
18602 21240
18602 24226
18602 24252
18602 24568
18619 866
18619 2335
18619 3452
18619 3551
18619 4384
18619 4685
18619 5411
18619 5969
18619 6638
18619 6732
18619 6848
18619 6887
18619 6923
18619 6948
18619 6998
18619 7080
18619 7104
18619 11700
18619 19087
18619 19498
18619 23500
18689 231
18689 705
18689 4127
18689 6124
18689 6898
18689 14232
18689 20907
18698 5841
18754 19167
18764 125
18764 1140
18764 2938
18764 6562
18764 7038
18764 7047
18764 20893
18764 22466
18917 5519
18917 5960
18917 6939
19038 17472
19038 21240
19038 24167
19059 454
19059 720
19059 3657
19059 4140
19059 4388
19059 4458
19059 6747
19059 6756
19059 6988
19059 7033
19059 7040
19059 8939
19059 14888
19059 20904
19059 21634
19059 21786
19059 24526
19087 5152
19087 5498
19087 5969
19087 9842
19087 10821
19087 11469
19087 22708
19087 22869
19105 6831
19105 19616
19138 451
19138 3168
19138 5043
19138 6993
19165 5435
19172 3507
19172 14806
19177 814
19293 545
19328 1901
19328 4339
19328 7498
19328 11881
19328 15229
19328 20871
19379 7068
19421 7026
19421 11313
19426 6868
19426 6937
19426 8321
19426 16877
19426 23904
19437 15594
19438 1899
19438 4355
19438 7026
19438 7105
19438 11657
19438 16336
19440 6872
19454 231
19454 2263
19454 2622
19469 545
19469 24442
19577 24288
19685 1971
19685 3098
19698 7099
19730 2769
19730 6850
19730 11840
19730 17475
19742 1221
19827 1215
19827 2938
19827 3245
19827 5325
19827 6322
19827 6857
19827 21110
19827 24599
19870 1258
19870 1899
19870 4242
19870 6151
19870 6369
19870 6980
19870 7410
19870 12394
19871 1934
19871 2053
19871 4143
19871 6903
19901 213
19901 751
19901 1369
19901 1391
19901 1532
19901 2361
19901 3575
19901 4683
19901 5274
19901 5435
19901 6598
19901 6756
19901 6927
19901 7062
19901 7096
19901 7104
19901 7202
19915 3921
19915 12900
19915 19087
19915 20422
19938 7025
19938 20778
19938 24516
20058 6958
20242 3657
20242 14888
20285 6747
20285 12874
20285 24499
20355 503
20355 1383
20355 2036
20355 3049
20355 3921
20355 5043
20355 5530
20355 6124
20355 6820
20355 6827
20355 6836
20355 6872
20355 6888
20355 6934
20355 6956
20355 6975
20355 6977
20355 11819
20355 12894
20355 16998
20355 19440
20355 21739
20355 23223
20355 23782
20399 8995
20422 6429
20435 2443
20512 2215
20512 2263
20512 2361
20512 5409
20512 6481
20512 6972
20512 7003
20512 7029
20512 7042
20512 7045
20512 7071
20512 19454
20512 24665
20517 23085
20684 5120
20740 17472
20812 2352
20812 4150
20817 1141
20817 2938
20817 6808
20817 6936
20817 7096
20817 12720
20817 24397
20871 19730
20883 1369
20883 4143
20883 6638
20883 6761
20883 18689
20884 17342
20886 6827
20892 213
20892 20292
20898 7032
20904 3921
20907 5539
20907 6638
20907 8996
20907 22882
21020 6747
21079 6815
21079 20893
21089 3207
21089 5498
21110 1692
21110 2938
21110 3777
21110 6335
21110 6729
21110 6862
21110 9842
21110 13003
21177 11657
21194 6121
21240 6815
21240 13518
21356 5604
21394 2134
21394 4795
21394 21690
21699 3018
21699 3113
21699 3452
21699 3817
21699 3824
21699 4920
21699 5498
21699 5841
21699 5881
21699 6151
21699 6186
21699 6813
21699 6816
21699 6824
21699 6827
21699 6828
21699 6833
21699 6835
21699 6881
21699 6890
21699 6975
21699 7003
21699 7026
21699 7042
21699 7068
21699 7096
21699 7098
21699 13191
21699 14232
21699 18169
21699 20292
21699 20874
21786 2938
21786 3301
21786 6100
21786 6638
21786 9239
21786 11929
21786 16998
21800 934
21800 5969
21800 6924
21813 9911
21872 6887
21872 6933
21876 6457
21876 22283
21876 23904
21878 4449
21954 230
21954 5632
21954 6417
21954 6838
21954 6961
21954 11313
21954 11929
21954 13003
21954 17675
21954 19159
21954 20355
21954 23605
22134 606
22134 934
22134 1258
22134 1899
22134 2794
22134 4308
22134 4331
22134 13684
22134 13786
22134 16998
22145 6666
22145 21089
22276 503
22276 642
22276 6549
22276 6773
22276 6892
22276 17068
22276 19426
22283 1573
22283 6909
22341 213
22341 519
22341 6694
22341 6893
22341 11599
22341 11840
22341 12774
22341 16504
22341 19140
22341 20871
22341 22513
22341 24684
22412 166
22412 5717
22412 6902
22412 24250
22513 1221
22513 6074
22513 14414
22513 19866
22598 373
22598 3219
22598 6827
22598 6936
22598 8321
22598 24333
22708 6666
22708 8623
22708 16998
22708 21584
22882 2872
22882 3301
22882 6744
22882 6864
22882 11599
22882 24409
23130 7035
23298 1887
23298 14387
23298 23912
23348 1403
23348 1913
23348 3452
23348 3817
23348 4143
23348 6054
23348 6437
23348 6972
23348 6974
23348 7043
23348 8321
23348 14387
23348 18602
23348 19087
23348 23605
23348 24226
23360 3551
23473 2864
23605 24226
23711 3452
23782 260
23846 18291
23927 351
23927 1658
23927 4208
24033 1403
24033 3528
24033 4215
24033 4965
24033 6856
24033 6996
24033 7038
24033 7074
24033 7076
24033 14387
24033 17472
24033 20907
24088 9057
24108 714
24133 3168
24133 4113
24142 5310
24167 4682
24167 16591
24174 5279
24206 1913
24206 1987
24206 4683
24206 6899
24220 6927
24224 4685
24224 6946
24224 7053
24224 7060
24226 1116
24226 1411
24226 2015
24226 2463
24226 2633
24226 2938
24226 3551
24226 6538
24226 6773
24226 6892
24226 6923
24226 7005
24226 9025
24226 23795
24250 1215
24250 3921
24250 6457
24250 7510
24250 11313
24250 11698
24250 16998
24250 24588
24252 992
24252 2197
24252 2467
24252 2611
24252 3018
24252 3219
24252 3452
24252 4143
24252 5616
24252 6824
24252 6840
24252 6871
24252 9911
24252 20422
24252 23500
24252 23904
24259 6666
24259 9177
24259 22708
24266 7510
24276 6241
24333 7874
24392 2339
24392 6124
24393 255
24393 6799
24393 7026
24393 8984
24393 15447
24401 11149
24405 13379
24409 4271
24409 5717
24409 7064
24409 24478
24421 2184
24442 5411
24442 11881
24442 24033
24448 6783
24451 22905
24452 6973
24452 24531
24460 503
24460 1441
24460 1661
24460 3018
24460 6779
24460 6857
24460 6917
24460 20893
24463 7032
24474 1441
24474 2416
24478 6816
24492 2769
24518 6666
24518 6822
24531 6896
24568 1369
24568 5120
24568 8042
24579 1887
24579 6944
24588 16
24588 13059
24588 22283
24591 503
24671 5279
24671 6027
24671 19999
24682 6764
24682 19866
24695 5604
24707 6616
24707 6666
24710 287
24710 5867
24710 5960
24710 6694
24710 6814
24710 6844
24710 20512
24728 6602
24737 2831
0 726
0 6961
0 14595
1 6285
1 8995
20 231
20 255
20 24286
21 287
21 794
21 866
21 1585
21 3760
21 6210
21 6478
21 6651
21 7026
21 7170
21 7197
21 7204
21 7304
21 7386
21 12375
21 12429
21 15814
21 21699
44 15940
44 17097
54 519
115 671
115 683
115 2387
115 2591
115 3145
115 3946
115 4343
115 6652
115 6957
115 6961
115 7313
115 11861
115 16976
115 19426
115 19683
115 21876
115 22708
121 3172
122 6124
155 22708
198 8921
212 6074
212 6369
212 15450
212 19438
213 833
213 1658
213 2831
213 19730
215 7361
215 12588
223 2819
230 8049
230 22217
231 2361
231 5969
231 6957
231 16976
252 255
252 7024
255 54
255 117
255 503
255 519
255 1221
255 1632
255 2591
255 3172
255 4343
255 4455
255 5079
255 5446
255 5606
255 6917
255 7211
255 7228
255 7284
255 7314
255 7874
255 11405
255 12106
255 12894
255 13181
255 14189
255 18619
255 19871
255 21786
255 21881
255 22208
255 24191
255 24224
260 503
269 7348
287 968
287 7093
287 7118
287 7212
287 7228
287 7270
287 7380
287 11722
287 11861
287 13118
309 3172
309 7391
320 7304
344 6167
344 7228
348 596
348 7294
348 24275
405 3172
405 7198
412 642
412 3777
412 13459
454 1846
454 5660
454 6811
454 18619
465 11698
465 12894
465 17058
503 0
503 4967
503 6747
503 7179
503 7258
503 7266
503 7333
503 8921
503 19087
525 383
540 804
540 3231
540 21699
572 3145
572 3172
572 4242
572 6640
572 19901
593 7271
596 0
596 1913
596 2361
596 3172
596 3869
596 3938
596 5079
596 5421
596 5936
596 6124
596 6596
596 6773
596 6819
596 7181
596 7287
596 7292
596 7297
596 7390
596 10811
596 13323
596 14055
596 17068
597 9005
601 753
601 764
601 2818
601 2819
601 5435
601 5677
601 5969
601 6478
601 6917
601 7157
601 7231
601 7233
601 7278
601 9011
601 13383
601 13786
601 14861
601 16900
601 24568
606 24393
608 2134
610 7135
610 7197
613 5519
623 608
623 5730
623 6996
623 7249
623 8444
626 2931
640 2257
640 7410
642 613
642 947
642 1520
642 2036
642 3388
642 3483
642 3528
642 4255
642 4343
642 6074
642 6333
642 6773
642 7110
642 7125
642 7135
642 7136
642 7141
642 7151
642 7159
642 7162
642 7181
642 7209
642 7216
642 7225
642 7228
642 7229
642 7234
642 7235
642 7246
642 7264
642 7287
642 7290
642 7294
642 7297
642 7300
642 7362
642 7368
642 7373
642 7394
642 8638
642 11698
642 12123
642 12135
642 12429
642 18449
642 20242
642 23943
643 3145
643 6961
662 5429
702 13067
702 18465
702 18602
726 1312
726 1951
726 2048
726 3428
726 4255
726 4343
726 4926
726 4967
726 6596
726 6921
726 9177
726 13027
737 7024
764 4215
782 6074
782 12473
782 19554
794 7284
794 14920
810 90
820 15024
830 230
830 498
830 833
830 6478
830 7305
833 20242
866 503
866 3172
866 7170
876 6167
895 7271
903 4653
906 1063
906 7374
917 7214
929 1899
929 6747
934 2197
934 4242
934 8984
934 11657
934 16388
934 19438
946 1899
946 2491
947 1692
947 5960
947 7021
947 12044
947 14387
947 18689
988 4455
996 5703
996 11460
1013 1913
1013 8984
1015 2425
1018 2794
1018 7370
1031 7370
1063 2070
1063 6103
1063 6113
1096 7341
1105 287
1105 1842
1105 1846
1105 1899
1105 3172
1105 4343
1105 5435
1105 5677
1105 6478
1105 7199
1105 7200
1105 7201
1105 7207
1105 7210
1105 7233
1105 7269
1105 7271
1105 7297
1105 7308
1105 7370
1105 7372
1105 7387
1105 8996
1105 10006
1105 11722
1105 11881
1105 18169
1105 20893
1105 24717
1109 503
1116 7198
1116 24033
1137 115
1137 866
1137 3657
1137 4154
1137 4237
1137 4785
1137 5265
1137 5299
1137 5579
1137 7118
1137 8995
1137 20550
1140 1312
1140 1323
1140 7203
1140 12135
1141 929
1141 3777
1141 5769
1158 4055
1158 6747
1158 7341
1173 503
1190 14905
1194 12429
1214 4242
1221 1846
1221 4160
1221 4343
1221 7249
1221 7292
1221 9551
1230 7228
1235 7162
1244 503
1244 4343
1244 7292
1244 13574
1244 23933
1270 3172
1312 7163
1317 2831
1318 6819
1323 21786
1384 34
1384 7220
1392 1632
1392 1639
1392 3452
1399 5663
1403 626
1403 3938
1403 4526
1403 5489
1403 7298
1403 7314
1403 7332
1403 7371
1403 7381
1404 22204
1407 4721
1407 18869
1411 623
1411 7249
1430 1907
1430 2591
1430 2611
1430 3255
1430 4076
1430 4685
1430 5177
1430 5178
1430 6247
1430 6478
1430 6996
1430 7185
1430 7204
1430 7239
1430 8321
1430 9842
1430 17058
1430 18242
1431 3705
1439 5677
1486 20
1495 1015
1495 7215
1504 5946
1520 4242
1520 13969
1520 16348
1520 16976
1520 24226
1538 7112
1538 7341
1551 3705
1551 19059
1569 6489
1581 1658
1581 4076
1581 4242
1581 5178
1581 6747
1581 13786
1582 7382
1582 12106
1585 1951
1585 3760
1632 213
1632 1658
1632 3452
1632 6961
1632 7074
1632 7257
1632 21881
1632 24250
1633 7325
1658 20
1658 1846
1658 1939
1658 2713
1658 4242
1658 5435
1658 6818
1658 7235
1658 7380
1658 13518
1658 21800
1658 24313
1667 601
1667 1221
1667 6136
1667 18602
1692 1063
1692 4160
1692 4685
1692 5887
1692 7215
1692 12044
1734 5572
1734 7228
1734 19866
1740 188
1740 349
1740 1105
1740 1264
1740 1658
1740 3203
1740 4872
1740 5600
1740 7224
1740 7261
1740 7402
1740 7407
1740 8996
1740 9005
1740 11130
1740 11313
1740 13196
1740 15940
1740 17097
1740 21800
1740 24313
1741 5892
1780 2487
1780 3667
1780 5409
1780 13067
1780 14267
1780 15623
1780 18917
1788 4946
1842 13181
1846 570
1846 608
1846 662
1846 866
1846 1913
1846 1934
1846 2361
1846 3388
1846 4021
1846 5409
1846 5660
1846 7225
1846 7304
1846 7394
1846 7874
1846 15024
1846 15623
1846 18917
1846 19087
1846 23085
1861 115
1861 1665
1861 3420
1861 12588
1861 17058
1861 24226
1867 1951
1867 2931
1887 16018
1899 1013
1899 3172
1899 3231
1899 11460
1899 11569
1899 17050
1899 21899
1901 1015
1901 18917
1913 9177
1913 21881
1913 23933
1921 5489
1944 2831
1944 4242
1951 20
1951 2255
1951 3223
1951 3463
1951 3667
1951 3869
1951 5435
1951 6675
1951 7038
1951 7064
1951 7099
1951 7189
1951 7238
1951 7265
1951 7284
1951 7341
1951 7396
1951 10900
1951 11831
1951 17306
1951 22234
1951 23895
1951 24342
1951 24682
1959 2036
1959 14920
2027 7122
2036 2864
2036 7074
2036 7135
2036 7170
2048 6596
2048 7154
2053 115
2053 1934
2053 7224
2053 11698
2053 15688
2053 17276
2134 1504
2134 1520
2134 2424
2134 6417
2134 7166
2134 11936
2134 13003
2151 4160
2194 34
2194 4154
2194 5299
2194 5677
2194 7233
2194 7362
2197 351
2197 3049
2197 3145
2197 5946
2197 7191
2197 7395
2197 16388
2197 19087
2197 20817
2197 21739
2197 22708
2199 20550
2215 4160
2236 255
2236 14403
2239 115
2239 2819
2239 6103
2239 6478
2239 6819
2239 7117
2239 7292
2239 9461
2239 12044
2239 17675
2242 4926
2242 7180
2242 13191
2242 16843
2242 20512
2257 6084
2257 7410
2293 830
2293 21926
2309 7278
2343 1063
2343 7245
2349 7233
2361 320
2361 503
2361 3667
2361 3760
2361 4186
2361 7304
2361 7362
2361 7404
2361 13067
2361 19059
2384 4343
2384 8996
2384 9551
2384 10882
2387 3869
2387 5364
2387 6652
2392 5519
2392 7235
2392 12429
2411 188
2411 519
2411 601
2411 642
2411 19866
2416 3003
2416 3250
2416 5409
2416 5421
2416 12429
2425 18602
2433 7157
2433 9842
2442 7288
2442 22882
2484 7390
2487 613
2487 1015
2487 5409
2487 5538
2487 6652
2487 7123
2487 7125
2487 7225
2487 7284
2487 9305
2487 18917
2491 188
2491 14029
2497 2236
2497 2636
2497 4160
2497 5143
2497 5409
2499 3172
2499 13969
2583 5107
2583 8996
2591 260
2591 503
2591 642
2591 1015
2591 1312
2591 3172
2591 6621
2591 6936
2591 7270
2591 8921
2591 9029
2591 9239
2592 255
2592 2027
2592 5127
2592 5639
2592 6478
2592 7145
2592 7193
2592 7235
2592 7300
2592 8921
2592 9002
2592 12429
2592 18940
2592 19730
2592 20036
2592 21881
2592 23782
2622 1913
2622 7270
2622 12429
2629 4076
2629 4920
2629 7122
2629 7270
2629 19059
2633 4343
2633 7281
2636 5149
2699 6489
2713 14806
2736 7349
2748 3736
2748 6936
2797 4572
2811 7263
2818 1015
2819 4920
2819 19901
2831 1221
2831 1632
2831 3172
2831 5946
2831 6907
2831 7255
2831 9164
2831 11657
2831 24246
2864 3957
2864 7349
2864 9177
2872 7215
2872 23943
2875 13969
2875 18056
2906 3620
2906 13099
2918 7313
2931 7874
2931 20726
2934 14309
2961 18465
2984 23782
2998 1899
3018 6652
3018 7307
3018 16608
3019 3388
3019 7073
3019 7228
3019 20550
3049 6176
3055 5542
3078 255
3084 9177
3113 212
3113 3869
3113 18242
3130 24568
3143 7228
3145 6961
3162 24463
3172 20
3172 503
3172 1015
3172 1632
3172 2197
3172 3452
3172 4242
3172 4343
3172 6478
3172 6961
3172 7115
3172 7137
3172 7290
3172 7303
3172 7393
3172 8540
3172 8996
3172 12135
3172 13459
3172 13786
3172 16388
3172 17058
3172 17349
3172 19059
3172 23711
3172 24250
3173 9177
3203 1015
3203 4872
3203 18917
3227 115
3227 2984
3227 4036
3227 20550
3231 503
3231 1015
3231 4526
3231 8921
3231 24250
3269 4801
3288 4149
3288 6666
3330 4343
3330 7258
3330 20883
3420 8996
3425 1846
3425 3388
3425 7125
3428 121
3428 866
3428 2412
3428 3172
3452 2255
3452 5969
3452 6596
3452 6961
3452 20355
3452 23943
3452 24033
3528 4920
3551 2421
3570 11313
3609 11722
3609 17050
3609 18056
3609 20517
3620 7166
3620 7167
3629 3777
3657 1887
3657 6737
3657 9960
3657 14835
3657 18056
3657 20285
3657 24728
3667 4242
3667 17675
3705 9239
3708 5887
3709 9029
3729 18602
3736 7152
3756 19865
3757 3153
3757 6478
3757 7205
3757 18619
3757 24226
3760 3629
3760 7124
3760 7140
3777 3484
3777 6996
3777 9025
3843 4928
3843 6285
3843 8996
3921 7258
3935 1015
3957 9177
3986 1907
3987 7211
3987 13969
4029 2242
4051 6907
4113 11722
4160 22598
4183 4829
4183 5583
4183 9030
4186 3055
4186 20883
4237 6811
4237 7166
4237 18602
4242 20
4242 349
4242 503
4242 858
4242 992
4242 1676
4242 1899
4242 1913
4242 2199
4242 3469
4242 4343
4242 4572
4242 5176
4242 5299
4242 6009
4242 6074
4242 6285
4242 6640
4242 6747
4242 7055
4242 7126
4242 7150
4242 7155
4242 7166
4242 7167
4242 7170
4242 7176
4242 7177
4242 7181
4242 7219
4242 7233
4242 7239
4242 7257
4242 7261
4242 7284
4242 7294
4242 7298
4242 7326
4242 7343
4242 7346
4242 7362
4242 7363
4242 7366
4242 7387
4242 8638
4242 9005
4242 11722
4242 16388
4242 17097
4242 17276
4242 17675
4242 19059
4242 24313
4242 24657
4255 671
4255 1015
4255 6478
4255 7167
4280 20817
4282 7393
4331 1934
4331 2713
4331 4785
4331 5364
4331 7197
4331 7228
4331 9551
4331 11657
4331 18917
4331 19730
4343 287
4343 503
4343 2831
4343 6966
4343 7114
4343 7293
4343 7368
4343 13181
4343 14401
4343 14805
4343 14920
4343 17071
4343 19865
4343 20550
4343 24226
4343 24351
4353 9025
4353 21883
4385 21817
4406 7334
4407 17058
4440 2255
4440 2324
4440 3172
4440 3231
4440 4160
4440 6937
4440 7194
4440 18602
4440 20355
4450 5519
4450 7785
4459 4160
4459 4440
4459 7227
4459 8107
4557 2072
4601 5178
4679 4926
4679 7343
4679 17801
4685 255
4685 1582
4685 2255
4685 4885
4685 7351
4685 14601
4685 18401
4704 804
4721 13969
4781 6936
4781 7125
4802 7026
4822 9551
4829 4700
4829 6478
4829 7127
4829 19426
4829 21817
4876 19866
4885 7265
4888 8996
4920 630
4920 2207
4920 2591
4920 3255
4920 4343
4920 5644
4920 6213
4920 6960
4920 7148
4920 7185
4920 7212
4920 7270
4920 7324
4920 7329
4920 7380
4920 7382
4920 7393
4920 8321
4920 12106
4920 19059
4920 21926
4920 24695
4926 2036
4926 6921
4926 7110
4926 7180
4926 7181
4926 7327
4926 11607
4926 13270
4928 230
4928 606
4928 7370
4928 16998
4928 20893
4946 6666
4952 255
4952 2255
4952 6401
4952 6596
4952 7144
5052 4343
5052 7293
5079 13337
5087 4160
5096 115
5127 503
5127 1944
5127 24226
5143 3172
5143 13786
5143 17675
5152 2236
5152 2497
5152 4331
5152 7252
5152 8996
5152 9842
5152 18917
5152 20355
5160 22089
5176 9005
5178 287
5178 642
5178 1388
5178 1899
5178 2629
5178 2819
5178 3561
5178 4242
5178 4920
5178 6478
5178 6747
5178 6960
5178 7098
5178 7197
5178 7277
5178 7382
5178 8996
5178 12012
5178 13786
5178 19059
5178 19498
5178 21926
5189 21
5189 1015
5189 4051
5261 4888
5261 7157
5274 503
5274 1015
5274 1899
5274 7292
5274 9025
5284 1899
5284 2794
5284 7370
5304 2831
5311 3777
5311 4343
5311 6241
5311 6883
5311 24710
5325 2592
5325 10900
5325 13459
5325 20242
5325 24409
5329 4242
5329 6090
5329 6999
5329 7155
5329 7197
5329 7233
5329 7309
5329 7360
5329 13518
5329 16976
5345 2361
5345 4343
5408 16076
5409 503
5409 3172
5409 4021
5409 6489
5409 9305
5409 14387
5411 1951
5411 7026
5411 7235
5411 11722
5411 19426
5411 19866
5411 20355
5421 9177
5429 601
5429 1141
5429 7198
5429 18602
5429 18689
5435 6033
5435 11819
5435 13383
5435 24710
5485 2819
5485 4920
5489 188
5489 287
5489 441
5489 1585
5489 1951
5489 4255
5489 5147
5489 8540
5489 15360
5489 24515
5504 1015
5504 18602
5519 454
5519 610
5519 2036
5519 3231
5519 5660
5519 6478
5519 6596
5519 7073
5519 7125
5519 7197
5519 7204
5519 7208
5519 7225
5519 7257
5519 7374
5519 7410
5519 12949
5519 14267
5519 17216
5519 17675
5536 5887
5579 19059
5599 2484
5600 13969
5600 21800
5632 11840
5639 6765
5639 13786
5644 7393
5644 22598
5645 4154
5645 7150
5651 1907
5658 7162
5660 8995
5677 642
5677 2361
5677 4343
5677 5079
5677 5489
5677 6074
5677 6883
5677 7166
5677 7231
5677 12949
5677 13786
5677 19355
5677 24247
5730 11936
5745 18056
5745 19871
5753 4700
5753 18602
5762 7233
5762 19554
5769 7121
5795 961
5795 1580
5795 9535
5795 9567
5829 19961
5887 1003
5887 5892
5887 19105
5892 34
5892 24033
5902 7252
5946 503
5946 1780
5946 2487
5946 4450
5946 5660
5946 5677
5946 5892
5946 6176
5946 6241
5946 6832
5946 7159
5946 7292
5946 10811
5946 13067
5946 19087
5946 20292
5946 24393
5946 24463
5969 1913
5969 6175
5969 12135
5969 24033
5969 24518
6009 7239
6009 7313
6033 4343
6033 6666
6047 6883
6047 7136
6049 3172
6054 19087
6054 24033
6069 22598
6074 9025
6074 21954
6074 24156
6095 866
6095 3657
6095 7149
6095 7173
6095 7197
6095 8995
6095 12429
6095 17675
6113 1015
6113 2961
6124 4653
6124 4885
6124 7110
6124 7119
6124 7648
6124 8540
6125 6351
6125 7380
6167 1899
6182 7144
6201 5176
6210 7195
6210 12429
6210 17068
6218 9239
6224 7024
6232 2819
6232 5510
6247 5178
6247 6240
6247 6747
6247 7382
6277 7269
6278 2633
6278 7122
6278 7179
6285 21800
6290 7265
6290 7297
6290 7368
6310 7117
6312 7350
6312 7381
6312 18602
6373 7270
6373 7378
6385 6917
6385 21240
6442 7140
6469 1585
6478 287
6478 1015
6478 5489
6478 7267
6478 9511
6478 12106
6478 12646
6478 13184
6483 7026
6489 8995
6497 6651
6497 7140
6527 6100
6528 6218
6535 1015
6557 20
6557 1951
6557 3172
6557 5411
6557 5435
6557 7203
6557 7235
6557 7281
6557 12135
6557 12646
6557 16336
6557 16998
6557 17276
6557 24033
6598 1105
6598 7279
6598 7317
6651 3172
6652 7228
6652 7235
6652 8996
6660 13181
6666 503
6666 3428
6666 3452
6666 4343
6666 7170
6666 7196
6666 7223
6666 7243
6666 7289
6666 7369
6666 10253
6666 19138
6666 21584
6666 21699
6666 21926
6687 5946
6687 7362
6736 7292
6747 6917
6747 7199
6747 14888
6747 23711
6769 1015
6769 1934
6769 7203
6769 7222
6769 19685
6780 117
6780 519
6780 2361
6780 3667
6780 5079
6780 6437
6780 6478
6780 6923
6780 7278
6780 7293
6780 7648
6780 12429
6780 19730
6780 24579
6845 4237
6852 7194
6874 7281
6879 1388
6907 255
6907 1861
6907 6966
6907 6996
6907 7159
6907 7287
6907 19181
6907 24226
6917 2197
6917 7325
6917 18472
6934 19426
6936 7228
6955 61
6955 2304
6955 9461
6955 16608
6960 1015
6960 21356
6961 671
6961 2433
6961 3986
6961 7045
6961 7081
6961 7110
6961 7157
6961 7179
6961 7182
6961 7266
6961 12900
6961 13067
6961 13684
6961 19426
6961 20721
6966 7182
6966 14221
6975 4343
6978 21708
6985 17301
6989 14713
6999 5107
7038 5079
7038 6124
7038 7110
7038 7122
7038 22646
7045 255
7045 4343
7045 7357
7081 6481
7081 7194
7081 17071
7084 22276
7109 6243
7112 18619
7114 7131
7117 24226
7119 255
7121 19915
7123 24588
7128 8996
7136 24250
7138 10836
7139 12900
7140 7276
7143 3729
7147 6932
7149 3657
7151 9239
7152 378
7154 19355
7155 15688
7158 6195
7160 4979
7162 14920
7163 21089
7164 7157
7165 23348
7167 19938
7168 6966
7174 22882
7186 24682
7192 14469
7192 17291
7192 23782
7196 23912
7198 22708
7202 9842
7210 7207
7211 12834
7215 18689
7215 20883
7218 2669
7219 137
7219 5858
7219 7178
7219 8199
7220 13027
7224 21240
7225 19156
7230 212
7230 10253
7232 9567
7233 7240
7234 6333
7236 19428
7237 3172
7239 503
7242 6283
7251 2728
7252 15698
7258 1015
7258 1312
7258 9029
7258 19883
7265 6124
7265 24033
7270 7371
7270 22214
7272 275
7273 7261
7274 6932
7278 24252
7282 9177
7283 5887
7283 15940
7284 804
7284 3219
7284 6351
7284 6747
7284 7218
7284 7309
7284 8996
7284 11607
7284 21699
7284 23711
7284 24342
7284 24579
7293 24306
7295 20355
7297 7301
7297 24275
7302 9177
7304 5446
7305 13184
7309 16976
7310 12375
7311 12855
7311 24033
7313 16976
7316 24579
7319 3206
7327 18619
7328 1015
7330 1015
7331 23548
7334 22217
7335 23248
7340 7337
7343 19901
7344 7353
7345 7293
7349 7369
7349 7778
7351 503
7359 2184
7364 7362
7365 11313
7365 18693
7367 13181
7368 24224
7370 18764
7375 3051
7376 11647
7377 2636
7397 2819
7403 20512
7408 14403
7410 1431
7410 6236
7499 1846
7499 7132
7648 115
7648 671
7648 1734
7648 3172
7648 3890
7648 6936
7648 7134
7648 7228
7648 7233
7648 8996
7648 12646
7778 5498
7778 6921
7778 7129
7778 7284
7778 23473
7785 763
7874 3172
7874 17333
7940 16900
8102 231
8102 2831
8102 4160
8102 6979
8102 7026
8127 642
8127 6961
8127 7184
8199 4952
8199 7178
8633 1015
8820 7410
8921 13459
8921 21881
8975 5542
8984 2056
8984 2794
8984 4589
8984 5364
8984 14189
8984 19871
8984 24570
8993 115
8993 3172
8995 3657
8995 4274
8995 13181
8995 18602
8995 19730
8996 230
8996 2633
8996 2713
8996 2819
8996 3765
8996 4343
8996 5299
8996 5600
8996 7118
8996 7150
8996 7167
8996 7300
8996 7317
8996 7407
8996 8993
8996 9025
8996 9239
8996 11657
8996 11700
8996 11722
8996 13118
8996 13184
8996 13786
8996 14888
8996 17675
8996 23711
8996 24710
9002 24252
9011 390
9011 2713
9011 5651
9011 7186
9011 7306
9011 14029
9011 17276
9025 115
9025 349
9025 1585
9025 1861
9025 2558
9025 2997
9025 4242
9025 4343
9025 4785
9025 5745
9025 6236
9025 6957
9025 6966
9025 7225
9025 7240
9025 7281
9025 7284
9025 7309
9025 7323
9025 7326
9025 13181
9025 16976
9025 20512
9025 22469
9025 24682
9030 21817
9177 255
9177 503
9177 626
9177 1190
9177 2831
9177 3729
9177 3869
9177 4526
9177 5364
9177 6497
9177 7045
9177 7114
9177 7140
9177 7157
9177 7159
9177 7179
9177 7205
9177 7209
9177 7225
9177 7295
9177 7323
9177 7333
9177 7344
9177 7350
9177 7390
9177 7874
9177 12135
9177 12429
9177 14224
9177 14905
9177 21881
9177 22075
9177 24275
9177 24518
9239 764
9239 934
9239 1632
9239 1658
9239 3777
9239 4685
9239 4721
9239 7150
9239 7406
9239 14189
9239 15940
9239 17276
9239 18440
9239 18619
9239 18917
9239 24033
9367 5660
9461 642
9553 4920
9553 6506
9724 24393
9842 866
9842 3018
9842 3172
9842 4343
9842 14806
9842 15360
9911 20355
10121 3388
10121 6489
10566 9239
10811 662
10811 726
10811 4255
10811 5079
10811 5536
10811 6124
10811 6175
10811 6979
10811 7157
10811 7209
10811 12429
10811 18465
10811 24393
10862 11313
10900 13184
11076 1031
11076 7252
11157 596
11157 968
11157 14224
11157 22276
11157 24463
11313 5538
11313 19730
11313 24108
11460 1221
11460 4663
11460 7233
11579 946
11579 6478
11657 572
11657 3172
11657 5600
11657 7037
11657 7224
11657 7228
11687 22598
11698 866
11698 9842
11700 3172
11700 7337
11700 23921
11715 1934
11722 7252
11779 20
11779 287
11779 503
11779 1934
11779 2611
11779 3231
11779 3528
11779 3729
11779 4455
11779 5079
11779 6034
11779 6226
11779 6773
11779 7194
11779 7195
11779 7258
11779 7299
11779 7344
11779 7353
11779 8921
11779 9177
11779 12429
11779 13027
11779 14224
11779 19087
11779 22075
11819 2024
11819 3018
11819 7117
11819 7207
11840 3609
11840 4160
11840 7225
11840 9461
11861 4343
11872 1665
11872 7365
11899 1015
11899 4160
11899 5946
11967 3172
12012 7293
12078 19498
12106 23921
12135 212
12135 626
12135 1013
12135 1116
12135 1951
12135 2413
12135 2611
12135 3173
12135 3288
12135 3528
12135 6208
12135 6333
12135 7084
12135 7194
12135 7234
12135 7295
12135 7321
12135 7332
12135 13574
12135 18242
12135 18449
12209 4343
12209 18917
12375 503
12411 3777
12429 6124
12539 1105
12539 1221
12634 570
12634 1846
12670 4731
12670 7106
12774 13343
12855 19421
12870 7132
12870 13786
12870 16047
12870 19730
12874 7115
12874 18869
12874 24531
12878 17276
12900 1846
12900 4160
12900 4242
12900 5421
12900 5600
12900 8996
12977 7410
13027 5606
13027 5892
13027 7215
13027 7314
13065 2024
13066 7313
13066 8540
13155 4967
13181 519
13181 5538
13181 7225
13181 7263
13181 7391
13181 13343
13181 17675
13181 24579
13184 1951
13184 4920
13184 5489
13184 7216
13184 7344
13184 19059
13196 1676
13196 2984
13211 8996
13308 6651
13308 7178
13337 3874
13337 7292
13337 7378
13337 20721
13337 24033
13343 3736
13343 8993
13343 17349
13343 24033
13343 24531
13355 9239
13370 9177
13383 255
13383 4700
13383 5892
13406 4926
13406 7180
13406 7223
13406 14920
13608 2713
13662 7320
13684 2591
13684 4208
13684 4343
13684 5435
13684 5892
13684 7224
13684 7239
13684 7326
13694 7252
13736 4555
13786 1221
13786 1846
13786 3935
13786 4242
13786 4343
13786 6124
13786 6167
13786 7181
13786 7201
13786 7212
13786 7351
13786 7360
13786 7370
13786 7391
13786 13118
13786 14147
13786 14805
13786 16900
13786 18293
13786 19438
13786 20817
13786 23707
13786 24169
13786 24679
13969 4343
13969 4685
13969 7211
13969 7235
13969 7248
13969 7263
13969 7403
13969 14195
13969 15698
13969 16976
13969 18056
13969 20242
13969 20726
14029 2053
14029 6838
14029 7370
14054 6478
14054 7237
14094 7212
14142 1846
14195 5600
14211 4021
14224 503
14224 5411
14355 6528
14355 6747
14355 7410
14361 12044
14361 23943
14387 3172
14387 7228
14387 11607
14387 17058
14414 17675
14469 8993
14469 23782
14507 5887
14601 18401
14805 0
14805 6103
14805 6832
14806 503
14807 7362
14835 16900
14888 1105
14888 7372
14905 2425
14920 186
14920 255
14920 1015
14920 1585
14920 2022
14920 2484
14920 2611
14920 3168
14920 3528
14920 5677
14920 6747
14920 6869
14920 6936
14920 7127
14920 7223
14920 7270
14920 7337
14920 7343
14920 17675
14920 18917
14920 19059
15024 2961
15024 18465
15057 1944
15057 7117
15161 7228
15181 13684
15193 5964
15229 454
15229 642
15229 1846
15229 5660
15229 5946
15229 6780
15229 8107
15229 8540
15229 15251
15229 16504
15229 20817
15251 830
15251 7253
15259 1520
15259 7263
15259 13181
15259 15698
15277 17050
15309 7157
15332 4104
15447 503
15447 866
15447 3708
15447 5489
15447 10900
15447 21422
15447 23933
15688 349
15688 1899
15688 4361
15688 5079
15688 7229
15688 7239
15688 11722
15688 15251
15698 5902
15698 7263
15814 3172
15814 6651
16018 5265
16018 5632
16018 6167
16087 1015
16087 6621
16186 820
16186 6182
16186 7073
16186 15024
16306 13459
16306 20355
16323 1392
16323 1913
16323 2416
16323 6640
16323 7286
16323 24322
16348 24033
16388 0
16548 1214
16581 642
16581 4242
16581 24226
16591 13102
16609 7261
16843 782
16859 764
16859 6232
16859 11313
16884 17675
17013 188
17058 0
17058 503
17058 1899
17058 6651
17058 9842
17058 14361
17071 642
17071 7206
17216 21913
17290 751
17290 4299
17290 7037
17290 11657
17290 20355
17293 3172
17299 4242
17299 6218
17301 6627
17338 596
17475 2462
17475 18689
17576 7224
17675 255
17675 503
17675 601
17675 608
17675 1015
17675 1658
17675 1846
17675 4274
17675 4455
17675 5079
17675 5677
17675 6966
17675 7167
17675 7180
17675 7198
17675 7243
17675 7255
17675 7286
17675 7295
17675 7306
17675 7313
17675 9016
17675 12429
17675 13337
17675 18449
17732 9239
17749 19554
17801 3172
17801 22204
17809 5079
17840 9551
18056 7149
18056 8993
18056 20517
18169 1899
18169 5265
18293 7181
18401 992
18401 4653
18401 7314
18401 14453
18438 4721
18438 13969
18443 7410
18449 503
18449 545
18449 5257
18449 7195
18449 24252
18449 24707
18465 6530
18472 24385
18574 3113
18574 4920
18574 6879
18574 7190
18574 7320
18574 8041
18574 9842
18574 13786
18602 260
18602 968
18602 1015
18602 1504
18602 3483
18602 5446
18602 6811
18602 7073
18602 7225
18602 7292
18602 7348
18619 1585
18619 4785
18619 6033
18619 6124
18619 6747
18619 6819
18619 7159
18619 7270
18619 7337
18619 24226
18689 601
18689 1495
18689 2939
18689 3172
18689 4055
18689 5079
18689 5887
18689 12044
18689 13383
18689 18619
18689 21702
18764 7110
18764 7396
18822 7170
18855 1015
18855 7292
18855 18684
18917 22708
18940 503
18940 10811
18940 24393
19023 7197
19059 1851
19059 7150
19059 7197
19059 8107
19059 17675
19059 23711
19087 22204
19138 3223
19167 19866
19167 24393
19181 24224
19293 3172
19293 17675
19328 2024
19328 7149
19355 438
19355 2361
19355 2818
19355 6103
19355 7170
19355 7227
19355 8995
19355 12894
19355 16976
19379 4679
19379 7243
19421 1658
19421 7384
19421 13027
19424 386
19426 285
19426 2774
19426 3551
19426 5489
19426 7344
19426 10566
19426 12106
19438 115
19438 1015
19438 5127
19438 6009
19438 7370
19438 8921
19438 11715
19438 14189
19438 18940
19438 24033
19438 24252
19440 6780
19440 7024
19445 6917
19454 0
19454 6994
19454 7200
19454 9239
19480 20242
19498 12106
19498 18917
19498 23707
19644 2819
19683 6957
19683 7170
19683 22513
19685 22075
19698 4150
19698 12123
19730 3667
19730 4572
19730 5946
19730 5960
19730 7194
19730 7197
19730 7233
19730 13099
19730 15229
19730 18602
19730 24250
19802 11157
19802 12135
19827 4343
19827 14920
19827 21708
19865 1913
19870 6009
19871 642
19871 917
19871 14189
19901 1581
19901 1665
19901 3255
19901 3528
19901 3736
19901 5079
19901 5178
19901 6034
19901 6069
19901 6747
19901 6960
19901 7153
19901 7207
19901 7210
19901 7240
19901 7298
19901 7320
19901 8450
19901 12106
19901 19059
19901 20817
19901 20874
19901 22598
19901 24393
19915 601
19915 1846
19915 2134
19915 7313
19938 4242
19938 6090
20058 671
20061 524
20061 5519
20285 7255
20355 993
20355 2024
20355 2387
20355 2591
20355 5364
20355 7235
20355 7269
20355 7299
20355 16900
20422 4653
20512 934
20512 2255
20512 4343
20512 4537
20512 5538
20512 7179
20512 7308
20512 11698
20517 7255
20517 7372
20673 8921
20726 13181
20762 13003
20791 6074
20817 255
20817 630
20817 1658
20817 2819
20817 3528
20817 6747
20817 7190
20817 7270
20817 7380
20817 9842
20817 12135
20817 14920
20883 753
20883 6883
20883 24033
20884 24579
20892 7086
20897 7132
20907 1158
21089 5639
21089 6773
21089 12123
21177 5600
21177 17050
21177 24313
21213 1504
21213 2134
21213 4160
21240 2490
21240 4928
21240 6917
21240 17276
21240 20893
21300 5120
21323 22882
21323 24132
21356 2819
21356 6213
21699 260
21699 503
21699 2864
21699 3172
21699 3957
21699 4343
21699 4785
21699 4967
21699 5969
21699 6034
21699 6038
21699 6218
21699 6478
21699 6483
21699 6747
21699 7110
21699 7173
21699 7178
21699 7180
21699 7223
21699 7267
21699 7269
21699 7278
21699 7289
21699 7292
21699 7295
21699 7308
21699 7309
21699 7333
21699 7349
21699 8540
21699 13786
21699 14387
21699 14920
21699 15814
21699 17675
21699 17801
21699 19059
21699 21584
21699 24033
21699 24682
21739 3049
21739 6176
21786 673
21786 17639
21786 22469
21786 24252
21800 4242
21800 8996
21800 15688
21813 7114
21872 5804
21876 642
21878 34
21878 2831
21899 20817
21913 8107
21954 287
21954 671
21954 13181
22075 3172
22075 7337
22092 5697
22134 4801
22134 4928
22134 7410
22134 11722
22134 19438
22208 115
22208 5538
22283 5730
22341 14414
22341 16884
22410 6869
22513 1431
22513 4343
22513 4685
22513 5489
22513 6811
22513 7170
22513 7270
22513 7286
22513 17216
22592 12429
22592 24342
22598 115
22598 2819
22598 3172
22598 5178
22598 7380
22598 12106
22708 1141
22708 2236
22708 6124
22708 7197
22708 7309
22708 8996
22708 24226
22765 15623
22882 3399
22882 4055
22882 4343
22882 7288
22882 24159
23130 231
23130 1520
23272 287
23348 503
23348 642
23348 7247
23348 7270
23348 7368
23348 9842
23455 18869
23473 3957
23473 7349
23473 9177
23535 6947
23535 11657
23711 4685
23711 5677
23895 2255
23906 13270
23912 7191
23917 753
23921 7079
23921 7344
23921 24169
23927 16900
23933 6429
23933 7209
23943 3301
23943 17066
23946 934
24029 11157
24033 503
24033 2591
24033 3172
24033 3938
24033 4343
24033 7406
24132 2442
24132 6935
24132 21702
24133 2611
24133 5510
24133 19961
24167 1431
24206 2819
24206 7190
24206 24518
24224 5408
24224 6290
24224 7154
24226 671
24226 2831
24226 3231
24226 5364
24226 6226
24226 6312
24226 6979
24226 7124
24226 7256
24226 7321
24226 7323
24226 7381
24226 14905
24250 5421
24250 7293
24252 255
24252 2591
24252 2819
24252 4343
24252 4685
24252 5606
24252 6218
24252 6478
24252 7195
24252 7370
24252 7391
24252 14189
24252 24409
24286 4920
24286 23921
24351 804
24365 2207
24365 9842
24365 24695
24381 572
24393 309
24393 503
24393 1137
24393 3219
24393 6125
24393 14029
24393 24033
24393 24568
24404 7204
24409 115
24409 7204
24409 7391
24409 12429
24442 7199
24442 15623
24442 19866
24448 21881
24460 44
24460 1264
24460 2984
24460 4343
24460 8996
24472 17097
24474 4160
24492 7398
24492 11130
24531 6819
24555 17050
24562 2416
24562 18440
24568 3172
24570 18764
24588 2558
24588 3172
24588 13969
24591 6121
24591 7173
24657 3399
24671 390
24676 11313
24682 5969
24682 6385
24682 21240
24682 24385
24695 2819
24695 3172
24707 255
24707 1913
24707 5969
24707 6208
24710 866
24710 5143
24710 7180
24710 7207
24710 11130
