24740 7665
20 642
20 3113
20 7743
20 9239
21 935
21 3337
21 7759
43 19059
97 12063
155 3528
155 5946
155 6666
213 4343
213 5178
213 10603
213 11313
213 11960
213 12052
213 12058
213 12114
213 12154
213 14691
215 4343
223 929
223 1582
231 280
231 4769
231 5600
231 6735
231 8944
231 10000
231 11906
231 12220
231 12266
231 12281
231 12287
231 12299
231 13141
231 17675
231 19432
231 20783
252 9292
252 9853
252 11929
252 13141
252 14976
252 20892
252 24707
253 8935
255 1913
255 5677
255 5892
255 5946
255 8107
255 9177
255 12062
255 12163
255 12164
255 12900
255 20783
271 3292
271 6851
280 1741
280 12282
285 1312
285 6666
285 16591
287 20
287 4343
287 9957
287 10837
287 11357
287 11824
287 11913
287 12028
287 12241
287 12247
287 12252
287 13211
287 24692
309 11906
320 20
320 9239
320 10603
320 11999
335 3528
337 11715
343 12475
344 22745
348 11929
349 21240
386 1382
386 5152
386 6557
386 12015
386 18602
412 642
412 11920
412 12251
438 11378
438 12402
524 13191
524 14853
560 12122
560 14920
570 1632
596 642
596 10279
596 11814
596 12310
623 13969
630 4920
642 1001
642 1235
642 1369
642 1546
642 1639
642 1842
642 1846
642 2048
642 2158
642 2497
642 2845
642 3995
642 4242
642 4343
642 4450
642 4738
642 5010
642 5697
642 6124
642 6598
642 7266
642 7268
642 8655
642 8935
642 9239
642 9275
642 9862
642 9933
642 9957
642 10377
642 10410
642 10627
642 11043
642 11527
642 11660
642 11767
642 11814
642 11916
642 12013
642 12024
642 12037
642 12045
642 12065
642 12089
642 12093
642 12154
642 12163
642 12203
642 12277
642 12301
642 12331
642 12357
642 12463
642 12468
642 12498
642 12500
642 12501
642 12503
642 12789
642 13383
642 14387
642 14691
642 18602
642 19149
642 20355
642 24293
642 24385
642 24519
642 24692
642 24710
644 935
644 4280
644 4920
644 11378
644 11850
644 19685
662 5307
666 9020
701 287
701 1010
701 3292
701 4732
701 4903
701 5325
701 7642
701 8858
701 9853
701 9957
701 10279
701 11938
701 12028
701 12039
701 12281
701 12424
701 12442
701 22598
726 5604
745 9581
745 10522
776 833
776 1740
776 12013
782 6047
782 7960
782 9239
782 11765
782 12203
804 3921
804 4567
804 4920
804 6735
804 9057
804 10410
804 11048
804 12013
804 15594
804 19554
804 23782
804 24518
830 5115
830 5178
830 11899
830 11961
830 11982
830 12063
830 12161
830 12196
830 14414
830 14835
830 14853
830 16018
831 9957
833 6811
833 10410
833 12310
833 18602
858 8632
866 642
866 6247
866 12156
876 9057
876 12169
876 15729
876 15755
876 16018
876 19059
906 5834
906 9978
906 12122
929 213
929 1346
929 1582
929 2384
929 5178
929 8557
929 9025
929 12169
929 12371
929 12427
929 18034
935 4343
935 7851
935 8364
935 9232
935 11929
935 12123
935 12165
935 12377
935 18619
947 3055
947 7338
947 15406
976 6874
1013 1312
1013 2592
1013 8548
1013 9126
1013 9239
1013 9697
1013 11527
1013 12053
1013 12239
1013 12370
1013 12665
1013 12789
1013 14453
1013 24707
1018 11975
1018 12015
1018 12109
1018 15406
1050 20917
1096 8996
1105 271
1105 833
1105 1486
1105 2592
1105 4242
1105 5072
1105 7213
1105 7699
1105 8107
1105 8632
1105 12026
1105 12088
1105 12438
1105 12789
1105 13694
1105 14835
1105 22276
1105 22341
1116 0
1116 4029
1116 9140
1116 11082
1116 12048
1116 12201
1116 12302
1116 12345
1116 12388
1116 13406
1137 97
1137 1547
1137 2024
1137 3679
1137 5115
1137 5152
1137 7305
1137 7516
1137 7759
1137 8317
1137 9551
1137 10573
1137 11698
1137 12023
1137 12039
1137 14853
1137 15251
1140 16581
1153 5887
1158 12377
1158 12492
1197 6437
1204 13191
1215 642
1215 1547
1215 9275
1215 18602
1215 21881
1221 10136
1221 12370
1221 14691
1221 17675
1221 24710
1230 12109
1235 12152
1244 2158
1244 9293
1244 10837
1244 11522
1244 11929
1244 12164
1244 12241
1264 24555
1312 2592
1312 8935
1312 9978
1312 10811
1312 12053
1312 19871
1312 24409
1313 5892
1313 8421
1346 2384
1346 4343
1346 12063
1382 8321
1382 9573
1393 1538
1393 6937
1393 9297
1393 12260
1403 642
1403 12205
1407 4920
1407 7410
1430 1913
1430 5178
1430 5834
1430 6735
1430 11986
1430 12176
1430 12191
1430 12220
1430 19059
1430 19901
1441 11256
1486 19355
1495 285
1495 11929
1495 12260
1538 3607
1538 6937
1538 7924
1538 8996
1538 9109
1538 9140
1538 12078
1538 12097
1538 12302
1538 12305
1538 12326
1538 12327
1538 13141
1538 13608
1538 19177
1538 19432
1546 5115
1547 7
1547 4242
1547 5112
1547 7305
1547 8102
1547 9297
1547 10202
1547 12194
1547 13969
1547 16637
1547 19059
1547 21213
1547 21884
1547 24508
1581 19901
1582 5178
1582 6247
1582 7566
1582 12789
1582 17157
1582 18034
1621 285
1632 2158
1632 5769
1632 5892
1632 7648
1632 11885
1632 12171
1632 12393
1632 12503
1632 20512
1633 12001
1658 1740
1658 5107
1658 7213
1658 7648
1658 10156
1658 11313
1658 11951
1658 12088
1658 12158
1658 12486
1658 18940
1658 22513
1676 9256
1740 2352
1740 5345
1740 7682
1740 8598
1740 9256
1740 11048
1740 11765
1740 11978
1740 12058
1740 12088
1740 12110
1740 12115
1740 12304
1740 12373
1740 12420
1740 12450
1740 12670
1740 12789
1740 13518
1740 15406
1740 16613
1740 21240
1741 947
1741 4667
1741 5409
1741 5677
1741 6602
1741 8102
1741 8670
1741 9306
1741 10603
1741 11429
1741 12022
1741 14691
1741 18472
1741 24157
1784 7696
1788 10469
1788 11378
1842 4829
1842 5946
1842 13099
1846 194
1846 1221
1846 2609
1846 2733
1846 3055
1846 3172
1846 3667
1846 4450
1846 5946
1846 8184
1846 8858
1846 8935
1846 9025
1846 10429
1846 11166
1846 11814
1846 11916
1846 12024
1846 12342
1846 12487
1846 18602
1846 20355
1846 20892
1846 22765
1846 24692
1861 19059
1899 6995
1899 8993
1899 11579
1913 2184
1913 5115
1913 5834
1913 6598
1913 8421
1913 10522
1913 12037
1913 12110
1913 12122
1913 15309
1913 18602
1913 22651
1934 1312
1951 4055
1951 9957
1951 12135
1951 12386
1951 12398
1951 18602
2014 5887
2014 11843
2018 8995
2018 17675
2036 12442
2069 4154
2069 24492
2086 11874
2096 4242
2134 285
2134 1842
2134 2388
2134 8421
2134 9957
2134 11662
2134 11843
2134 12414
2134 13027
2134 13694
2134 14691
2134 18602
2134 24150
2134 24451
2148 5539
2158 2591
2158 12135
2158 22598
2194 1913
2194 2024
2194 2158
2194 2388
2194 2956
2194 3172
2194 3997
2194 4055
2194 4667
2194 5261
2194 5660
2194 5892
2194 8421
2194 8858
2194 10000
2194 10156
2194 10469
2194 10573
2194 10603
2194 11507
2194 11703
2194 11765
2194 11881
2194 11929
2194 11984
2194 12010
2194 12050
2194 12052
2194 12059
2194 12135
2194 14805
2194 19730
2194 20512
2194 21328
2194 23235
2197 253
2197 1846
2197 2036
2197 2487
2197 2997
2197 4683
2197 5946
2197 6247
2197 6735
2197 6975
2197 8421
2197 8710
2197 8858
2197 10935
2197 11819
2197 12427
2197 12441
2197 12484
2197 13969
2197 20355
2197 22283
2218 3997
2225 16601
2225 16859
2304 12269
2307 2592
2307 4683
2307 8364
2307 19427
2329 14583
2352 2997
2352 12013
2361 11357
2384 4343
2384 9057
2384 11861
2384 12486
2384 14094
2384 22513
2386 12310
2387 623
2388 8421
2411 285
2411 1010
2411 1913
2411 14403
2413 1403
2413 8935
2413 24182
2442 370
2442 12048
2442 12195
2467 6557
2487 1486
2487 1846
2487 3921
2487 6851
2487 8710
2487 8858
2487 20355
2491 17840
2497 947
2497 1846
2497 1913
2497 2609
2497 3049
2497 3540
2497 5115
2497 5178
2497 5409
2497 10603
2497 11938
2497 12136
2497 12184
2497 12280
2497 12348
2497 12401
2497 12414
2497 12441
2497 12500
2499 3987
2508 285
2508 12216
2508 12477
2508 12507
2508 18602
2581 6851
2591 10603
2592 745
2592 814
2592 1546
2592 1913
2592 4405
2592 5369
2592 5658
2592 6598
2592 6874
2592 9275
2592 10356
2592 10627
2592 11357
2592 11552
2592 12008
2592 12017
2592 12114
2592 12136
2592 12163
2592 12501
2592 12503
2592 18602
2592 19149
2592 22276
2592 23782
2592 24692
2594 8846
2629 12064
2629 12281
2633 12440
2736 6851
2736 12210
2736 12402
2748 4844
2794 19901
2797 22341
2831 5010
2831 11929
2831 12403
2845 574
2845 9957
2845 11187
2845 14583
2872 3055
2872 12000
2953 1632
2953 2158
2953 7648
2997 1486
2997 3607
2997 4769
2997 6047
2997 7696
2997 7893
2997 10627
2997 11517
2997 12037
2997 12174
2997 12354
3047 13065
3049 1913
3049 3704
3049 3714
3049 10603
3049 11843
3049 12317
3055 8996
3101 12451
3113 11938
3113 12164
3113 12327
3113 18602
3113 18619
3130 2487
3130 12280
3130 12409
3172 287
3172 642
3172 3921
3172 4343
3172 4607
3172 5178
3172 5946
3172 8935
3172 10598
3172 11965
3172 12031
3172 12125
3172 12207
3172 12264
3172 12328
3172 16018
3172 20673
3172 21954
3227 6545
3227 12171
3227 15594
3291 11379
3291 21854
3293 13969
3293 15161
3328 10236
3328 10474
3337 5311
3337 5887
3337 7478
3337 13694
3337 15282
3363 231
3397 54
3420 14094
3420 19059
3425 4450
3425 11342
3449 12136
3506 7338
3506 12048
3528 947
3528 4667
3528 7338
3528 9232
3528 11743
3528 12299
3528 12310
3528 21213
3607 979
3607 6811
3607 7152
3607 8421
3607 13343
3607 20917
3607 21306
3620 10356
3620 11786
3679 14805
3705 12037
3714 255
3714 5892
3714 8421
3714 9057
3714 20058
3725 0
3757 1921
3757 10544
3757 20892
3760 24675
3771 2831
3805 12310
3824 7696
3824 20892
3834 17824
3843 11703
3843 11738
3843 11906
3843 12015
3843 12088
3843 12401
3843 12421
3843 14820
3843 15406
3843 18472
3843 21240
3947 22990
3997 9256
4121 2388
4121 9057
4121 12408
4121 17675
4125 2184
4126 21328
4126 22341
4143 10429
4187 5178
4196 12425
4215 11657
4242 0
4242 252
4242 1018
4242 2352
4242 2592
4242 3725
4242 5261
4242 8935
4242 9312
4242 10207
4242 10377
4242 11975
4242 12114
4242 12363
4242 12468
4242 12789
4242 12900
4242 14224
4242 14496
4242 14691
4242 15406
4242 18602
4242 21699
4242 22276
4242 23235
4255 11987
4271 1018
4280 1971
4280 4920
4280 12384
4280 20817
4331 11976
4331 12216
4331 22651
4343 2467
4343 4242
4343 4920
4343 5052
4343 5115
4343 5152
4343 5261
4343 9025
4343 9057
4343 9312
4343 10121
4343 11342
4343 11378
4343 11965
4343 12163
4343 12178
4343 12299
4343 12353
4343 12485
4343 12507
4343 18602
4343 19328
4343 20892
4343 20917
4343 21786
4343 21954
4343 22341
4343 23235
4350 3528
4350 11901
4370 10410
4405 11878
4406 8996
4406 12178
4406 17675
4430 11488
4440 642
4440 1010
4440 4343
4440 12154
4440 12269
4440 12386
4440 13141
4440 14387
4551 14888
4567 4738
4567 6557
4567 10429
4567 12498
4567 13184
4567 24692
4578 12120
4578 12324
4578 12356
4607 7123
4607 20355
4667 1632
4667 5409
4667 6735
4667 8102
4667 8421
4667 11998
4667 12468
4667 21213
4683 11071
4685 666
4685 903
4685 1382
4685 6124
4685 7140
4685 9239
4685 12039
4685 12111
4685 20638
4735 19876
4781 1913
4781 7268
4781 11973
4792 5519
4829 1486
4829 2997
4829 3055
4829 4343
4829 4769
4829 5518
4829 5887
4829 6845
4829 7682
4829 9082
4829 12034
4829 12188
4829 12278
4829 12462
4829 13141
4829 15361
4844 12488
4920 386
4920 642
4920 1430
4920 3172
4920 4511
4920 5644
4920 8935
4920 10000
4920 10598
4920 11256
4920 11507
4920 11850
4920 11986
4920 12064
4920 12244
4920 12326
4920 12496
4920 15542
4920 16345
4920 20817
4920 22598
4920 23991
4920 24518
4928 11955
4928 11962
4952 370
4952 5748
4952 6835
4960 18602
4960 22598
4982 7778
5010 244
5010 11527
5052 11965
5107 5600
5115 5409
5127 12310
5152 876
5152 929
5152 5010
5152 5178
5152 8321
5152 9746
5152 10573
5152 10603
5152 11276
5152 12299
5152 14853
5176 5345
5176 12487
5178 285
5178 642
5178 6047
5178 6529
5178 6937
5178 9022
5178 9025
5178 9239
5178 12109
5178 12237
5178 12326
5178 12364
5178 12371
5178 12789
5178 14583
5178 16018
5178 17157
5178 19421
5178 20817
5232 23348
5261 252
5261 3007
5261 11916
5261 12164
5261 12500
5261 18602
5261 22882
5282 7680
5282 11352
5282 11982
5282 12364
5284 3348
5284 9978
5284 16976
5311 285
5311 5887
5311 11738
5311 12401
5311 17568
5345 1137
5345 12373
5345 24492
5409 503
5409 1221
5409 2609
5409 4343
5409 10432
5409 10603
5409 10867
5409 11874
5409 12163
5409 12178
5411 6124
5411 7209
5411 9057
5411 9306
5411 11943
5411 12089
5411 12178
5411 24710
5447 6098
5447 8019
5447 14583
5485 4920
5489 12572
5489 12921
5489 13184
5516 54
5519 3705
5519 21058
5519 24710
5600 4370
5644 1639
5658 13796
5660 3704
5660 4343
5660 8858
5660 10811
5660 11357
5660 11644
5660 11874
5660 12116
5660 12158
5660 12195
5660 12310
5660 12348
5660 12408
5660 12412
5660 19554
5660 21699
5660 22341
5677 642
5677 999
5677 2134
5677 4966
5677 6811
5677 8655
5677 11938
5677 14583
5677 16186
5677 18602
5677 20058
5697 24224
5750 8996
5753 4667
5769 570
5769 12010
5769 23991
5776 8421
5801 8944
5808 830
5834 560
5834 12122
5845 8984
5845 11703
5887 5178
5887 12848
5887 24682
5892 8102
5892 11460
5892 12061
5892 12539
5946 642
5946 1001
5946 1221
5946 1627
5946 4343
5946 4450
5946 4607
5946 4683
5946 4756
5946 7751
5946 8421
5946 8858
5946 11071
5946 11916
5946 12001
5946 12088
5946 12163
5946 12245
5946 12287
5946 12300
5946 12348
5946 12398
5946 12420
5946 12462
5946 12488
5946 18919
5946 19038
5946 19355
5946 20355
5946 21584
5946 22513
5969 21786
6002 3921
6002 4685
6002 6851
6002 18602
6039 6961
6039 12336
6047 6666
6047 6885
6047 11873
6047 12282
6047 12492
6095 11378
6095 17801
6095 21786
6095 23235
6124 1921
6124 9275
6124 9957
6124 10410
6124 10429
6124 10935
6124 12111
6124 12205
6124 12405
6133 231
6167 12539
6167 16018
6197 2024
6247 3172
6247 4920
6247 8996
6247 9025
6247 10000
6247 11786
6247 12156
6247 12244
6247 12427
6247 21058
6278 12159
6278 12166
6285 10410
6285 18138
6299 18574
6310 24226
6319 11318
6346 12396
6417 3607
6457 12050
6476 19442
6497 14691
6505 12310
6528 7410
6528 12039
6528 18602
6529 19901
6531 12475
6547 2146
6547 21542
6549 9978
6549 10566
6549 11989
6549 12164
6557 20
6557 642
6557 1264
6557 1740
6557 3348
6557 6602
6557 11575
6557 11976
6557 11981
6557 12191
6557 12216
6557 12267
6557 12291
6557 12303
6557 12463
6557 12487
6557 12789
6557 15161
6557 17843
6557 18602
6557 21786
6557 23782
6575 24226
6589 907
6589 14835
6589 22412
6589 24692
6598 623
6598 2194
6598 4242
6666 666
6666 6885
6666 9057
6666 12230
6666 12240
6666 12402
6695 3610
6695 7410
6735 1846
6735 4370
6735 4769
6735 6602
6735 7387
6735 12077
6735 12089
6735 12252
6735 12287
6735 12588
6735 13969
6811 12184
6811 12241
6835 9232
6845 5887
6845 11792
6851 3528
6851 12135
6874 24518
6917 8737
6917 9256
6917 12225
6917 23235
6934 1951
6934 12166
6937 1582
6937 5639
6937 9022
6937 9185
6937 11962
6937 12281
6937 20817
6961 19888
6961 21881
6975 5115
6975 11681
6985 8655
6999 8993
6999 10681
7022 11928
7022 12071
7081 3007
7081 18602
7083 9025
7107 11929
7107 19177
7123 5615
7140 12452
7152 12848
7186 7759
7186 12101
7213 3379
7305 876
7338 24354
7387 8984
7410 12291
7419 3153
7419 21786
7419 22075
7424 1173
7424 2194
7442 12120
7514 4920
7514 8271
7514 8935
7514 12507
7516 12013
7566 24206
7601 1013
7601 1951
7601 4343
7601 11429
7601 11901
7601 12267
7601 12405
7601 12511
7601 15447
7601 18602
7601 24707
7648 4685
7648 5776
7648 8996
7648 9940
7648 12164
7648 12264
7648 13181
7682 12422
7683 21954
7743 12166
7743 12245
7743 12485
7743 21891
7743 24707
7759 370
7759 642
7759 701
7759 2491
7759 4343
7759 6040
7759 8102
7759 9842
7759 11114
7759 11522
7759 11743
7759 11764
7759 11779
7759 11916
7759 12037
7759 12039
7759 12095
7759 12164
7759 12195
7759 14691
7759 14835
7759 17880
7759 19149
7759 22222
7759 24354
7778 438
7778 6666
7778 8421
7778 11378
7778 14691
7782 8321
7792 12440
7792 13184
7816 7347
7838 11715
7888 8743
8005 642
8005 12135
8102 642
8102 701
8102 3528
8102 3777
8102 6039
8102 9082
8102 9140
8102 11808
8102 12000
8102 12290
8102 12336
8102 12354
8102 22341
8107 14595
8160 18602
8246 0
8305 4021
8305 12140
8305 16076
8305 24386
8309 24252
8310 213
8321 1861
8364 10000
8364 21786
8421 666
8421 1547
8421 2091
8421 5539
8421 6975
8421 9082
8421 9256
8421 10062
8421 11342
8421 11662
8421 11738
8421 11843
8421 11913
8421 12100
8421 12107
8421 12150
8421 12157
8421 12188
8421 12194
8421 12260
8421 12398
8421 12848
8436 1913
8436 9933
8436 12088
8436 12431
8436 18602
8436 23782
8502 16581
8564 18401
8633 12357
8657 3072
8657 12140
8657 12385
8813 9312
8826 12300
8846 12291
8895 22217
8921 2831
8921 11920
8935 9933
8935 10935
8935 12356
8935 12367
8944 3130
8944 5677
8944 16186
8944 19038
8984 11976
8984 15645
8984 18602
8993 10681
8996 215
8996 1105
8996 1382
8996 2194
8996 10598
8996 12169
8996 12252
8996 15277
8996 18602
8996 20021
8996 20285
9005 287
9005 12677
9005 13211
9011 1486
9011 1740
9011 11792
9011 12198
9018 4920
9022 12281
9025 2024
9025 4667
9025 6133
9025 6937
9025 10566
9025 11048
9025 11939
9025 15235
9025 17675
9025 18602
9025 21786
9025 21954
9030 8102
9057 7
9057 728
9057 1313
9057 1538
9057 1887
9057 2158
9057 2549
9057 3420
9057 3921
9057 5409
9057 5644
9057 8548
9057 8600
9057 9022
9057 9025
9057 9842
9057 10544
9057 11873
9057 11874
9057 11929
9057 12154
9057 12182
9057 12220
9057 12237
9057 12299
9057 12310
9057 12348
9057 12359
9057 13270
9057 13485
9057 15755
9057 19059
9057 22217
9057 22819
9057 23226
9082 285
9082 12164
9098 522
9098 5887
9098 11056
9120 1204
9120 11033
9120 13191
9157 8858
9177 20
9177 9312
9177 12191
9185 830
9185 4829
9185 8005
9185 9022
9185 11078
9185 17801
9232 255
9232 12249
9238 12064
9239 891
9239 1018
9239 2592
9239 4738
9239 5115
9239 5776
9239 5887
9239 9312
9239 9862
9239 9933
9239 10659
9239 11765
9239 11874
9239 11938
9239 11976
9239 12116
9239 12191
9239 12299
9239 12331
9239 12789
9239 14691
9239 18472
9239 21786
9239 23298
9239 24354
9239 24519
9256 12174
9256 21240
9275 9940
9275 12010
9312 2845
9312 11547
9312 11913
9312 12225
9360 3229
9360 11983
9360 15406
9363 11960
9363 14691
9365 5127
9365 11929
9365 12135
9365 22283
9398 12310
9398 22283
9405 11378
9539 2629
9553 13969
9553 14920
9555 6557
9555 10410
9555 10627
9555 11778
9555 11878
9555 11992
9555 12013
9573 16018
9585 1098
9585 17880
9600 11589
9600 11764
9600 12210
9679 5115
9679 11899
9679 12109
9679 12150
9679 12310
9697 14174
9713 21954
9733 1582
9770 12058
9842 3921
9842 7874
9842 11357
9842 22598
9909 19730
9957 11767
9957 12355
9957 18602
9960 623
10009 644
10050 11662
10062 7778
10121 3540
10121 5409
10121 6694
10121 11698
10121 12310
10121 24710
10168 6197
10168 6694
10168 8317
10168 11644
10168 11698
10168 12178
10168 12299
10168 15251
10177 125
10177 231
10207 6026
10207 8184
10259 4242
10259 12273
10279 11661
10343 11078
10377 11767
10410 496
10410 814
10410 4343
10410 4440
10410 8657
10410 9957
10410 10429
10410 11048
10410 12072
10410 12140
10410 12154
10410 12225
10410 12254
10410 12263
10410 12423
10410 12448
10410 18034
10410 19876
10410 24252
10410 24385
10429 8091
10429 10384
10467 4920
10469 11688
10544 2592
10544 11848
10544 21089
10566 20
10566 285
10566 2594
10566 2938
10566 9239
10566 10356
10566 10410
10566 11938
10566 14453
10566 18602
10566 20673
10566 23298
10573 24088
10811 642
10811 8820
10811 9239
10811 11992
10811 12093
10811 12109
10811 12160
10811 12310
10811 18602
10811 23235
10833 20429
10844 5115
10864 9239
10997 1582
11048 666
11056 1692
11056 5887
11056 7152
11056 8670
11056 12414
11056 17475
11071 4844
11071 20355
11071 21584
11076 285
11078 285
11078 1538
11078 2997
11078 6666
11078 11522
11078 11843
11078 11929
11078 12230
11078 12261
11078 12310
11078 14805
11078 20512
11078 21509
11078 24182
11082 11828
11082 12468
11082 13027
11082 17568
11082 18689
11167 1921
11167 11544
11167 11824
11167 11874
11167 11891
11167 13141
11167 23235
11254 6735
11257 5115
11313 5345
11313 11861
11313 19328
11313 21884
11342 4712
11342 18602
11357 14361
11378 6666
11378 9092
11378 11607
11378 17801
11378 19355
11378 19379
11378 20512
11405 12281
11406 6041
11406 10603
11406 12420
11429 10612
11429 11817
11429 17880
11460 8996
11494 17880
11507 5127
11507 9859
11507 12030
11507 23991
11517 11819
11522 5662
11522 16241
11547 11913
11547 12154
11575 12141
11577 12141
11577 14414
11579 9415
11579 11080
11598 7905
11657 10156
11657 12041
11657 12071
11657 12118
11657 12171
11657 12173
11657 12233
11657 12247
11657 12252
11657 12414
11657 12507
11657 20285
11681 23348
11681 24568
11688 6666
11688 11378
11688 11527
11688 11913
11688 12078
11688 13191
11688 21584
11691 12039
11698 12789
11699 23235
11700 935
11700 4829
11700 7851
11700 12028
11700 12196
11700 24472
11703 3229
11703 8632
11703 11981
11703 12015
11703 12088
11703 12677
11712 11929
11715 496
11715 12494
11717 23991
11725 8820
11728 12035
11728 12041
11728 20021
11736 1013
11739 12174
11743 6596
11743 12123
11743 18602
11744 22513
11748 20861
11755 830
11765 12169
11767 244
11767 3172
11767 4738
11767 4920
11767 5644
11767 5750
11767 6299
11767 7989
11767 9312
11767 9853
11767 11969
11767 12135
11767 12151
11767 12267
11767 12277
11767 12310
11767 12364
11767 12405
11767 12496
11767 12503
11767 13214
11767 18602
11767 22276
11767 24518
11767 24707
11778 10627
11784 1547
11784 7759
11784 10603
11784 12205
11808 15447
11811 12210
11814 24385
11819 642
11819 3172
11819 8310
11819 10935
11819 12098
11819 12144
11819 12236
11819 12301
11819 13969
11819 19876
11829 648
11839 8996
11839 21786
11840 11087
11848 21089
11852 6299
11853 596
11854 8876
11855 6851
11855 12144
11855 13726
11861 524
11861 14853
11874 12135
11878 0
11878 642
11878 5058
11878 6557
11878 11703
11878 11950
11878 12086
11878 12093
11878 19871
11879 11893
11882 6851
11887 7759
11890 12427
11899 12178
11899 12310
11910 7347
11910 13726
11913 6124
11913 12078
11913 12253
11919 5644
11929 1116
11929 22276
11941 23970
11947 13027
11949 8077
11958 11952
11961 24088
11971 18401
11989 11929
11998 11906
12006 4685
12006 7268
12006 12386
12007 11557
12008 24226
12011 20285
12013 5115
12013 5658
12013 12216
12013 12254
12013 12789
12013 15251
12013 15406
12024 12142
12025 4925
12025 12122
12026 12572
12028 24481
12052 17972
12054 12539
12054 13786
12055 11647
12059 12174
12066 1921
12070 12121
12079 21584
12083 12037
12086 2831
12101 18472
12103 685
12108 2467
12113 18602
12116 3049
12116 6017
12116 12114
12116 12301
12116 12317
12122 22651
12126 18602
12127 3301
12132 20355
12133 7579
12134 7868
12135 20
12135 1010
12135 1235
12135 2594
12135 4143
12135 4255
12135 6002
12135 7083
12135 7759
12135 9312
12135 9933
12135 9978
12135 11043
12135 11158
12135 11256
12135 11575
12135 11638
12135 11814
12135 11987
12135 11997
12135 12111
12135 12163
12135 12196
12135 12303
12135 12331
12135 12468
12135 12496
12135 12503
12135 18602
12135 19876
12135 20673
12135 21356
12135 24226
12135 24385
12136 18602
12141 3334
12141 12310
12141 22276
12144 22283
12147 9177
12148 23272
12163 0
12163 11045
12163 11357
12163 14147
12163 18602
12169 12174
12171 7771
12171 21240
12173 20021
12174 830
12174 833
12174 4844
12174 5178
12174 5887
12174 6735
12174 6917
12174 6985
12174 7083
12174 8632
12174 8996
12174 9025
12174 9251
12174 10036
12174 11517
12174 11657
12174 11819
12174 12216
12174 12259
12174 12273
12174 12332
12174 12382
12174 12588
12174 12789
12174 13211
12174 13694
12174 13969
12174 14820
12174 21786
12176 20892
12178 6017
12178 6850
12178 8363
12178 9040
12178 9306
12178 9561
12178 11171
12178 11522
12178 15207
12178 20242
12178 22513
12178 23923
12178 24710
12182 21336
12187 12154
12206 19177
12211 1221
12214 12212
12217 662
12218 16186
12221 2416
12227 19422
12236 19876
12240 12230
12245 24707
12246 9140
12246 24159
12261 21356
12265 24722
12266 1784
12266 6049
12266 11033
12273 11728
12273 13518
12273 20285
12275 17840
12294 18602
12296 999
12305 12301
12314 2361
12320 14232
12320 18574
12321 3528
12321 12310
12331 12267
12332 14820
12335 12333
12346 8813
12347 5088
12356 14386
12358 4928
12364 19901
12367 11926
12367 11949
12374 12370
12378 3153
12382 12373
12389 12395
12389 12450
12389 16601
12391 11527
12394 12507
12394 19149
12402 17801
12409 6851
12417 6937
12420 15382
12428 21772
12443 10631
12445 2206
12452 12106
12454 24385
12456 252
12456 4440
12456 24518
12466 441
12466 14386
12471 255
12472 7268
12478 2146
12479 12463
12488 9975
12504 12414
12519 12135
12519 12367
12539 0
12539 255
12539 929
12539 1784
12539 1913
12539 5178
12539 11598
12539 12061
12539 12317
12539 24088
12658 2633
12670 11954
12670 12058
12670 12273
12685 11575
12789 12508
12855 3113
12855 7696
12855 11938
12870 5178
12870 8317
12900 7648
12900 7682
12900 15406
13003 782
13003 12034
13003 12174
13027 3123
13027 6602
13027 11887
13027 12038
13027 12091
13027 12135
13027 12164
13027 12210
13027 12354
13027 12377
13027 17568
13027 18602
13027 20817
13065 642
13065 7838
13065 8184
13065 12301
13066 8858
13099 1639
13184 10429
13191 6851
13191 17675
13196 496
13211 9256
13214 1140
13214 12135
13214 12151
13214 24385
13337 642
13337 12024
13337 18602
13343 4343
13343 8317
13343 9025
13343 11965
13383 1153
13383 3415
13383 4137
13383 10681
13383 11056
13383 12310
13383 21240
13518 12062
13637 24246
13684 1658
13684 6602
13684 11973
13684 12027
13684 12058
13684 12198
13684 12339
13684 21328
13694 22134
13717 1547
13786 370
13786 2794
13786 7365
13786 9573
13786 12359
13786 12539
13786 22217
13786 22598
13796 17843
13969 4756
13969 4769
13969 6602
13969 7682
13969 8184
13969 8310
13969 9025
13969 10036
13969 11048
13969 11885
13969 11984
13969 12098
13969 12475
13969 12484
13969 12588
13969 13694
13969 15161
14224 7387
14224 12789
14355 12216
14355 12252
14361 12348
14387 1921
14387 7696
14414 2018
14414 5178
14414 21884
14496 2586
14500 11342
14583 18602
14583 20817
14595 12273
14609 7460
14713 642
14805 11698
14805 12539
14806 1740
14806 2352
14806 4196
14806 8984
14806 12425
14835 12039
14835 24252
14850 9292
14901 9948
14920 285
14920 935
14920 3528
14920 6937
14920 9025
14920 9275
14920 11933
14920 12122
14920 14691
14920 22651
15024 5887
15024 6845
15024 11662
15057 7743
15116 6545
15145 6049
15161 2387
15251 21884
15282 3528
15282 3760
15282 9859
15282 11848
15282 11938
15282 12360
15282 19422
15282 21089
15282 24660
15406 5115
15406 11738
15406 12039
15406 12041
15406 12050
15447 8935
15447 9082
15447 11522
15447 23235
15450 642
15542 5178
15542 9057
15542 12339
15645 12254
15688 4154
15688 7398
15814 3337
15814 5925
15814 7338
15814 9025
15814 12196
16018 929
16018 1887
16018 14414
16018 16054
16018 19328
16018 20242
16186 935
16186 2845
16186 3528
16186 3714
16186 10603
16186 11534
16186 11738
16186 11743
16186 12458
16186 12468
16186 13270
16186 18602
16186 19038
16186 20861
16186 21699
16323 13181
16336 496
16336 804
16420 6851
16420 21881
16581 642
16581 1312
16581 4143
16581 11874
16581 18472
16581 24692
16591 11931
16591 12058
16591 14691
16591 15991
16601 21240
16742 23707
16859 12049
16859 12088
16859 12198
16859 12420
16859 15406
16859 16591
16867 11738
16880 8935
16884 5345
16884 20783
16976 5600
17058 2831
17058 11992
17058 12977
17157 9733
17157 11872
17291 13518
17298 9251
17298 22134
17299 1013
17299 4343
17299 6133
17299 6528
17299 12029
17299 12216
17299 12274
17299 12789
17299 18940
17319 19554
17324 11848
17338 24365
17475 21079
17675 5892
17675 6095
17675 9190
17675 11078
17675 11357
17675 11378
17675 11607
17675 12015
17675 12164
17675 12310
17675 12427
17675 22341
17675 22745
17695 4920
17809 12039
17809 20892
17830 1215
17840 5845
17840 6528
17840 6851
17840 10627
18034 20714
18138 9335
18138 22598
18169 4920
18323 12364
18385 18438
18401 3337
18401 6124
18401 12168
18401 12498
18423 23991
18438 8102
18438 9025
18438 12539
18438 20512
18472 12414
18472 24252
18574 622
18574 630
18574 644
18574 804
18574 1971
18574 2629
18574 4920
18574 5178
18574 5946
18574 6666
18574 6937
18574 9842
18574 11357
18574 11378
18574 12039
18574 12196
18574 12206
18574 12241
18574 12244
18574 12364
18574 14583
18574 19177
18574 19685
18574 20817
18574 22598
18602 1921
18602 2032
18602 3007
18602 5969
18602 6437
18602 6851
18602 8655
18602 9933
18602 10603
18602 11357
18602 11874
18602 11901
18602 12045
18602 12164
18602 12310
18602 14361
18602 22276
18602 23235
18619 6885
18619 12468
18619 16186
18619 18602
18689 866
18689 3528
18689 5115
18689 5539
18689 6047
18689 8421
18689 8564
18689 11522
18689 11764
18689 11808
18689 12058
18689 12156
18764 10410
18940 12059
18940 18602
18955 2218
19059 215
19059 833
19059 1382
19059 2713
19059 9573
19059 12220
19059 12359
19059 12436
19059 22217
19059 22819
19087 2416
19087 11378
19105 9239
19138 2831
19138 9405
19138 11527
19138 11929
19138 12391
19138 21786
19149 11713
19149 11929
19177 12310
19293 23039
19328 929
19328 5152
19328 19730
19328 20242
19328 21913
19328 21954
19355 1153
19355 5677
19355 6631
19355 11607
19355 12421
19383 11929
19426 12165
19442 11378
19443 9319
19454 3172
19480 21786
19480 22341
19498 2184
19498 12238
19554 22341
19685 1971
19685 12166
19730 3049
19730 12299
19730 15235
19730 24710
19871 20673
19901 1538
19901 2629
19901 4667
19901 4920
19901 6589
19901 7123
19901 7185
19901 7365
19901 8364
19901 9022
19901 11507
19901 11850
19901 11949
19901 12135
19901 12305
19901 14583
19901 18574
19901 22598
19902 15447
19904 642
19904 8984
19915 12310
20021 13483
20242 1137
20242 2384
20242 11698
20242 14094
20242 14853
20242 21954
20285 4731
20285 9978
20285 12339
20285 13343
20285 14403
20285 15251
20355 623
20355 3172
20355 4343
20355 8858
20355 11517
20355 11819
20355 11938
20355 12207
20355 21584
20355 21786
20355 22513
20387 12001
20424 7696
20424 8944
20424 9190
20424 10469
20424 14387
20424 18602
20424 20783
20512 2014
20512 6851
20512 12201
20512 13518
20512 24182
20676 16420
20676 18574
20812 18169
20817 929
20817 2194
20817 2629
20817 4511
20817 6529
20817 6589
20817 6666
20817 11850
20817 12039
20817 12196
20817 12220
20817 12789
20817 15814
20817 19685
20817 22598
20893 24252
20897 2184
20897 10603
20907 6638
21079 14691
21194 12310
21213 2134
21213 6851
21213 9025
21213 9685
21213 15542
21213 16018
21213 17675
21233 24252
21240 1001
21240 1264
21240 12115
21240 14691
21240 14806
21336 3679
21336 4242
21336 4343
21336 4667
21336 17675
21356 6299
21356 9957
21356 11256
21356 11874
21356 12064
21356 12109
21356 17157
21584 11378
21699 165
21699 231
21699 280
21699 285
21699 833
21699 1105
21699 1921
21699 3921
21699 4667
21699 4731
21699 5480
21699 5750
21699 5925
21699 6047
21699 6247
21699 6666
21699 6937
21699 7520
21699 8996
21699 9859
21699 10377
21699 10469
21699 10544
21699 10587
21699 10935
21699 11071
21699 11378
21699 11527
21699 11681
21699 11688
21699 11733
21699 11887
21699 11901
21699 11938
21699 12015
21699 12039
21699 12196
21699 12198
21699 12240
21699 12241
21699 12310
21699 12321
21699 13141
21699 14583
21699 17801
21699 18602
21699 18764
21699 21584
21699 23235
21699 24675
21699 24692
21786 1140
21786 1621
21786 1740
21786 3921
21786 9312
21786 12110
21786 12310
21786 12391
21786 24707
21800 11978
21800 12677
21878 11887
21884 11728
21905 7410
21913 876
21913 12058
21914 7940
21926 2194
21926 9056
21954 1547
21954 1658
21954 2018
21954 2024
21954 2134
21954 3337
21954 3415
21954 3540
21954 9057
21954 9968
21954 10603
21954 10656
21954 11378
21954 11854
21954 11929
21954 11938
21954 12208
21954 12247
21985 13552
22053 6346
22134 9251
22134 12273
22134 14820
22265 12062
22276 20
22276 1116
22276 1197
22276 3172
22276 12109
22276 12122
22276 12151
22276 12267
22276 12277
22276 22882
22283 642
22283 2592
22283 3072
22283 8184
22283 10935
22283 12098
22283 19876
22315 12468
22328 19177
22341 14853
22341 15251
22341 21336
22466 15259
22513 891
22513 5115
22513 7682
22513 12299
22513 12486
22513 19730
22598 630
22598 3921
22598 12977
22598 14583
22708 5946
22718 6437
22730 5409
22906 12427
22906 12720
23235 1582
23235 2467
23235 3921
23235 4402
23235 5644
23235 7759
23235 11874
23235 11929
23235 11938
23235 11987
23235 12151
23235 12163
23235 12241
23235 12348
23235 19059
23235 19149
23235 24209
23298 14496
23348 3528
23348 4029
23348 4685
23348 8564
23348 12006
23348 12078
23348 12505
23473 13141
23535 15117
23633 13969
23782 11999
23846 4242
23906 6247
23946 13383
24108 3679
24108 20783
24132 7338
24133 231
24133 12354
24133 24182
24133 24385
24144 2194
24150 1133
24150 3714
24150 5677
24150 6047
24150 8421
24150 11828
24150 12336
24150 18602
24157 280
24157 11371
24191 6851
24191 12409
24206 1582
24224 9957
24226 3995
24226 6547
24226 7140
24226 9957
24226 11158
24226 11589
24226 11969
24226 12010
24226 12269
24226 21542
24226 22283
24250 833
24250 6598
24250 12122
24250 12154
24250 12311
24252 0
24252 642
24252 1913
24252 2629
24252 2831
24252 4829
24252 9239
24252 9978
24252 10474
24252 11048
24252 11652
24252 11874
24252 11878
24252 11929
24252 11960
24252 12101
24252 12109
24252 12163
24252 12164
24252 12210
24252 12310
24252 12333
24252 12442
24252 12468
24252 12665
24252 13308
24252 14496
24252 17675
24252 20673
24252 23298
24252 23472
24322 8993
24322 13969
24354 11808
24354 12203
24393 2416
24393 7410
24393 11048
24393 18602
24401 5409
24404 12210
24460 124
24474 6851
24492 6545
24518 4712
24518 12496
24519 11256
24555 12373
24588 10207
24588 11150
24682 11056
24710 8858
24710 11698
24710 12013
24710 12299
24734 6851
1 12539
20 1951
20 3874
20 4242
20 9011
20 9365
20 9555
21 7851
21 12295
21 12729
21 18602
21 24519
43 804
44 1579
44 4215
44 10540
44 12941
44 13518
54 2622
54 12163
54 12675
54 18195
54 18602
61 10410
97 1658
155 23912
156 623
156 1740
160 1951
212 567
212 10253
212 11767
212 12135
212 12882
213 12983
215 12402
223 9239
223 12690
231 1934
231 7410
231 9025
231 9978
231 12037
231 15309
231 15542
231 24386
242 11848
260 242
260 9239
260 11357
271 12093
271 12527
287 10398
287 12037
287 12803
287 12952
287 12967
287 18602
287 21542
320 18602
344 601
344 1050
344 7759
344 8102
344 8772
348 12849
348 21542
349 7921
349 9363
349 12487
349 12656
386 6258
386 8232
386 8996
386 12508
386 12514
395 12827
401 6666
401 12402
412 701
412 7648
450 2202
460 11966
465 18195
491 10573
524 8107
524 15251
572 8332
574 5307
574 12517
574 17872
596 5311
596 12603
596 12836
596 12952
596 12991
623 5506
623 7268
623 7499
623 12295
623 12548
623 12567
623 12583
623 12711
623 12745
623 12777
630 20817
642 260
642 337
642 701
642 6366
642 6837
642 8155
642 10027
642 10429
642 11171
642 11848
642 11858
642 11874
642 12242
642 12303
642 12477
642 12542
642 12555
642 12623
642 12641
642 12644
642 12654
642 12684
642 12717
642 12722
642 12734
642 12738
642 12795
642 12812
642 12836
642 12983
642 14304
642 20893
642 23125
644 630
644 1971
644 12799
644 20817
674 5015
674 6666
674 12402
674 18689
686 20817
701 1312
701 6634
701 12745
701 12789
701 12837
701 12979
701 12998
726 502
726 1140
726 1312
726 1578
726 1609
726 2361
726 3130
726 5506
726 6505
726 6634
726 6773
726 7759
726 7936
726 8564
726 8726
726 9239
726 10996
726 11767
726 11874
726 11916
726 12349
726 12620
726 12768
726 12770
726 12850
726 12888
726 12924
726 12976
726 12991
726 14756
726 18195
726 18602
726 21891
726 24518
728 2487
776 7410
776 9811
782 2388
804 5178
804 6975
804 12789
804 13786
804 19685
814 6095
830 1050
830 1312
830 1547
830 3958
830 5615
830 6514
830 7516
830 7759
830 9256
830 10573
830 12643
830 12714
830 12715
830 12869
830 19938
831 11324
833 1658
833 5107
833 10573
833 16895
847 9057
866 231
866 1038
866 4242
866 5311
866 12618
876 9307
876 12627
876 12748
876 12883
903 3130
929 876
929 7305
929 12699
929 12837
929 12841
934 6557
934 16336
935 11743
966 8564
981 4441
1013 4
1013 4624
1013 7410
1013 12543
1018 9978
1018 11929
1018 12753
1018 12795
1018 21891
1038 6917
1050 12539
1079 3311
1079 9494
1105 20
1105 2225
1105 4406
1105 7305
1105 8993
1105 9238
1105 9275
1105 9957
1105 11319
1105 11378
1105 12054
1105 12105
1105 12156
1105 12389
1105 12412
1105 12529
1105 12590
1105 12623
1105 12651
1105 12653
1105 12668
1105 12761
1105 12787
1105 20021
1105 23235
1116 3958
1116 6192
1116 8375
1116 10429
1116 12530
1116 12696
1116 12743
1116 23912
1137 1658
1137 8852
1137 8996
1137 11861
1137 12394
1137 12798
1137 12866
1137 24386
1140 11053
1141 10429
1158 866
1158 6937
1215 1934
1221 1784
1221 12889
1230 12849
1242 16182
1244 2997
1244 6437
1244 6487
1244 8648
1244 9082
1244 12525
1312 1318
1312 1543
1312 2442
1312 2679
1312 4242
1312 4567
1312 5960
1312 6557
1312 7616
1312 8305
1312 10410
1312 10429
1312 12734
1312 12753
1312 12812
1318 8305
1346 8996
1346 12627
1346 12650
1346 24226
1354 12523
1382 5615
1382 12627
1382 19742
1383 4567
1383 24385
1393 2238
1393 3528
1393 7074
1393 8421
1393 10974
1393 14583
1403 673
1403 1549
1403 7498
1403 12923
1403 12938
1407 9753
1430 43
1430 2158
1430 8461
1430 8944
1430 9733
1430 12789
1430 12806
1430 12971
1430 13485
1430 16345
1495 12924
1538 7074
1538 8944
1538 9679
1538 10326
1538 11764
1538 12596
1538 12691
1538 12781
1538 12810
1538 12877
1538 20422
1543 12527
1547 5712
1547 11861
1547 12539
1547 12701
1547 19554
1558 6366
1578 7534
1578 12712
1609 11743
1631 12427
1632 642
1632 1658
1632 10573
1632 11171
1632 11967
1632 12735
1632 19165
1632 19227
1639 2086
1639 3172
1639 4607
1639 5946
1639 11819
1639 19876
1639 22513
1658 1422
1658 1842
1658 4794
1658 4928
1658 5203
1658 8598
1658 8632
1658 10573
1658 11378
1658 12477
1658 12627
1658 12739
1658 16976
1658 24460
1676 1740
1676 12577
1734 3172
1734 12733
1734 19554
1740 213
1740 4406
1740 7921
1740 8996
1740 9363
1740 11077
1740 11099
1740 11657
1740 12569
1740 12577
1740 12590
1740 12615
1740 12695
1740 12730
1740 12752
1740 12805
1740 12895
1740 12941
1740 12966
1740 18634
1740 20387
1741 1904
1741 2202
1741 2361
1741 3292
1741 3620
1741 4341
1741 4440
1741 5414
1741 6975
1741 7074
1741 7759
1741 9405
1741 11485
1741 12530
1741 12614
1741 12887
1741 12889
1741 12963
1741 12976
1741 12997
1741 13336
1741 18438
1772 1913
1784 7481
1784 11861
1784 24555
1788 9405
1788 12402
1836 642
1836 11056
1836 24276
1842 4324
1842 10681
1846 675
1846 2794
1846 10356
1846 11357
1846 11406
1846 12657
1846 12684
1846 12744
1846 12778
1846 19087
1846 22341
1846 24045
1875 16018
1899 13684
1901 19087
1913 4242
1913 5203
1913 7601
1913 7759
1913 11929
1913 12734
1921 4343
1934 11357
1947 12761
1949 12748
1949 12899
1951 2048
1951 2091
1951 12836
1951 12858
1951 12956
1971 22598
2011 6049
2014 1001
2048 160
2048 12640
2134 2424
2134 2594
2134 3292
2134 3528
2134 5414
2134 6811
2134 9030
2134 11562
2134 12595
2134 12620
2134 12877
2148 2497
2148 8223
2148 9207
2148 10942
2148 12068
2148 24270
2194 1846
2194 3754
2194 4343
2194 6811
2194 9082
2194 9363
2194 11077
2194 12601
2194 12627
2194 12741
2194 12804
2194 12900
2194 12983
2194 12984
2194 13184
2194 13211
2194 14888
2197 4607
2197 7751
2197 8047
2197 8147
2197 8984
2197 10410
2197 11378
2197 12529
2197 12654
2197 12923
2197 21336
2197 22513
2225 8232
2225 8632
2225 20893
2238 8421
2238 12022
2274 6835
2274 9232
2327 1676
2329 7851
2361 2777
2361 3113
2361 3130
2361 3554
2361 4450
2361 5304
2361 5677
2361 7338
2361 7352
2361 8935
2361 8944
2361 10356
2361 12163
2361 12714
2361 12750
2361 12815
2361 12923
2361 12976
2361 13027
2361 18602
2384 1658
2384 1784
2384 7516
2384 8107
2384 11019
2384 22341
2392 8996
2392 12700
2392 24386
2411 6917
2411 7759
2411 11841
2411 19885
2411 21891
2413 12923
2413 17333
2424 763
2424 2361
2424 5677
2442 4271
2487 8996
2487 9271
2487 12777
2487 22513
2497 1772
2497 12662
2497 12778
2497 18602
2497 20892
2508 3944
2583 4903
2591 231
2591 15382
2592 242
2592 271
2592 1543
2592 1904
2592 3162
2592 7510
2592 7616
2592 8232
2592 8820
2592 11691
2592 11848
2592 12394
2592 12620
2592 12665
2592 12675
2592 12751
2592 21699
2622 2442
2622 8984
2622 9025
2622 12587
2629 8564
2629 9046
2629 11006
2629 12699
2629 12791
2633 11324
2712 7478
2712 11873
2736 4982
2736 11634
2736 12838
2736 12948
2736 20021
2748 1904
2794 4242
2811 12613
2872 1741
2931 12558
2953 8852
2953 12635
2997 988
2997 1318
2997 2416
2997 3049
2997 6095
2997 6575
2997 7759
2997 8305
2997 9025
2997 9082
2997 11722
2997 11873
2997 12274
2997 12450
2997 12804
2997 19698
3007 13786
3049 1784
3049 11861
3049 12778
3051 9733
3055 3292
3055 12908
3055 13786
3080 5615
3101 2794
3101 12622
3101 12627
3113 642
3113 6634
3113 12795
3120 18817
3130 7759
3130 9842
3143 222
3147 12740
3172 1595
3172 3130
3172 5105
3172 7123
3172 8996
3172 9025
3172 12120
3172 12587
3172 12746
3172 13141
3172 15116
3172 15332
3172 16900
3172 19554
3172 21699
3172 24226
3192 20889
3203 1740
3203 2329
3227 6811
3255 4920
3255 6247
3337 12813
3372 3864
3425 18602
3433 5960
3433 12135
3433 12367
3433 12812
3455 12876
3455 12938
3491 20242
3506 14691
3528 4343
3528 4406
3528 10356
3528 22601
3591 12720
3620 2540
3620 4903
3620 7212
3679 22513
3704 11378
3725 1658
3757 1140
3757 12505
3757 12893
3760 12295
3760 12608
3784 11412
3784 20817
3824 6666
3824 12745
3824 12810
3843 1658
3843 9363
3843 11792
3843 12541
3865 9842
3874 10541
3944 49
3982 11819
4055 13027
4121 630
4121 1631
4121 12838
4121 12879
4121 12896
4143 9082
4186 11692
4186 12037
4196 12678
4196 12805
4242 245
4242 260
4242 673
4242 4547
4242 4920
4242 5204
4242 7123
4242 8332
4242 8632
4242 9239
4242 9555
4242 9834
4242 11378
4242 11858
4242 11929
4242 12450
4242 12625
4242 12682
4242 12768
4242 12905
4242 13383
4242 13786
4242 15483
4242 20021
4242 22598
4271 17298
4275 12876
4280 12896
4280 22598
4331 5544
4331 8984
4331 9025
4331 11756
4341 12022
4343 1904
4343 3130
4343 8147
4343 8321
4343 12518
4343 12635
4343 12640
4343 12662
4343 12684
4343 19554
4343 23348
4356 9256
4407 12517
4407 12918
4408 12557
4430 5801
4430 20814
4440 20
4440 2202
4440 11898
4440 11916
4440 12756
4440 18602
4440 19087
4447 12525
4447 20512
4459 12171
4459 12432
4511 20259
4533 496
4567 260
4567 642
4567 9586
4567 24385
4578 4343
4578 8107
4578 12533
4578 12886
4578 19554
4607 836
4607 2086
4607 7759
4607 24226
4653 12343
4667 1237
4667 2629
4667 8564
4667 12664
4685 10666
4685 12665
4685 12772
4685 19087
4730 14500
4737 7648
4737 12998
4829 830
4829 1836
4829 4667
4829 6417
4829 12163
4829 12847
4829 18602
4829 20893
4920 1312
4920 2329
4920 2629
4920 3051
4920 3427
4920 3784
4920 5801
4920 7851
4920 8944
4920 9046
4920 9177
4920 11006
4920 11078
4920 11412
4920 11700
4920 12585
4920 12659
4920 12690
4920 12715
4920 12758
4920 12789
4920 12799
4920 12827
4920 20259
4920 24519
4928 12514
4982 11572
5010 8935
5105 9025
5107 11722
5107 16895
5127 22819
5147 9936
5152 674
5152 1221
5152 4236
5152 5946
5152 8564
5152 12923
5152 16976
5152 22341
5152 24226
5178 43
5178 630
5178 3784
5178 10811
5178 11786
5178 12573
5178 12600
5178 12715
5178 12882
5178 12976
5178 18602
5178 22598
5189 1369
5203 12448
5204 11328
5261 2361
5261 12163
5261 12627
5261 24042
5282 19328
5284 12610
5304 502
5304 2831
5304 8910
5304 11324
5304 11848
5304 12768
5307 2424
5307 5677
5307 17872
5311 2467
5311 3130
5311 5953
5311 6192
5311 12515
5311 12530
5311 12535
5311 12608
5311 12612
5311 12644
5311 12795
5311 12813
5311 13141
5311 18602
5331 13191
5345 1547
5345 3130
5345 11861
5345 12337
5345 12582
5345 24274
5369 12303
5411 8147
5414 8421
5489 6479
5506 10410
5506 10811
5506 18602
5516 6247
5516 22598
5519 400
5519 1595
5519 5946
5519 11378
5519 12116
5519 19355
5519 22513
5519 24386
5544 12118
5625 9679
5625 9735
5625 12615
5625 18634
5644 9239
5660 1393
5660 3130
5660 4450
5660 6557
5660 6975
5660 11686
5660 11691
5660 11966
5660 11967
5660 12054
5660 12537
5660 12542
5660 12651
5660 12681
5660 12700
5660 12701
5660 12756
5660 12759
5660 12897
5660 12912
5660 18602
5660 24460
5674 6557
5677 3292
5677 5261
5677 6417
5677 7990
5677 12641
5677 20892
5677 21457
5677 24692
5753 2134
5753 9082
5753 18602
5757 10811
5808 12645
5887 12889
5933 18955
5946 1741
5946 2361
5946 5677
5946 8147
5946 9271
5946 11378
5946 11698
5946 12450
5946 12512
5946 12654
5946 12869
5946 14888
5946 15542
5960 11767
5969 15116
6047 4903
6047 12530
6074 12539
6074 21954
6090 6545
6115 21699
6125 11378
6167 12883
6228 3754
6247 780
6247 12829
6247 12838
6247 12896
6258 1741
6258 12739
6278 7942
6318 7921
6318 12118
6318 12752
6417 2134
6417 12401
6417 12956
6419 3192
6437 12876
6529 31
6531 10377
6531 19554
6557 1422
6557 2592
6557 4242
6557 8820
6557 8984
6557 9239
6557 9811
6557 11777
6557 12331
6557 12606
6557 12724
6557 12915
6557 12976
6557 18034
6557 19650
6557 20893
6575 8813
6589 18574
6592 7006
6592 12615
6592 21240
6598 8996
6598 12631
6598 16976
6598 24579
6666 726
6666 4911
6666 6773
6666 11811
6666 12696
6735 12613
6836 3921
6836 12732
6836 18602
6845 7152
6845 12740
6845 23085
6851 7498
6874 12850
6917 804
6917 4593
6917 7759
6917 10540
6917 11819
6917 12450
6917 12740
6917 20387
6937 11460
6937 12955
6960 10343
6961 7123
6961 12946
6961 24226
6985 12595
7006 3944
7022 11657
7074 11967
7081 5761
7081 12621
7123 1314
7123 2361
7123 7942
7123 8147
7123 9586
7123 10207
7123 12876
7123 19876
7123 24518
7152 12645
7186 194
7186 1312
7211 12817
7212 9239
7261 19554
7268 11874
7305 12539
7392 11863
7410 9811
7410 12669
7498 836
7499 11715
7499 14224
7514 7759
7601 1312
7601 2592
7601 24519
7648 3130
7648 4667
7648 5107
7648 7630
7648 8921
7648 10398
7648 10936
7648 11686
7648 12525
7648 12627
7648 12733
7648 16895
7717 15848
7751 8726
7759 814
7759 1846
7759 6634
7759 9646
7759 9716
7759 11848
7759 11929
7759 12665
7759 12877
7759 12888
7759 12919
7759 12956
7759 12983
7759 18602
7759 19087
7759 20783
7759 20893
7778 11634
7778 12559
7778 12948
7778 14583
7778 15814
7792 12654
7851 6247
7858 12450
7888 19554
7921 12577
7942 12141
7942 12876
7986 11657
8102 8487
8102 10429
8102 12511
8102 12693
8127 12505
8199 12770
8199 12862
8215 13969
8215 19554
8232 4026
8232 9239
8232 12786
8232 12834
8232 12941
8305 8820
8305 11698
8305 12525
8364 2036
8421 1904
8421 3528
8421 6417
8421 12630
8421 14888
8421 16591
8421 22601
8436 1422
8436 7391
8436 9256
8436 12527
8436 12606
8633 12877
8657 12342
8657 12777
8790 12750
8813 3663
8813 12849
8826 1595
8921 11686
8935 11393
8935 11819
8935 12700
8935 12770
8935 12777
8935 12923
8935 12937
8935 18602
8944 10356
8944 11872
8984 4
8984 10410
8984 11049
8984 12216
8984 12678
8984 12789
8984 13184
8984 14224
8995 9911
8995 12987
8996 804
8996 5409
8996 5933
8996 6514
8996 8876
8996 8984
8996 9025
8996 9057
8996 10410
8996 12359
8996 12394
8996 12627
8996 12650
8996 14595
8996 15688
8996 16976
8996 21786
8996 22598
9005 4215
9005 12695
9011 1658
9011 8436
9011 9082
9011 11873
9011 12525
9011 12630
9011 24393
9018 16608
9025 836
9025 1772
9025 1784
9025 4242
9025 5414
9025 6598
9025 6975
9025 11313
9025 11378
9025 11382
9025 12334
9025 12627
9025 12938
9025 15309
9025 16976
9025 24206
9057 1934
9057 4242
9057 6299
9057 7326
9057 9082
9057 11916
9057 12135
9057 12651
9057 12976
9057 19087
9057 19685
9082 5015
9082 11078
9082 12525
9082 12976
9091 11738
9140 14691
9157 12896
9177 5801
9177 12295
9177 12849
9177 12852
9185 3760
9185 7778
9185 11811
9238 935
9238 9957
9238 12750
9238 12803
9238 12836
9239 242
9239 337
9239 5414
9239 7510
9239 10398
9239 10410
9239 11378
9239 11929
9239 12303
9239 12625
9239 12665
9239 12734
9239 12807
9239 12812
9239 12849
9239 12900
9239 13969
9239 24206
9305 12579
9325 1676
9363 12389
9363 12450
9365 11692
9365 12394
9398 3335
9398 10936
9398 12804
9405 2202
9405 11817
9405 14224
9437 7136
9524 7648
9555 337
9555 642
9555 2794
9555 6095
9555 8232
9555 8984
9555 11858
9555 12303
9555 12450
9586 2361
9586 9082
9611 12982
9677 12342
9679 194
9679 1369
9679 1846
9679 2202
9679 3130
9679 10612
9679 12525
9679 18602
9679 19087
9679 20812
9733 12627
9770 12741
9834 12012
9842 12331
9842 19087
9862 12242
9862 23348
9957 2622
9957 4343
9957 5261
9957 9494
9957 11071
9957 11357
9957 11390
9957 11914
9957 12717
9957 12756
9957 12938
9960 260
9960 12753
9960 12786
9964 12135
10007 10027
10027 2202
10092 1137
10121 7499
10121 10027
10121 13969
10121 16348
10168 17097
10207 10410
10207 12700
10207 19876
10250 804
10273 13211
10283 12697
10312 6124
10398 574
10398 10352
10398 21110
10398 24252
10410 20
10410 337
10410 1632
10410 6083
10410 7028
10410 9082
10410 9862
10410 11130
10410 12037
10410 12533
10410 12804
10429 2442
10429 9288
10429 12647
10429 12795
10429 12889
10566 4242
10566 7410
10566 12463
10573 139
10573 12211
10676 16186
10681 8632
10709 5546
10709 24270
10811 20
10811 496
10811 3130
10811 6083
10811 8155
10811 12394
10811 12581
10811 12601
10811 12651
10811 12734
10811 14195
10811 20783
10837 12402
10948 12929
11055 2629
11055 20817
11062 10410
11071 12765
11071 12846
11078 10811
11078 19901
11098 2581
11152 18602
11167 12803
11243 20061
11313 20897
11328 12697
11328 12849
11355 11743
11355 12399
11378 2361
11378 7900
11378 12842
11378 24692
11378 24710
11405 12615
11406 6489
11406 12657
11412 20817
11419 12402
11458 12520
11458 20817
11507 18195
11547 4567
11547 9586
11547 12998
11562 19355
11579 1632
11579 11715
11657 1422
11657 5985
11657 7921
11657 8332
11657 9405
11657 12695
11684 12987
11684 14691
11688 12526
11698 12525
11698 12780
11698 13786
11698 18602
11700 12641
11715 12789
11721 12647
11726 3311
11743 642
11743 7266
11743 12854
11756 5152
11756 12394
11767 3874
11767 5178
11767 5801
11767 6874
11767 9177
11767 9808
11767 11929
11767 12468
11767 12526
11767 12567
11767 12664
11767 12723
11767 12746
11767 12750
11767 12850
11767 12905
11767 12917
11767 12952
11767 12967
11767 21891
11784 5178
11784 7305
11784 9057
11785 10707
11785 12888
11816 3528
11819 5519
11819 10377
11819 12529
11819 12745
11819 12761
11819 12777
11819 12812
11819 12876
11848 12451
11861 12859
11861 15251
11866 11369
11874 12685
11908 12879
11910 255
11910 12037
11966 18602
11967 12759
12006 12857
12012 4343
12012 5583
12013 245
12013 1658
12013 8993
12013 10355
12013 12678
12013 12805
12053 12610
12054 13066
12073 12093
12078 596
12078 12712
12078 12981
12116 5361
12116 12523
12116 24226
12119 14691
12127 12584
12135 242
12135 496
12135 1018
12135 1934
12135 4578
12135 5015
12135 5204
12135 5506
12135 6557
12135 6836
12135 7123
12135 7510
12135 7616
12135 9957
12135 10429
12135 11393
12135 11819
12135 12211
12135 12394
12135 12557
12135 12621
12135 12644
12135 12651
12135 12685
12135 12734
12135 12735
12135 12746
12135 12789
12135 12807
12135 12812
12135 12882
12135 12920
12135 12984
12135 16900
12135 19328
12135 20355
12135 24519
12141 13141
12152 9239
12152 10410
12152 11631
12152 24404
12163 7778
12163 11848
12163 11916
12163 12451
12163 12620
12163 12668
12171 12615
12171 12741
12171 20917
12174 4406
12174 5674
12174 12389
12174 12581
12174 12941
12174 13786
12174 20429
12174 21699
12178 24479
12211 19227
12216 12718
12216 24393
12224 9862
12242 9022
12242 13211
12273 1676
12273 9405
12275 6733
12275 12776
12275 13358
12275 23220
12307 2158
12326 20259
12331 12644
12331 12723
12343 15953
12358 7921
12364 1582
12364 22598
12389 5674
12394 14195
12402 12539
12448 12636
12448 13969
12450 1422
12450 12507
12450 13383
12452 1654
12453 1708
12468 2361
12477 12574
12514 17840
12516 17626
12531 4920
12539 11786
12539 12687
12539 12701
12539 12976
12539 14835
12539 20917
12548 18602
12553 16983
12561 11698
12571 3702
12573 20817
12574 12673
12574 21954
12580 12093
12587 2086
12587 5523
12587 9022
12587 10121
12587 12427
12587 12754
12587 21858
12589 9016
12597 12161
12597 22217
12600 12876
12600 12938
12607 12613
12610 24252
12617 7305
12618 2794
12618 11721
12618 19861
12621 18602
12623 3428
12623 18689
12625 24206
12627 503
12627 3130
12628 12625
12637 9469
12637 19138
12639 11549
12643 21457
12650 19059
12653 15361
12656 14595
12657 6835
12658 9351
12658 12745
12658 16976
12659 452
12659 12663
12659 13662
12659 21342
12659 21402
12661 640
12665 2031
12668 1784
12668 7905
12668 7942
12668 9363
12668 12310
12668 17097
12668 18602
12670 12656
12670 12695
12675 18602
12681 16976
12685 12567
12685 12854
12686 16076
12712 4903
12712 8375
12712 11414
12712 12603
12714 19328
12720 4511
12720 22598
12734 567
12734 1235
12734 2467
12734 5960
12734 6837
12734 12274
12734 12391
12734 12735
12734 12795
12734 12952
12734 16880
12734 18449
12734 18602
12734 19138
12734 24226
12734 24342
12734 24393
12742 11522
12742 18917
12744 13003
12758 7074
12764 3130
12768 24265
12769 13485
12772 24265
12775 4605
12777 4920
12777 11155
12777 19876
12780 2796
12782 3153
12787 12123
12788 18195
12789 876
12789 6104
12789 6634
12789 9082
12789 10273
12789 12331
12789 12892
12789 12950
12789 13211
12789 18574
12789 22598
12789 24206
12796 10996
12806 19901
12812 9025
12818 12804
12821 12964
12831 12829
12835 9057
12835 14147
12839 269
12846 23707
12851 8921
12856 12693
12857 18401
12859 1784
12866 2240
12870 15251
12871 567
12873 21192
12881 2031
12890 16186
12894 12778
12894 14691
12900 44
12900 4343
12900 9030
12900 11099
12900 12930
12900 12983
12900 21240
12901 22283
12903 17706
12903 24206
12905 673
12905 2467
12905 3874
12905 5232
12905 10950
12905 12685
12905 18602
12905 20861
12905 24155
12920 19901
12934 10553
12942 6869
12945 2304
12952 12967
12955 23707
12968 12729
12975 12974
12977 11861
12982 12579
13003 3620
13027 2202
13027 2388
13027 3528
13027 8564
13027 12242
13027 12614
13027 14691
13027 18689
13065 12809
13065 24385
13066 11786
13099 2361
13099 11378
13099 13191
13099 16976
13155 12517
13191 11378
13203 5544
13214 12735
13343 11861
13383 5887
13383 12615
13383 24682
13406 11378
13431 12508
13431 12786
13684 1422
13786 630
13786 1784
13786 2413
13786 4920
13786 7680
13786 9057
13786 11846
13786 12615
13786 12768
13786 12846
13786 16018
13786 18385
13786 18602
13786 20917
13786 22513
13969 1105
13969 1658
13969 5203
13969 7212
13969 8107
13969 9360
13969 12607
13969 12613
13969 12709
13969 12744
13969 16076
13969 16348
13969 19554
13969 21110
13969 24734
14211 7074
14224 6557
14224 9239
14387 2202
14387 6634
14387 8232
14387 12889
14414 3348
14500 12987
14583 15814
14595 44
14595 8632
14595 12615
14595 12671
14713 12627
14805 9185
14888 13191
14920 1582
14920 5644
14920 7074
14920 7759
14920 12427
14920 12838
14920 13184
15145 601
15145 12627
15161 4756
15161 12394
15161 12607
15161 12613
15251 12601
15282 4313
15282 12039
15282 12603
15332 4343
15332 9056
15332 14054
15332 18602
15332 19554
15382 11130
15406 5107
15447 12544
15688 12656
15698 16900
15814 12163
15814 21110
15888 12795
16018 6006
16018 11130
16018 12627
16018 12687
16186 11378
16186 12821
16186 12876
16268 9082
16345 19901
16581 12991
16601 16678
16609 12695
16613 242
16613 260
16613 6557
16613 9363
16859 3754
16859 7921
16859 11657
16859 11777
16859 12678
16880 13483
16976 22513
17058 10541
17058 12692
17058 12938
17058 24596
17157 13662
17180 11512
17290 7921
17290 12118
17338 726
17338 8232
17338 9586
17338 11547
17349 7305
17349 21786
17576 12887
17695 630
17706 12707
17729 2497
17729 4343
17742 11691
17742 17626
17809 12275
17840 12899
18034 4920
18056 4459
18169 630
18169 2202
18169 5933
18169 7123
18169 8996
18169 9057
18169 10573
18169 12436
18169 12952
18169 19328
18169 23711
18401 726
18401 814
18401 3120
18401 5506
18401 12706
18424 12824
18438 5414
18574 3162
18574 4690
18574 7942
18574 9057
18574 9733
18574 11929
18574 12520
18574 12585
18574 12628
18574 12663
18574 12905
18574 13662
18574 16345
18574 18602
18574 20259
18602 623
18602 3130
18602 6874
18602 8155
18602 12555
18602 12876
18602 19266
18602 19693
18602 24517
18602 24519
18619 1158
18619 1269
18619 2134
18619 3311
18619 7074
18619 10247
18619 12163
18619 12608
18619 12644
18619 21891
18634 12966
18689 782
18689 2202
18689 12515
18689 12530
18689 21394
18764 1312
18919 11378
18940 3921
19059 5933
19059 8996
19059 12334
19059 12394
19059 12687
19059 16018
19059 16976
19059 20681
19059 20904
19087 4920
19087 21699
19105 10656
19138 12369
19138 12685
19138 19650
19149 1913
19149 12611
19149 12928
19149 19355
19165 12529
19293 11569
19328 8996
19328 11967
19355 1913
19355 5892
19355 7759
19355 8047
19355 9363
19355 10027
19355 10398
19355 12530
19355 12722
19355 14976
19426 2467
19445 16120
19454 6417
19454 14806
19465 14835
19480 11861
19480 12859
19554 4458
19554 8107
19554 11722
19554 17840
19685 630
19685 14232
19871 12308
19871 12781
19882 18602
19901 3212
19901 4343
19901 4511
19901 4685
19901 5178
19901 6124
19901 6247
19901 6299
19901 6634
19901 7851
19901 9046
19901 10398
19901 10573
19901 12520
19901 12690
19901 12789
19901 12799
19901 12921
19901 14806
19901 20817
19904 2384
19904 5311
19904 11715
19915 5203
19915 6417
19915 9239
19915 12181
19915 13786
19915 14888
20242 11313
20242 12627
20242 23711
20259 1388
20259 2329
20259 5447
20259 12799
20259 20817
20285 54
20285 1740
20285 2497
20285 11861
20285 12105
20355 3982
20355 4242
20355 8147
20355 8364
20355 10207
20355 11357
20355 11929
20355 12526
20355 12529
20355 12566
20355 12635
20355 12644
20355 12777
20355 19165
20355 22819
20355 23348
20387 572
20387 12615
20387 12958
20387 21768
20422 12729
20512 1313
20512 8049
20512 12402
20512 12525
20594 6917
20676 20817
20676 24206
20783 12789
20814 3130
20817 8996
20817 9082
20817 11078
20817 12715
20817 12758
20817 12799
20817 12806
20817 12980
20817 16345
20878 19901
20878 22598
20883 1140
20897 11522
20907 8564
21079 12590
21089 9351
21110 20812
21177 1676
21213 6417
21213 11967
21233 804
21233 5261
21240 4026
21240 4819
21240 7006
21240 12577
21240 12828
21336 804
21336 1658
21336 2134
21336 4829
21336 6836
21336 8332
21336 8996
21336 12658
21336 12759
21336 21884
21336 22660
21356 22598
21584 2736
21699 434
21699 496
21699 726
21699 2736
21699 3130
21699 3760
21699 4920
21699 5644
21699 6975
21699 7268
21699 7778
21699 8047
21699 8944
21699 9405
21699 9716
21699 9842
21699 11419
21699 11811
21699 11846
21699 11916
21699 11929
21699 12295
21699 12427
21699 12621
21699 12665
21699 12700
21699 12734
21699 12756
21699 12761
21699 12777
21699 12806
21699 12807
21699 12809
21699 12812
21699 12888
21699 12937
21699 12948
21699 12952
21699 12976
21699 12984
21699 13786
21699 22598
21699 24282
21786 1578
21786 12517
21800 1430
21800 8232
21800 11657
21800 12789
21878 12706
21881 8297
21884 22217
21893 19181
21954 5712
21954 6124
21954 7268
21954 9046
21954 9082
21954 11916
21954 12544
21954 12714
21954 12912
22072 18472
22134 1658
22134 12541
22217 876
22276 642
22276 6837
22276 9082
22328 15369
22364 16303
22373 4343
22373 8147
22412 4920
22452 2416
22505 14835
22513 3130
22536 12738
22598 3130
22598 3427
22598 4511
22598 5644
22598 8019
22598 8155
22598 10398
22598 11006
22598 11378
22598 11484
22598 12491
22598 12525
22598 12585
22598 12806
22598 13662
22598 16345
22598 20259
22598 24519
22718 9312
22718 11390
22742 7759
22882 763
22882 1136
22882 3993
22882 9679
22882 12345
22882 12968
23235 7352
23235 8984
23235 11916
23235 12408
23235 13184
23235 19685
23235 22819
23348 1140
23348 2831
23348 6124
23348 7539
23348 8232
23348 9239
23348 10410
23348 10429
23348 10811
23348 11952
23348 12152
23348 12551
23348 12640
23348 12789
23348 12924
23348 19087
23348 23125
23360 2394
23360 12924
23912 400
23946 2592
24133 1658
24133 12918
24133 12927
24150 2497
24150 10603
24150 12614
24150 14691
24191 1312
24191 12343
24191 12776
24191 15953
24206 22598
24224 5506
24226 666
24226 1609
24226 3874
24226 7266
24226 10121
24226 10541
24226 10936
24226 11916
24226 12923
24226 17333
24226 19650
24250 5105
24252 5015
24252 8996
24252 12651
24252 12751
24252 12806
24322 4756
24322 19554
24386 19379
24393 1658
24393 7123
24442 8878
24452 12750
24460 358
24460 1422
24460 9363
24460 12389
24460 12450
24460 12487
24460 12577
24460 12828
24460 13383
24460 20893
24492 5969
24492 13383
24517 12987
24518 244
24518 4242
24519 11006
24519 17283
24526 11378
24568 935
24568 5761
24568 12665
24568 20814
24640 8878
24682 8632
24682 12615
24682 14595
24684 15229
24692 12894
24692 24462
24710 1658
24734 8107
24734 9360
20 2592
20 2622
20 5817
20 6213
20 11579
20 12734
21 5086
44 4408
44 12188
44 12310
44 12389
54 968
54 1296
54 24591
141 2938
156 9418
196 1740
212 3433
212 6961
213 13025
213 21800
215 12902
231 1141
231 6975
231 7838
231 8184
231 8368
231 9022
231 12452
231 12610
231 12978
231 13175
231 13422
231 14964
231 16867
231 24626
242 6589
252 642
252 701
252 11507
252 13094
252 13221
260 13326
287 212
287 9753
287 12744
287 13133
287 13250
287 16345
292 13021
320 11328
348 13286
349 1842
349 8507
349 11056
386 1658
386 23235
394 5953
412 11953
412 12812
412 19149
412 22276
466 3609
466 12350
473 10681
496 18619
525 13218
525 24265
546 2592
555 8852
560 8364
560 12736
572 2194
572 10429
572 11919
572 12805
574 7354
596 1038
596 9312
596 12576
596 13021
596 13116
596 20355
596 21985
623 642
623 701
623 814
623 6310
623 9853
623 10569
623 12853
623 13042
623 13141
623 13845
642 1312
642 2392
642 6575
642 6589
642 7778
642 8657
642 11357
642 12078
642 12840
642 12982
642 13094
642 13289
642 13307
642 13328
642 13331
642 13633
642 23360
644 686
664 4242
701 630
701 1038
701 1296
701 1639
701 2831
701 6054
701 6124
701 6167
701 7923
701 8232
701 9360
701 9779
701 9841
701 10429
701 11826
701 12033
701 12037
701 12376
701 12492
701 12542
701 12610
701 12744
701 12812
701 12956
701 13018
701 13037
701 13056
701 13125
701 13136
701 13154
701 13156
701 13159
701 13162
701 13170
701 13178
701 13195
701 13227
701 13269
701 13281
701 13302
701 13307
701 13325
701 13344
701 13360
701 13408
701 16581
701 24320
701 24393
701 24404
726 1296
726 1369
726 1393
726 2611
726 5032
726 7268
726 11357
726 11869
726 12734
726 12736
726 12902
726 12945
726 12980
726 13094
726 14691
726 14920
726 16581
726 20355
776 7759
804 1430
804 3777
804 6557
804 9011
804 19266
830 570
830 3528
830 4975
830 12777
830 12953
833 11861
833 20904
834 23206
866 11916
876 1473
876 6049
876 6167
876 7365
876 8852
876 10844
876 11644
876 12539
876 12650
876 13349
876 16377
876 18434
876 23941
895 7387
906 1951
906 7338
917 1312
929 1296
929 1312
929 4920
929 9893
929 10718
929 16345
929 17675
929 20917
929 20938
929 21336
934 4242
979 2134
1013 1296
1013 11357
1013 12077
1013 12230
1013 12610
1018 5513
1018 10811
1018 12450
1018 13200
1038 7759
1038 11758
1038 12452
1038 22536
1105 7
1105 230
1105 260
1105 2767
1105 3729
1105 3823
1105 9405
1105 10410
1105 11562
1105 11698
1105 12812
1105 13105
1105 13206
1105 13280
1105 13326
1105 13328
1105 13374
1105 13485
1105 14583
1105 24265
1116 1393
1116 13216
1116 13407
1116 17675
1116 22882
1133 13267
1133 13387
1137 3072
1137 4572
1137 8107
1137 9573
1137 9660
1137 11644
1137 12450
1137 12650
1137 12719
1137 13328
1197 13021
1215 10429
1215 12037
1215 14401
1221 5147
1221 12054
1221 13328
1221 16637
1230 12953
1244 13093
1312 244
1312 496
1312 6124
1312 12945
1312 13081
1312 13156
1312 13165
1312 14976
1313 12402
1317 6124
1317 11953
1317 13237
1346 6049
1346 21336
1346 24088
1354 13390
1382 5682
1382 13211
1383 3172
1393 21
1393 4769
1393 12282
1393 13226
1403 6124
1403 9853
1403 13156
1430 929
1430 7554
1430 8462
1430 10250
1430 11507
1430 13023
1430 13141
1430 18414
1430 18619
1441 18602
1520 7921
1538 3123
1538 4903
1538 12033
1538 12282
1538 12563
1538 13038
1538 13051
1538 13293
1538 13427
1542 3049
1547 18855
1581 7365
1632 1137
1632 5633
1633 13113
1633 16213
1658 1999
1658 2497
1658 2794
1658 5953
1658 10939
1658 12230
1658 12953
1658 13024
1658 13105
1658 13200
1658 13315
1658 13518
1658 13786
1658 14820
1658 21913
1658 24322
1658 24354
1658 24555
1676 13120
1708 4920
1740 1904
1740 6592
1740 7478
1740 8232
1740 8632
1740 9405
1740 12045
1740 12392
1740 12834
1740 13142
1740 13173
1740 13185
1740 13224
1740 13349
1740 16892
1740 16895
1740 24722
1741 726
1741 1542
1741 2424
1741 5892
1741 7186
1741 8598
1741 10259
1741 11507
1741 12283
1741 12450
1741 12539
1741 12688
1741 13006
1741 13007
1741 13078
1741 13151
1741 13215
1741 13218
1741 22559
1800 11378
1846 2392
1846 3049
1846 3141
1846 10627
1846 10681
1846 11149
1846 11843
1846 12450
1846 12982
1846 13262
1846 13328
1846 14976
1861 7
1861 3101
1861 9057
1861 20917
1875 3172
1875 5178
1875 18169
1913 5032
1913 9256
1913 9360
1934 4242
1949 8632
1951 6961
1951 8310
1951 9841
1951 9853
1951 11901
1951 13111
1951 13136
1951 13180
1952 11378
2099 17966
2134 726
2134 1741
2134 5892
2134 7656
2134 7764
2134 11758
2134 12188
2134 12956
2134 13289
2134 13328
2134 13356
2194 701
2194 1741
2194 2831
2194 4047
2194 5682
2194 5866
2194 5946
2194 6063
2194 7478
2194 7921
2194 11767
2194 12902
2194 13006
2194 13052
2194 13090
2194 13114
2194 13170
2194 13337
2194 18602
2197 642
2197 1018
2197 5925
2197 6707
2197 9239
2197 9933
2197 13062
2197 13332
2197 19379
2197 20889
2225 14189
2281 12886
2307 1312
2307 12734
2307 13138
2361 7759
2384 2497
2384 5953
2384 10573
2384 13211
2384 24710
2389 13673
2392 9418
2392 13377
2411 1038
2411 13021
2424 13006
2427 12777
2487 630
2487 642
2487 1913
2487 2497
2487 5519
2487 10121
2487 11730
2487 11953
2487 12925
2487 13332
2487 20889
2487 24480
2487 24545
2491 7410
2497 1543
2497 4794
2497 6851
2497 8237
2497 8657
2497 8995
2497 10027
2497 11406
2497 11826
2497 11899
2497 12082
2497 12953
2499 6149
2499 6851
2499 8232
2508 12805
2508 12899
2583 9648
2592 260
2592 642
2592 5105
2592 6961
2592 9853
2592 10811
2592 12600
2592 12786
2592 13014
2592 13101
2592 13141
2592 13307
2592 14195
2592 21800
2611 13042
2622 1312
2622 2497
2622 12812
2622 13042
2622 14583
2622 23711
2629 15450
2633 1403
2659 13136
2713 9405
2794 22438
2811 7478
2811 9022
2811 10681
2811 13108
2815 1264
2815 4242
2831 763
2831 4343
2831 8820
2831 11743
2831 12135
2872 11843
2872 12957
2872 13054
2872 13223
2953 18169
2997 7478
2997 12033
2997 13018
2997 13109
2997 19554
2997 22882
2997 24033
3003 8096
3003 24518
3049 1393
3049 6149
3049 10833
3055 2134
3055 12957
3078 11023
3101 929
3101 1038
3101 4185
3101 8321
3101 9057
3101 11507
3101 18169
3101 18414
3130 6851
3141 7186
3172 798
3172 1861
3172 4242
3172 6707
3172 9082
3172 9256
3172 10681
3172 11313
3172 11507
3172 11722
3172 12829
3172 12900
3172 12902
3172 13206
3172 14583
3172 20889
3172 22598
3172 23711
3172 24722
3192 285
3203 9256
3227 5969
3372 13022
3420 13211
3425 2815
3425 5409
3425 10027
3433 11357
3455 4607
3455 8321
3455 11953
3455 13186
3506 13358
3523 6917
3528 3714
3528 4775
3528 12033
3528 13406
3570 13101
3675 11743
3714 2997
3754 17675
3757 1875
3760 13423
3784 630
3843 934
3843 12805
3843 13200
3865 13144
3874 4275
3874 12876
3874 13063
3986 320
3986 10830
3986 14583
3986 22412
4048 11503
4094 8995
4094 24710
4121 1116
4121 1393
4121 6247
4121 8364
4125 12376
4158 13173
4183 4186
4185 18414
4187 5105
4242 763
4242 3038
4242 5105
4242 5519
4242 8102
4242 8310
4242 8996
4242 9486
4242 11056
4242 11097
4242 13231
4242 13287
4242 13300
4242 13324
4242 13717
4242 16345
4242 19554
4242 20285
4242 20817
4242 21800
4275 14500
4331 10566
4331 13030
4331 15714
4343 212
4343 9135
4343 11994
4343 12600
4343 12953
4343 13485
4343 24480
4407 1913
4407 13143
4407 21985
4408 11657
4408 13381
4430 18602
4459 7478
4482 23223
4547 4683
4551 17326
4567 3172
4567 5105
4567 9239
4567 11378
4578 10681
4578 13101
4607 6851
4607 11606
4607 12902
4607 12909
4607 13186
4653 11743
4653 12563
4667 4769
4667 11846
4667 12082
4667 17675
4683 7778
4683 12178
4685 701
4685 13123
4685 13427
4685 24722
4704 21899
4724 13387
4735 13377
4737 1312
4737 3130
4737 11357
4737 11606
4737 12789
4737 17412
4737 24226
4743 2602
4781 12037
4794 9057
4829 13236
4829 13328
4879 24265
4920 287
4920 1393
4920 4607
4920 6879
4920 7565
4920 8462
4920 9648
4920 9978
4920 12886
4920 13023
4920 13905
4920 16880
4920 18414
4920 18754
4920 19685
4928 9256
4928 21240
4952 10429
4960 8321
4960 8462
4960 22521
4982 5310
5052 320
5105 1543
5112 24682
5123 13364
5127 8005
5147 12178
5152 3953
5152 6634
5178 3101
5178 4920
5178 5105
5178 8462
5178 12948
5178 13012
5178 13023
5178 13175
5178 13188
5178 13321
5178 15450
5178 16345
5178 18414
5178 24121
5203 12037
5231 8017
5282 6049
5282 24088
5284 231
5345 726
5345 4123
5345 9751
5345 11644
5345 12178
5345 13211
5345 13381
5345 14595
5345 16377
5345 18955
5345 24033
5446 545
5448 12230
5485 16345
5489 18602
5519 2282
5519 2497
5519 6917
5519 7209
5519 13008
5544 6063
5544 11657
5544 12834
5544 13351
5544 13359
5544 16892
5583 7785
5595 6278
5639 7759
5644 13023
5658 14195
5660 2053
5660 2612
5660 3570
5660 6026
5660 6757
5660 11826
5660 12112
5660 12838
5660 12947
5660 13221
5660 18634
5660 19441
5660 24573
5677 701
5677 12033
5677 14361
5677 24635
5769 1913
5808 3141
5887 12572
5946 2392
5946 3072
5946 4094
5946 6917
5946 7209
5946 8657
5946 10027
5946 10681
5946 12178
5946 12449
5946 12894
5946 13034
5946 13154
5946 13262
5946 21328
5953 4094
5959 13005
6002 1296
6002 9340
6002 13810
6017 12054
6047 12283
6047 13018
6047 14691
6049 9660
6049 20285
6095 1658
6095 6278
6095 9365
6095 12789
6124 11953
6124 12876
6149 8232
6149 8935
6182 3301
6182 13158
6209 7682
6209 19554
6247 1393
6247 5310
6247 8820
6247 12371
6247 18034
6258 1692
6258 9405
6258 12310
6258 13225
6278 4275
6278 6124
6278 11953
6278 12789
6278 12876
6278 13237
6278 20355
6310 12777
6319 11023
6417 1221
6417 5539
6417 5817
6417 13139
6419 1502
6419 1653
6485 13419
6485 20917
6485 24226
6497 13068
6528 309
6529 9584
6529 11606
6557 231
6557 701
6557 1543
6557 4928
6557 5105
6557 5658
6557 7387
6557 8232
6557 8507
6557 9256
6557 12045
6557 12600
6557 13039
6557 13163
6557 13300
6557 14195
6557 18574
6557 18619
6589 12135
6589 16799
6589 18602
6589 19149
6666 4903
6666 12517
6666 16345
6666 17675
6698 19438
6707 19379
6735 10811
6735 12607
6735 13361
6790 13190
6845 642
6845 12188
6845 13105
6845 13338
6851 642
6851 2421
6869 5303
6869 5776
6869 18689
6917 54
6917 1018
6917 4242
6917 8996
6917 12310
6917 14189
6917 17872
6917 22188
6934 496
6944 8632
6961 12876
6975 7209
6975 9082
6975 13332
7094 8921
7107 6589
7152 1221
7152 2134
7152 6417
7152 10027
7152 13139
7186 9779
7266 9239
7354 1038
7354 18034
7410 546
7410 3152
7410 12514
7410 13200
7410 17003
7478 9025
7478 9770
7478 14595
7478 18056
7478 18438
7478 19421
7498 13104
7499 8305
7514 2831
7514 12840
7514 19149
7566 6167
7566 11929
7601 701
7601 968
7601 6437
7601 7266
7601 13138
7648 8352
7648 9025
7648 10429
7648 10666
7648 12991
7648 13071
7648 21786
7648 21881
7656 13356
7668 14595
7743 12600
7759 2794
7759 3123
7759 6851
7759 8820
7759 9679
7759 12079
7759 12230
7759 12492
7759 13199
7759 13262
7759 13362
7778 630
7778 5310
7778 9177
7778 11912
7778 12282
7778 12953
7778 13094
7778 13297
7838 9555
7851 12371
7851 12838
7921 13412
7923 13370
7942 7923
8031 9641
8097 13969
8100 12789
8102 7244
8102 9297
8102 11929
8102 12944
8102 13230
8160 13030
8162 11814
8166 13094
8166 13231
8166 13314
8199 13158
8199 13380
8232 3452
8232 5105
8232 8984
8232 9742
8232 10148
8232 11313
8232 11357
8232 11814
8232 12734
8232 12915
8232 14224
8232 16613
8232 21240
8237 8995
8305 13037
8305 18005
8305 20512
8310 12668
8310 12734
8321 8996
8321 22598
8352 13093
8364 10410
8452 2416
8462 2416
8462 12789
8462 24365
8657 2392
8657 10356
8664 13373
8813 3089
8813 5756
8813 13237
8820 3834
8826 2487
8846 2794
8846 13024
8852 24710
8921 2194
8921 11994
8921 18619
8935 2499
8935 3863
8935 6589
8935 9057
8935 12734
8935 12900
8935 13317
8935 13326
8935 13377
8935 24518
8944 14361
8984 3953
8984 12574
8984 12812
8995 9365
8996 7
8996 990
8996 1301
8996 2352
8996 3420
8996 4920
8996 5682
8996 5953
8996 6049
8996 7921
8996 8132
8996 11547
8996 11861
8996 12600
8996 12677
8996 12789
8996 13052
8996 13071
8996 13185
8996 13211
8996 13222
8996 13349
8996 14888
8996 19454
8996 20917
8996 22438
8996 23478
9005 10115
9005 22438
9022 7478
9022 19554
9025 1875
9025 2497
9025 4351
9025 5682
9025 9742
9025 13113
9025 13114
9025 13328
9025 14583
9025 15450
9025 16377
9025 19149
9025 19554
9030 12517
9057 798
9057 1296
9057 1312
9057 3172
9057 6149
9057 6247
9057 9679
9057 11357
9057 11685
9057 12242
9057 12252
9057 12537
9057 12574
9057 12945
9057 13101
9057 13265
9057 16775
9057 17326
9057 18602
9057 18619
9057 22167
9057 22990
9057 23711
9082 6851
9082 20355
9140 9679
9157 12537
9165 9232
9177 572
9177 2307
9177 6589
9177 12068
9177 12812
9177 13094
9177 13287
9177 13325
9177 13374
9177 16345
9177 18602
9177 19149
9177 23235
9232 11901
9232 13286
9238 13365
9238 13390
9238 13421
9239 4920
9239 5105
9239 5969
9239 6095
9239 9360
9239 11357
9239 11758
9239 13132
9239 13154
9239 13372
9239 24722
9256 9363
9297 12452
9360 979
9363 12805
9365 7
9365 6149
9365 9467
9365 12037
9405 450
9524 11953
9539 15450
9547 12668
9553 814
9553 9256
9553 13018
9553 13123
9555 2389
9555 6602
9555 7427
9555 8310
9555 11761
9555 12012
9555 12999
9555 13377
9555 23235
9660 11644
9679 763
9679 1895
9679 4975
9679 6851
9679 12953
9679 13333
9736 968
9742 12789
9764 285
9764 19438
9808 8352
9811 16336
9827 18414
9842 726
9842 1296
9842 11727
9842 11953
9842 16345
9842 17290
9842 19149
9893 8321
9893 18414
9957 2497
9957 6961
9957 13094
9960 12777
9962 12720
9978 13321
9978 13365
10006 9256
10115 12450
10121 6851
10121 12925
10121 24545
10168 5147
10207 13377
10259 7478
10273 13294
10292 320
10292 11357
10307 934
10307 5817
10307 12900
10307 13017
10307 13179
10307 24722
10351 6278
10356 5925
10356 6975
10356 12574
10356 13331
10410 7478
10410 12665
10410 13058
10410 13218
10410 13250
10410 13386
10429 124
10429 1913
10429 3564
10429 6851
10429 11929
10429 12510
10429 12607
10429 12777
10429 13306
10429 24320
10544 18619
10566 6557
10566 9555
10566 10939
10566 18574
10676 12944
10681 8107
10681 18602
10767 13149
10811 9978
10811 10410
10811 11357
10811 12037
10811 12982
10811 13049
10811 13411
10811 23360
10833 7478
10844 21884
10997 16345
11055 4920
11055 22521
11056 8507
11056 12964
11082 12344
11149 8310
11152 1846
11152 9177
11152 9842
11152 24409
11167 630
11167 6124
11167 6589
11167 13394
11328 3172
11328 13146
11357 13432
11357 24226
11361 24386
11378 10811
11378 23707
11393 18602
11406 11899
11406 12778
11406 12925
11406 13267
11406 16213
11419 21786
11507 18602
11547 4242
11547 11606
11547 13071
11547 24722
11577 8852
11579 8664
11579 8984
11579 12734
11579 12812
11607 5682
11657 8507
11657 8632
11657 12805
11657 13022
11657 13053
11657 13108
11657 13321
11657 24722
11684 1639
11684 6437
11684 8237
11684 11378
11684 11507
11684 12045
11684 12623
11684 13287
11684 13331
11684 18602
11685 6851
11698 9113
11698 11756
11698 13211
11700 12953
11700 16345
11715 13090
11725 285
11725 16998
11726 831
11743 4146
11743 9165
11743 9312
11743 13020
11743 13159
11743 13264
11743 13302
11743 13382
11755 2497
11756 231
11756 20817
11758 23348
11764 13027
11764 13247
11764 21786
11764 24568
11767 285
11767 496
11767 1018
11767 8984
11767 9834
11767 11357
11767 12812
11767 12876
11767 13091
11767 13093
11767 21786
11767 23235
11784 3101
11793 20355
11819 6310
11819 7209
11819 9486
11819 13058
11819 13377
11840 285
11840 3289
11840 11967
11848 2583
11854 1296
11890 6851
11890 13170
11901 13033
11910 3632
11921 12789
11949 22276
12006 9841
12013 13300
12013 13372
12013 16998
12022 12054
12022 17675
12033 269
12033 280
12033 410
12033 777
12033 1116
12033 4186
12033 4332
12033 4903
12033 4952
12033 5539
12033 6047
12033 6638
12033 6665
12033 6782
12033 7244
12033 8924
12033 12511
12033 13184
12033 13406
12033 13407
12033 15450
12033 18619
12033 20517
12033 20907
12033 22559
12033 22882
12033 23943
12033 24033
12033 24265
12041 12407
12054 8995
12077 18940
12078 21891
12080 13146
12105 13030
12105 17293
12106 19901
12126 231
12135 701
12135 814
12135 3172
12135 5105
12135 6149
12135 6961
12135 8127
12135 8232
12135 11357
12135 12953
12135 12973
12135 13138
12135 13198
12135 13326
12135 14756
12135 14920
12135 15161
12135 18619
12141 12623
12163 13146
12163 21336
12169 9742
12171 7478
12171 13215
12174 15714
12174 16998
12178 7014
12178 12449
12211 726
12211 8632
12211 12976
12222 11727
12224 11357
12242 11507
12273 12805
12342 1627
12346 6124
12346 24226
12358 11313
12364 1116
12364 4121
12364 4920
12367 1312
12367 3172
12367 20992
12384 630
12389 12805
12450 13024
12450 13100
12450 13120
12452 8352
12452 12283
12452 13241
12452 22718
12456 673
12468 21336
12539 1313
12539 8995
12539 9025
12574 6851
12574 13180
12574 21786
12574 24393
12587 9082
12600 13237
12600 20355
12604 20285
12618 1846
12658 6851
12658 9022
12665 503
12665 2831
12665 5369
12665 6874
12665 8996
12665 12812
12665 13071
12665 13126
12665 13403
12668 496
12668 4121
12668 6417
12668 9256
12668 12600
12668 13126
12668 13294
12668 13295
12669 11906
12670 9256
12670 12604
12670 13412
12712 4146
12712 13344
12712 17568
12728 13138
12732 496
12734 4242
12734 4343
12734 7266
12734 8127
12734 11419
12734 13061
12734 13097
12734 13386
12734 13399
12734 21891
12734 23235
12735 4086
12736 14920
12777 4242
12777 13042
12777 13065
12777 13231
12777 19438
12777 22276
12789 570
12789 5409
12789 8664
12789 9025
12789 9679
12789 11211
12789 12169
12789 12326
12789 12574
12789 13114
12789 13268
12789 23039
12812 496
12812 1215
12812 13326
12840 14927
12870 5953
12870 11313
12876 798
12876 14500
12894 3953
12894 8995
12900 1740
12900 5817
12900 5892
12900 11378
12900 13120
12900 13321
12900 13518
12900 16998
12900 24555
12900 24722
12934 5032
12945 6851
12945 13081
12945 23348
12956 5145
12956 6851
12971 6278
12982 3528
12982 12385
12982 13049
12982 18919
12999 9256
12999 13211
13003 4047
13003 5892
13003 13361
13003 16213
13006 12473
13009 213
13011 12948
13012 18414
13013 21444
13014 9868
13024 20285
13027 7244
13027 11562
13027 12037
13027 21786
13030 642
13030 1105
13030 2382
13030 6592
13030 7921
13030 8632
13030 9239
13030 11313
13030 13098
13030 13208
13030 13300
13030 13324
13030 13361
13030 13372
13030 13412
13030 13969
13030 15714
13030 16613
13030 17293
13030 20285
13030 21786
13034 623
13034 1789
13034 4134
13034 4920
13034 11507
13034 12135
13034 13094
13037 18602
13038 22882
13042 968
13042 10683
13042 12840
13042 13231
13042 13326
13042 20345
13049 13233
13051 6593
13057 18764
13061 11579
13064 11826
13065 6851
13065 12944
13065 13317
13069 19059
13073 13211
13074 15161
13075 3564
13076 23138
13079 19199
13080 5032
13099 15594
13099 17675
13109 13134
13109 13969
13115 11727
13119 13109
13124 13123
13126 18602
13130 2376
13132 11324
13139 1221
13149 20883
13153 3335
13167 2633
13171 22222
13172 12068
13173 21800
13180 18619
13187 18396
13197 7001
13212 231
13212 13198
13218 21240
13219 12789
13223 12157
13229 13244
13231 22276
13235 24265
13237 14500
13238 8993
13239 10121
13240 13147
13246 6879
13247 1116
13247 2643
13247 4183
13247 6002
13247 8363
13247 10321
13247 11808
13247 13358
13251 1823
13253 13250
13253 22990
13256 12464
13259 2612
13265 12789
13273 19901
13277 21356
13281 16581
13292 7955
13293 24282
13301 5146
13304 6851
13305 12805
13314 13231
13321 1842
13321 5299
13321 5544
13321 7209
13321 9259
13321 12112
13321 13351
13321 13405
13321 21328
13331 18602
13335 1369
13337 12900
13341 19554
13344 13347
13346 1407
13346 24684
13355 5892
13357 10352
13359 16892
13370 8311
13371 23707
13372 16613
13376 8722
13384 10002
13387 6949
13403 13125
13403 21584
13404 13400
13408 23348
13415 8598
13425 13421
13429 24351
13434 24065
13518 9256
13786 13485
13845 4343
13969 3823
13969 7478
13969 7838
13969 8993
13969 10939
13969 12037
13969 12777
13969 13098
13969 13361
13969 13372
13969 16867
13969 21786
13969 24393
14054 9239
14211 10429
14211 13151
14361 13151
14401 13252
14414 1050
14414 11313
14469 12894
14469 13185
14595 4928
14595 10307
14595 12900
14853 1861
14853 24710
14920 1312
14920 1875
14920 12371
14920 13007
14920 13018
14920 13198
14920 24519
14927 24722
15082 10681
15161 6149
15161 7198
15161 9022
15161 13377
15161 19421
15161 19554
15250 3570
15251 11660
15282 12037
15361 8107
15447 20355
15450 1215
15450 11761
15542 7940
15570 630
15688 1264
15688 13208
15814 21
15814 1116
15814 1393
15814 2036
15814 6149
15814 13371
15888 8127
16186 596
16186 1951
16186 11507
16186 12078
16186 12449
16186 12517
16186 13219
16186 13231
16186 13289
16186 13362
16186 17872
16336 7410
16345 8346
16581 11149
16581 11357
16609 4928
16613 13142
16859 6592
16859 12273
16859 12389
16859 13173
16859 13315
16859 24722
16880 9555
16880 11761
16880 24519
16892 285
17058 9177
17058 10410
17058 16323
17097 24108
17290 1296
17290 24722
17293 12198
17293 12677
17293 24393
17298 19730
17299 12677
17299 13969
17338 4242
17338 5595
17338 6278
17349 726
17412 11357
17675 54
17675 5409
17675 8237
17675 11910
17675 12627
17675 12999
17675 13138
17675 13211
17675 14920
17675 18619
17706 13333
17801 5409
17966 12279
18034 1430
18169 726
18169 1137
18169 6167
18323 14583
18438 12177
18472 1846
18472 3141
18574 1215
18574 1430
18574 4940
18574 9113
18574 12886
18574 17180
18602 763
18602 2831
18602 3172
18602 6124
18602 6961
18602 12600
18602 13023
18602 13147
18602 13287
18619 410
18619 642
18619 1312
18619 1393
18619 2516
18619 6917
18619 9256
18619 11023
18619 11357
18619 11700
18619 11733
18619 11967
18619 12082
18619 12452
18619 12893
18619 13015
18619 13111
18619 13138
18619 13153
18619 13198
18619 13230
18619 13236
18619 14691
18619 17298
18619 24442
18619 24480
18664 13058
18698 6125
18822 14482
18917 24710
18919 12778
18940 13104
19059 1188
19059 10573
19059 16775
19087 5409
19087 9256
19087 12838
19105 5892
19138 13088
19138 13125
19149 1296
19149 4920
19149 12230
19149 18602
19172 12171
19266 1543
19266 1913
19328 1846
19328 9057
19328 11644
19355 701
19355 3141
19355 8305
19355 10356
19355 12045
19355 12668
19355 13143
19355 13239
19355 13267
19355 20355
19379 13332
19445 12068
19454 466
19454 15450
19480 13969
19498 642
19554 7478
19554 21786
19712 12615
19802 2592
19901 644
19901 6167
19901 10997
19901 11023
19901 12574
19901 15450
19901 20938
19902 726
19902 1296
19904 1296
19915 1312
19915 5703
19938 24386
20242 8107
20285 115
20285 1658
20285 8846
20285 11313
20285 11801
20355 2611
20355 6851
20355 9256
20355 9978
20355 13008
20355 13071
20355 13377
20355 18602
20355 20889
20355 23223
20387 1904
20387 5345
20387 11945
20387 13381
20387 16601
20676 701
20676 14401
20676 16880
20676 24519
20817 1296
20817 12384
20817 15450
20861 928
20861 4275
20861 22559
20861 24550
20869 3152
20883 6914
20883 12283
20892 12964
20992 18169
20992 24226
21079 13071
21110 1313
21213 16345
21240 2767
21240 7186
21240 11761
21240 13430
21240 13518
21336 570
21336 1393
21336 2497
21336 3172
21336 12517
21336 13034
21336 13111
21336 13113
21336 17979
21336 19441
21336 20917
21336 22217
21356 4920
21356 11507
21584 12948
21699 2997
21699 5409
21699 6149
21699 6634
21699 9853
21699 11743
21699 12242
21699 12838
21699 12980
21699 13005
21699 13111
21699 13143
21699 20817
21786 642
21786 1296
21786 6851
21786 9405
21786 9555
21786 9842
21786 10681
21786 12610
21786 12789
21786 13028
21800 934
21800 8632
21800 8993
21800 16895
21800 24722
21854 348
21876 11357
21878 11357
21884 12805
21891 2307
21913 5147
21926 4607
21954 763
21954 1543
21954 7478
21954 12997
22072 777
22134 7387
22134 12899
22134 13053
22188 13180
22276 968
22276 5105
22276 12984
22276 13088
22276 13326
22276 24226
22283 701
22283 5925
22283 9834
22283 11819
22283 13156
22412 1807
22412 11357
22412 11517
22412 12925
22412 13231
22452 11562
22513 1296
22513 2279
22513 7209
22513 13090
22513 13140
22513 13222
22598 6529
22598 13111
22882 13027
22906 1654
22906 11901
22906 12838
22906 16946
22943 13045
23223 2392
23226 20812
23235 111
23235 570
23235 642
23235 5946
23235 8820
23235 11023
23235 12079
23235 12135
23235 12371
23235 13162
23235 13230
23235 13231
23298 2389
23348 701
23348 1296
23348 1895
23348 4975
23348 6149
23348 6589
23348 7244
23348 7326
23348 7759
23348 9841
23348 11423
23348 11724
23348 12600
23348 12990
23348 13005
23348 13071
23348 13125
23348 16163
23348 18602
23348 20817
23348 24480
23360 155
23360 252
23360 5677
23472 231
23707 21985
23711 20021
23923 24077
23933 6589
23941 20917
24133 292
24133 1038
24133 6887
24133 9256
24133 11949
24133 13011
24133 13021
24133 13175
24133 13421
24133 14756
24133 16581
24133 21985
24150 18619
24191 10429
24206 22521
24226 4275
24226 6278
24226 8352
24226 12367
24226 12876
24226 13033
24226 13063
24226 13231
24226 13286
24226 14500
24252 726
24252 1018
24252 11087
24252 12902
24265 709
24265 9292
24265 11260
24322 7682
24354 24710
24393 4343
24393 8984
24393 10719
24404 11023
24404 24448
24409 701
24452 6437
24460 6851
24474 6149
24492 12834
24518 320
24518 2611
24518 8364
24518 11328
24518 11393
24518 13141
24518 13147
24518 24519
24555 12273
24555 12389
24555 12805
24555 24579
24568 6437
24568 7326
24568 13015
24568 13130
24568 13241
24568 24620
24579 6975
24635 14361
24682 349
24682 1741
24682 6258
24682 9405
24682 13047
24707 13237
24710 5953
24710 10168
