24740 7922
1 7478
4 8984
20 664
20 1403
20 2633
20 6528
20 13337
20 18602
20 24226
44 2423
44 6917
44 12188
44 12805
44 13217
44 13218
44 18602
54 8116
90 2283
90 5831
141 2497
155 6937
155 7778
155 9600
155 13406
156 13456
156 13508
212 3433
212 5044
212 6851
212 10410
212 11357
212 12367
212 12882
212 13386
212 22276
231 1409
231 7760
231 8632
231 12610
231 13557
252 642
252 701
252 4683
252 5324
252 7244
252 11355
252 11527
252 13896
255 701
255 13684
271 13597
280 3506
287 3950
287 4928
287 8935
287 12211
287 13456
287 13525
287 13547
287 13595
287 13598
287 13666
287 13706
287 13770
287 13856
320 11367
320 11479
331 4920
331 8403
335 13236
337 1018
344 11670
349 8507
386 13684
394 8939
395 18574
412 3789
412 13639
412 13658
460 17283
460 22276
462 4607
475 9022
484 5346
484 13171
496 1140
496 18619
501 981
525 1740
525 13654
540 13666
540 13731
572 8880
572 10646
572 13722
596 3528
596 5795
596 6836
596 12179
596 13563
596 13674
596 21542
623 1530
630 644
630 686
630 2831
630 4920
630 10183
630 12573
630 13086
630 20817
642 701
642 1001
642 1238
642 3425
642 5519
642 5677
642 5748
642 6582
642 7760
642 9789
642 10356
642 11048
642 11357
642 12279
642 12310
642 13049
642 13472
642 13591
642 13595
642 13596
642 13605
642 13612
642 13636
642 13674
642 13780
642 13818
642 13829
642 13870
642 18602
642 18689
644 4121
644 13682
662 17706
684 12977
684 13099
686 644
686 2629
701 367
701 2777
701 3168
701 3292
701 3814
701 4441
701 4928
701 5409
701 5748
701 5892
701 6124
701 7010
701 8984
701 9025
701 9798
701 11949
701 12633
701 13342
701 13502
701 13532
701 13538
701 13580
701 13593
701 13648
701 13728
701 13731
701 13760
701 13797
701 13818
701 13823
701 13860
701 13901
701 20554
726 287
726 410
726 596
726 1013
726 1197
726 3950
726 4150
726 5748
726 6937
726 7266
726 11527
726 11843
726 12242
726 12665
726 13109
726 13237
726 13255
726 13414
726 13538
726 13620
726 13731
726 13759
726 13761
726 13787
726 18602
726 19498
726 23933
726 24226
763 2407
763 4242
776 10410
776 17742
804 5178
804 10811
830 606
830 833
830 1013
830 2349
830 2467
830 3736
830 6095
830 8096
830 9025
830 11733
830 12063
830 12913
830 12989
830 13502
830 13858
830 13902
830 16018
830 19059
830 20871
830 22135
830 22341
830 24177
833 213
833 4343
833 10168
833 17840
834 5105
834 6505
834 13460
834 24298
866 630
866 3950
866 13553
869 24588
876 7
876 830
876 1137
876 1859
876 5831
876 6049
876 6095
876 8880
876 8939
876 9307
876 9398
876 12081
876 12169
876 13458
876 14888
876 16377
876 20917
876 21328
876 24722
895 8996
906 2872
906 13721
929 1861
929 4920
929 5152
929 6095
929 6666
929 11919
929 13716
929 13749
929 24519
990 8996
996 7680
1013 12543
1013 12610
1013 12734
1013 13214
1013 13741
1013 13749
1013 13902
1013 20970
1013 24252
1018 1312
1018 13218
1022 2592
1022 8436
1031 13544
1038 12025
1038 17706
1050 14414
1105 367
1105 1237
1105 2423
1105 3944
1105 5852
1105 5892
1105 8632
1105 10811
1105 11048
1105 11378
1105 12037
1105 12179
1105 12229
1105 13218
1105 13538
1105 13549
1105 13595
1105 13597
1105 13814
1105 13852
1105 14835
1105 16895
1105 19446
1105 24722
1116 6002
1116 13850
1116 18619
1116 22882
1133 3292
1133 14835
1137 716
1137 1707
1137 2349
1137 2497
1137 4094
1137 6049
1137 6485
1137 8996
1137 9025
1137 10573
1137 10646
1137 11048
1137 12719
1137 12998
1137 13452
1137 13453
1137 13456
1137 13490
1137 13529
1137 13530
1137 13542
1137 13562
1137 13641
1137 21328
1137 22217
1137 23171
1137 24480
1139 12482
1140 9405
1141 5346
1141 13639
1158 13821
1197 13761
1221 5677
1221 7907
1221 13490
1221 13704
1221 22364
1230 8935
1230 24404
1244 503
1244 1001
1244 13564
1244 13760
1249 1333
1301 417
1312 212
1312 929
1312 1934
1312 3874
1312 4567
1312 7266
1312 8436
1312 8935
1312 9239
1312 10811
1312 12078
1312 22276
1313 13693
1313 18034
1317 12600
1346 9057
1346 22217
1379 6914
1383 4409
1383 11048
1383 11819
1384 8996
1384 11881
1393 3292
1393 4121
1393 13721
1401 8421
1403 3874
1403 12078
1403 13096
1403 13554
1403 13564
1403 13612
1403 13629
1407 7213
1407 13797
1409 6944
1430 804
1430 1312
1430 2329
1430 6666
1430 7565
1430 8462
1430 9978
1430 11761
1430 11919
1430 13634
1430 13804
1430 23235
1441 13775
1495 10707
1538 4928
1538 11916
1538 12633
1538 13776
1538 13906
1543 9960
1547 11571
1582 6937
1582 11167
1582 13655
1582 13761
1582 17336
1582 22521
1595 2487
1595 6413
1595 13502
1632 8262
1632 9025
1639 1238
1639 3172
1639 11819
1639 12371
1639 17057
1658 2423
1658 5346
1658 7825
1658 11313
1658 12358
1658 13305
1658 13518
1667 10027
1667 13496
1676 2423
1734 24445
1740 1401
1740 1658
1740 2034
1740 2423
1740 3035
1740 5633
1740 7682
1740 9025
1740 10144
1740 10331
1740 12119
1740 12171
1740 12273
1740 12805
1740 13185
1740 13479
1740 13490
1740 13634
1740 13739
1740 13876
1740 16867
1740 24722
1741 5852
1741 5892
1741 8047
1741 13366
1741 13806
1741 13819
1749 13969
1772 11406
1780 13886
1788 13193
1788 13440
1788 13818
1842 11056
1842 13305
1846 642
1846 5120
1846 5409
1846 5411
1846 5519
1846 5946
1846 6961
1846 8096
1846 8944
1846 8995
1846 9305
1846 9405
1846 12063
1846 13513
1846 13566
1846 13567
1846 13595
1846 13600
1846 13612
1846 13674
1846 17097
1859 22559
1861 20
1861 13487
1861 13659
1861 22598
1901 1401
1934 2592
1934 13777
1951 4326
1951 7244
1951 10811
1951 12376
1951 12633
1951 13503
1951 13521
1951 13532
1951 13538
1951 13562
1951 13564
1951 13636
2018 13066
2018 19059
2034 14595
2091 13538
2099 7575
2134 3123
2134 13461
2194 1632
2194 1707
2194 3035
2194 3973
2194 4667
2194 5324
2194 5633
2194 5852
2194 8880
2194 9239
2194 10566
2194 10646
2194 11738
2194 11785
2194 12798
2194 13083
2194 13218
2194 13531
2194 13533
2194 13598
2194 13706
2194 13772
2194 13814
2194 14387
2194 18602
2194 22200
2194 22217
2194 22598
2194 24265
2197 253
2197 1582
2197 1595
2197 1741
2197 2497
2197 3172
2197 3452
2197 4482
2197 5633
2197 5946
2197 6413
2197 6914
2197 6937
2197 6975
2197 6999
2197 7401
2197 7442
2197 8935
2197 11048
2197 11715
2197 12044
2197 12394
2197 12894
2197 13481
2197 13512
2197 13595
2197 13713
2197 13715
2197 13811
2197 13848
2197 20889
2197 23235
2197 23904
2197 24393
2281 12768
2281 13835
2307 8935
2307 13471
2307 16863
2329 13086
2352 525
2361 5677
2361 13559
2384 9025
2384 9295
2384 11738
2384 14414
2384 16867
2384 19730
2384 21328
2387 8935
2387 13098
2387 13557
2392 12310
2392 13496
2411 19498
2413 2197
2416 19379
2423 14595
2423 21240
2424 1001
2424 13451
2487 4920
2487 6247
2487 12982
2487 13140
2487 13481
2487 13496
2487 13814
2487 22559
2491 8289
2497 5409
2497 5660
2497 8634
2497 9305
2497 10785
2497 12063
2497 13774
2497 13794
2497 13886
2497 19730
2497 22513
2497 23933
2499 11571
2499 13368
2508 4928
2508 7921
2508 11954
2581 7989
2592 1543
2592 5105
2592 11498
2592 12610
2592 13068
2592 13290
2592 13511
2592 13597
2592 13702
2592 18940
2592 20647
2622 11725
2622 23235
2629 255
2629 331
2629 2329
2629 4920
2629 6247
2629 8096
2629 8935
2629 13682
2629 16863
2629 19901
2633 1403
2633 7989
2633 9405
2633 13237
2633 13596
2633 13755
2633 24404
2655 13573
2659 12236
2794 10412
2797 19554
2811 9239
2811 13786
2831 1913
2831 7759
2831 11929
2831 12507
2831 13612
2831 13666
2872 1741
2872 5120
2872 6228
2872 8363
2872 13721
2872 13772
2872 13819
2961 7759
2978 21240
2997 2629
2997 9011
2997 13399
2997 13846
2997 13902
2997 16843
2997 19698
3049 12044
3049 13027
3049 13628
3049 13806
3049 13829
3049 18619
3049 22341
3055 6258
3101 12789
3101 13582
3113 5105
3141 5311
3168 9405
3168 13034
3172 287
3172 1595
3172 3559
3172 5644
3172 9420
3172 11761
3172 12777
3172 12789
3172 13456
3172 13583
3172 13598
3172 13666
3172 13804
3172 17057
3172 19915
3172 21328
3172 24480
3227 13519
3255 3704
3292 7778
3292 14920
3293 22283
3301 6182
3301 12127
3334 5595
3337 3141
3337 13882
3372 16892
3425 13826
3433 13524
3439 5748
3452 7759
3452 8232
3506 11040
3506 13611
3528 2384
3528 4928
3528 7404
3528 11916
3528 13625
3570 10722
3591 12326
3651 13737
3701 5105
3714 5892
3714 14624
3733 11474
3733 13562
3760 6937
3760 13896
3824 13541
3824 17675
3843 2440
3865 8664
3865 13144
3874 24226
3921 24226
3947 23608
3950 2592
3950 7759
3950 13741
3986 4685
3986 13237
4094 17675
4121 194
4121 3255
4121 3704
4121 7123
4121 7442
4121 13011
4121 13655
4126 13439
4126 13575
4154 6318
4154 11062
4154 13469
4187 13191
4196 13518
4196 24445
4242 597
4242 1013
4242 2811
4242 5107
4242 6589
4242 7266
4242 7442
4242 11547
4242 11725
4242 12216
4242 12610
4242 13520
4242 13533
4242 13611
4242 13665
4242 13722
4242 13767
4242 13856
4255 13564
4331 4370
4331 7410
4331 11355
4331 24393
4343 3953
4343 5152
4343 7648
4343 7760
4343 12633
4343 13612
4343 13759
4343 13829
4343 18602
4343 23360
4350 13369
4370 8984
4370 9398
4398 9025
4406 1658
4407 1708
4407 8096
4407 13556
4407 13674
4411 8421
4430 8984
4430 18684
4440 287
4440 4441
4440 5748
4440 7552
4440 13460
4440 15447
4441 6937
4441 10427
4482 13557
4533 34
4551 8880
4567 4355
4567 5105
4567 5324
4567 7028
4567 8310
4567 8436
4567 8440
4567 9842
4567 13237
4567 13595
4567 13598
4567 13658
4567 22276
4578 8812
4578 11048
4578 11194
4578 13508
4578 13533
4607 12106
4607 13084
4607 13237
4607 13309
4607 13487
4607 13540
4607 13583
4607 24480
4624 11738
4624 16843
4642 21786
4653 11328
4653 11743
4667 13848
4683 11071
4685 4407
4685 4600
4685 4928
4685 7940
4685 9057
4685 11887
4685 12282
4685 13290
4685 13774
4685 13901
4685 23348
4685 24265
4724 13761
4735 586
4737 9239
4781 9082
4781 13549
4781 13670
4781 18940
4879 14189
4920 644
4920 804
4920 1639
4920 8321
4920 8403
4920 12371
4920 12573
4920 13027
4920 13506
4920 13598
4920 13631
4920 13666
4920 13682
4920 13851
4920 13877
4920 16863
4920 20817
4920 22598
4920 24177
4928 1708
4928 10144
4952 12228
4952 13438
4952 13691
5052 13612
5076 644
5105 701
5105 11579
5123 10785
5150 4496
5152 2384
5152 4094
5152 4572
5152 6095
5152 6589
5152 6999
5152 9351
5152 11577
5152 22990
5152 24250
5152 24480
5178 630
5178 2629
5178 3452
5178 7266
5178 8321
5178 12326
5178 12536
5178 12627
5178 12789
5178 13426
5178 13615
5178 13631
5178 15450
5178 22521
5189 287
5189 4146
5189 4653
5193 644
5193 6247
5193 18574
5261 11841
5261 12665
5282 1153
5282 11168
5311 1772
5311 3292
5311 5120
5311 10785
5311 12789
5311 13575
5314 8444
5324 13472
5324 13706
5345 1692
5345 2569
5345 3021
5345 4781
5345 7003
5345 9405
5345 11967
5346 979
5346 13772
5408 5506
5408 9312
5408 11541
5408 12229
5409 6182
5409 7601
5409 9082
5409 12063
5409 13564
5409 13649
5409 18602
5409 21110
5409 24404
5411 2831
5411 5892
5411 10121
5411 12025
5430 12610
5477 4928
5477 11313
5485 16345
5485 24519
5519 5411
5519 13814
5544 11194
5583 5677
5633 13457
5639 1197
5639 13761
5644 12371
5644 18574
5658 22276
5660 215
5660 700
5660 1038
5660 1153
5660 4187
5660 5120
5660 5345
5660 8047
5660 10811
5660 11357
5660 12033
5660 12838
5660 13191
5660 13714
5660 13759
5660 13864
5660 19730
5677 287
5677 8096
5677 13666
5682 11607
5753 5892
5753 10785
5753 13461
5753 18034
5753 23348
5769 7989
5808 8047
5831 6485
5852 5892
5852 17675
5887 24682
5946 1316
5946 1595
5946 2487
5946 2961
5946 5411
5946 9788
5946 10785
5946 11048
5946 11843
5946 12894
5946 13331
5946 13502
5946 13553
5946 13612
5946 13650
5946 13721
5946 17097
5953 394
6002 11562
6002 21786
6009 17843
6017 9798
6047 7759
6049 5282
6049 9660
6095 13066
6095 13902
6124 8005
6124 9275
6124 12876
6124 13807
6124 18602
6167 4781
6167 8939
6167 13836
6182 701
6182 10025
6182 13029
6182 13478
6182 13579
6182 23707
6192 1613
6228 5120
6247 6167
6247 9420
6247 13027
6247 13713
6257 9405
6258 4638
6258 12188
6278 13237
6278 13755
6318 13519
6319 2467
6319 8564
6338 10811
6346 24386
6366 1558
6476 115
6485 1153
6485 11919
6485 13684
6485 13702
6485 17283
6497 13581
6528 7410
6528 12459
6528 13777
6547 12524
6547 14195
6557 20
6557 242
6557 4355
6557 5105
6557 10811
6557 11076
6557 13399
6557 13544
6557 13763
6582 8921
6589 4551
6589 10811
6598 716
6598 7442
6598 8812
6598 11357
6598 12719
6606 3953
6606 13657
6666 9082
6666 9120
6666 14583
6666 18574
6666 21584
6735 5645
6735 13502
6735 22315
6747 12944
6818 13518
6845 701
6845 13430
6869 6036
6869 13485
6874 8813
6917 16892
6937 11078
6937 13666
6937 23933
6944 8632
6944 24265
6960 10343
6975 13481
6999 7478
6999 10681
6999 23130
7123 4607
7186 3950
7186 4441
7186 8935
7186 12767
7186 13587
7186 13613
7186 13706
7186 18034
7209 12876
7266 9239
7305 8880
7305 9351
7351 5345
7401 11071
7410 1137
7410 1949
7410 2440
7410 3152
7410 9405
7410 11954
7410 13599
7410 13882
7478 11048
7498 13612
7514 15447
7514 18602
7516 23846
7557 1848
7601 287
7601 6095
7601 9082
7601 11357
7601 11929
7601 12228
7601 12325
7648 5152
7648 9082
7648 9676
7648 12998
7648 13368
7648 24265
7682 5892
7682 10722
7682 10785
7682 11474
7682 11738
7682 13453
7682 14195
7682 16909
7682 24265
7682 24722
7743 1654
7743 12849
7743 13348
7743 13612
7759 2375
7759 9405
7759 10707
7759 11916
7759 12282
7759 13749
7759 13760
7759 18602
7759 18863
7760 23707
7778 7244
7778 11634
7778 13011
7778 13735
7778 13785
7778 21584
7825 15684
7888 134
7921 16377
7929 13084
7942 7266
7976 8995
7985 13851
8005 1158
8005 3153
8005 4775
8005 10563
8005 13460
8005 13640
8005 13839
8005 13883
8005 13885
8005 22559
8096 18619
8102 1313
8102 5120
8102 5892
8102 6937
8102 11843
8102 12037
8102 13691
8127 10356
8199 21
8199 6182
8199 13369
8205 13448
8232 9405
8262 13440
8262 13649
8262 13870
8262 20292
8305 5346
8305 9239
8305 9960
8305 12658
8305 13066
8321 9025
8364 4989
8403 630
8403 13631
8421 3141
8421 8096
8421 10573
8421 13706
8421 13786
8436 18602
8440 11819
8452 13027
8632 1949
8664 12798
8813 20
8813 626
8813 3168
8813 3575
8813 13658
8813 13666
8813 13724
8921 4967
8921 6557
8935 3683
8935 11479
8935 11819
8935 12665
8935 13569
8935 13649
8935 13859
8935 13902
8935 15447
8935 18602
8935 24640
8944 2794
8984 13969
8996 97
8996 610
8996 876
8996 1105
8996 1842
8996 2034
8996 6485
8996 8321
8996 9025
8996 9351
8996 9555
8996 10259
8996 11817
8996 11908
8996 12169
8996 12627
8996 12719
8996 13321
8996 13487
8996 13622
8996 13643
8996 16377
8996 17300
8996 18396
8996 18602
8996 19446
9005 13261
9025 20
9025 1105
9025 4572
9025 4667
9025 5892
9025 6598
9025 7478
9025 8812
9025 8939
9025 10008
9025 10722
9025 11048
9025 11168
9025 11313
9025 12106
9025 12627
9025 12658
9025 13450
9025 13458
9025 13731
9025 13744
9025 13767
9025 13776
9025 13852
9025 13858
9025 18396
9025 21913
9025 22601
9025 23535
9025 24265
9027 13211
9030 5946
9050 11056
9050 12581
9057 20
9057 630
9057 1708
9057 3143
9057 3313
9057 4607
9057 6937
9057 8935
9057 8939
9057 9398
9057 9420
9057 9676
9057 12106
9057 12394
9057 13083
9057 13086
9057 13485
9057 13583
9057 13658
9057 13666
9057 13670
9057 13713
9057 13729
9057 13749
9057 13760
9057 13787
9057 13797
9057 13806
9057 13848
9057 13876
9057 13889
9057 19730
9057 20917
9057 22217
9057 23235
9057 23360
9057 24265
9057 24519
9082 9842
9082 13760
9082 24445
9177 8813
9177 11357
9177 11507
9177 13564
9177 18401
9232 13666
9238 700
9238 1654
9238 7266
9238 18401
9239 1658
9239 11357
9239 11819
9239 13261
9239 13648
9239 13720
9239 14224
9239 24298
9239 24722
9275 1190
9275 8935
9275 13083
9275 21240
9305 4160
9305 13794
9307 12659
9312 23707
9365 2953
9365 5409
9365 8096
9365 13399
9365 13426
9365 13487
9365 13523
9365 13666
9398 701
9398 4928
9398 12982
9398 13716
9398 24265
9405 2361
9405 2467
9405 11725
9405 11916
9405 13541
9405 17880
9405 19730
9494 13471
9494 13760
9553 1846
9553 13734
9553 18863
9553 24480
9555 242
9555 642
9555 1543
9555 1951
9555 4928
9555 6953
9555 8436
9555 12310
9555 12820
9647 13305
9647 13490
9676 19901
9679 11355
9679 11841
9679 12633
9682 18034
9682 23707
9716 4355
9716 24730
9736 13089
9736 13147
9736 24404
9762 13099
9789 23348
9798 16678
9842 13658
9842 14500
9960 7907
10001 1949
10001 13882
10006 12310
10008 18619
10090 935
10121 12757
10121 13456
10121 13496
10121 13612
10121 13663
10121 13749
10121 13814
10121 13902
10168 6017
10168 13864
10207 11819
10273 11313
10273 13144
10292 496
10292 1430
10292 8935
10292 11357
10292 13471
10292 13658
10292 13659
10292 24226
10331 13684
10356 12734
10356 13674
10356 18602
10410 7037
10410 13368
10410 13587
10410 13636
10410 13675
10410 13715
10429 19498
10544 12611
10566 1587
10566 3231
10566 18689
10568 23164
10640 1312
10676 12869
10722 13030
10767 13517
10811 642
10811 10410
10811 11056
10811 11579
10811 13438
10811 18602
10811 24404
10837 14387
11040 7244
11040 10707
11040 13714
11056 12908
11056 13217
11056 13502
11071 12876
11076 1658
11076 7037
11076 22559
11078 12371
11130 13431
11149 8116
11149 13661
11152 13563
11167 700
11167 2629
11167 6124
11167 6589
11167 9312
11167 11507
11167 11929
11167 13605
11167 13659
11167 17336
11291 12572
11328 13612
11355 12242
11357 17742
11357 18602
11357 21876
11361 9025
11361 16186
11371 24157
11378 1672
11378 7478
11378 14361
11378 17675
11393 17097
11393 18602
11406 4160
11406 13140
11406 13191
11406 13453
11479 18602
11507 6589
11507 9978
11507 20285
11527 13842
11547 24265
11579 7037
11579 13767
11598 13775
11657 5633
11657 6917
11657 13519
11657 13729
11657 13859
11657 13902
11684 1001
11684 1202
11684 2831
11684 5120
11684 6598
11684 9405
11684 11357
11684 13366
11684 13453
11684 13491
11684 13509
11684 13634
11684 13691
11684 18602
11684 24393
11695 22598
11700 2831
11700 12633
11700 13683
11715 2831
11715 13544
11715 13557
11718 1658
11722 21913
11725 2349
11733 13666
11743 1333
11743 4441
11743 8262
11743 13443
11743 13478
11743 13634
11743 13714
11743 13860
11743 13878
11743 18401
11743 23758
11748 19366
11757 7989
11757 20992
11767 726
11767 1430
11767 10811
11767 13540
11767 16186
11767 18602
11784 5152
11784 12106
11785 13718
11793 10292
11817 6417
11817 11355
11819 11715
11819 12777
11819 13531
11819 13557
11819 13591
11819 13647
11819 13720
11840 12106
11842 13533
11848 12773
11861 426
11861 16867
11870 11861
11870 20444
11881 8102
11899 4160
11908 9351
11910 2304
11910 3292
11919 5682
11919 16976
11919 18434
11945 1707
11967 12665
12013 4928
12013 13518
12022 13806
12025 10279
12025 13621
12033 642
12037 4186
12041 13223
12084 24393
12106 13897
12117 287
12118 13519
12135 212
12135 1312
12135 1323
12135 3168
12135 3452
12135 4928
12135 5105
12135 7342
12135 9082
12135 9555
12135 9978
12135 10811
12135 11355
12135 11357
12135 11507
12135 11748
12135 11929
12135 12228
12135 12242
12135 12282
12135 12310
12135 12376
12135 12620
12135 13068
12135 13237
12135 13305
12135 13426
12135 13511
12135 13531
12135 13547
12135 13549
12135 13550
12135 13596
12135 13612
12135 13749
12135 13884
12135 17742
12135 18602
12135 18619
12135 19871
12135 24404
12135 24588
12142 19730
12155 5324
12163 5120
12163 13829
12163 18602
12169 8277
12169 13083
12169 13882
12171 9025
12178 8871
12178 9040
12211 1740
12211 2629
12211 4187
12211 5345
12211 21110
12211 24722
12343 7028
12358 11076
12358 13879
12364 4920
12364 12326
12364 24177
12367 12820
12367 18602
12367 24298
12389 13217
12450 2423
12450 13733
12456 673
12468 13321
12519 13399
12539 5143
12539 5831
12539 6485
12539 9025
12539 10785
12539 12169
12539 14888
12543 13741
12547 929
12573 13631
12574 34
12574 3943
12574 5748
12574 13857
12587 1639
12587 3172
12587 4920
12597 1859
12597 11919
12597 13573
12600 1312
12600 13068
12600 13237
12600 13564
12618 17097
12625 22598
12633 13498
12633 23348
12637 11785
12637 12610
12658 9978
12658 11657
12658 13066
12665 2361
12665 4947
12665 5409
12665 6681
12665 9978
12665 13109
12665 13487
12665 13666
12665 14224
12665 15447
12665 21542
12665 24226
12665 24404
12668 12230
12668 13372
12668 13503
12670 2423
12670 7478
12670 12211
12712 12465
12712 13353
12712 13478
12720 4920
12720 13504
12734 496
12734 1022
12734 1951
12734 5105
12734 6192
12734 9405
12734 11030
12734 11357
12734 12543
12734 12610
12734 13214
12734 13350
12734 13399
12734 13426
12734 13501
12734 13524
12734 13549
12734 14232
12734 18449
12734 24393
12750 11357
12757 13663
12773 13247
12777 8659
12777 11102
12789 12627
12812 11579
12812 13255
12812 13749
12812 17475
12812 24298
12842 14361
12869 15814
12894 4663
12894 13496
12894 13502
12894 13882
12894 13886
12894 14387
12896 4280
12900 1401
12900 2767
12900 5633
12900 5856
12900 7682
12900 11474
12900 11738
12900 12658
12900 13453
12900 13634
12900 13771
12900 16909
12900 18602
12900 19730
12913 1846
12949 2361
12956 13366
12982 3425
12982 7759
12982 9736
12982 11715
12982 12044
12982 12376
12982 12633
12982 13049
12982 13089
12982 13562
12982 13663
12982 18602
12982 23360
12983 13513
12983 24480
12998 13321
12999 13833
12999 13858
12999 16895
13003 12037
13011 16721
13027 7424
13027 8096
13027 9405
13027 9798
13027 11106
13027 12033
13027 13247
13027 13602
13027 13749
13027 13760
13027 22452
13027 23707
13028 13247
13030 20
13030 1137
13030 1658
13030 2491
13030 3944
13030 6557
13030 8632
13030 9025
13030 9555
13030 11571
13030 12574
13030 13452
13030 13598
13030 13715
13030 13969
13030 14054
13030 23904
13030 24393
13030 24722
13034 19355
13045 22943
13049 13674
13049 19730
13065 212
13065 13350
13065 13481
13066 8237
13083 13545
13083 13583
13083 13747
13098 13969
13099 8996
13119 13728
13125 13247
13179 8195
13191 6666
13210 2361
13214 12610
13214 13741
13218 13305
13218 13321
13231 22276
13237 13414
13240 13147
13247 333
13247 1116
13247 1757
13247 6002
13247 6582
13247 8005
13247 8930
13247 11848
13247 13691
13247 13734
13247 18619
13247 23943
13248 586
13254 2592
13278 1913
13290 24265
13305 902
13305 1740
13305 2423
13305 4928
13305 12201
13305 13185
13305 13217
13305 13518
13305 13768
13305 13859
13305 13882
13305 13893
13305 13904
13321 1018
13321 1384
13321 5946
13321 7648
13321 7759
13321 11843
13321 13456
13321 13700
13321 18619
13321 23458
13321 24722
13336 19293
13343 1137
13343 13191
13343 24480
13369 13478
13369 13527
13369 18401
13370 1312
13370 4653
13387 1934
13406 8852
13408 23348
13431 4928
13440 21786
13446 3729
13447 3771
13452 13454
13461 2776
13461 14387
13472 13650
13472 13661
13482 2947
13486 13066
13497 18602
13501 4781
13504 18574
13504 22598
13530 13512
13536 1513
13544 7616
13551 6124
13553 20817
13555 12048
13562 23360
13562 24265
13563 19157
13569 24045
13571 24404
13576 24404
13586 13554
13588 15814
13589 12492
13598 18574
13614 19181
13616 13343
13624 13736
13627 1836
13628 130
13628 642
13628 4183
13628 4556
13628 8213
13628 10603
13628 11843
13628 16186
13628 18689
13630 12953
13630 14006
13631 24365
13632 9586
13632 22200
13634 13659
13634 20554
13635 12135
13635 22276
13639 8910
13639 11861
13639 13255
13639 24108
13643 18056
13648 13969
13649 14920
13653 231
13662 13096
13672 11929
13674 20399
13677 13674
13680 14304
13684 4928
13684 9405
13684 13866
13686 8813
13688 13683
13689 13688
13690 11700
13692 12869
13693 18034
13696 12282
13697 10490
13705 21240
13709 19149
13716 3814
13716 6124
13718 5314
13725 8614
13729 1692
13729 10178
13730 596
13731 23535
13740 24029
13748 1639
13757 3528
13758 24710
13779 22276
13780 11357
13783 255
13783 11322
13786 1692
13786 6278
13786 6485
13786 7682
13786 8939
13786 9405
13786 9842
13786 10641
13786 10722
13786 11048
13786 12169
13786 12896
13786 13030
13786 13613
13786 13643
13786 13649
13786 13674
13786 13775
13786 15450
13786 17675
13787 13802
13788 16094
13790 19464
13792 13716
13793 22559
13795 7509
13795 13520
13795 13733
13795 14195
13801 3372
13805 5449
13820 22730
13822 1749
13826 5409
13831 2777
13832 6937
13843 18602
13845 13529
13847 23348
13865 12079
13872 16508
13881 12358
13884 124
13885 6701
13885 10563
13885 11542
13888 9750
13889 10356
13892 22807
13894 8935
13895 8935
13910 16345
13969 1401
13969 2387
13969 2811
13969 5892
13969 7682
13969 8632
13969 13368
13969 13715
13969 13857
13969 14195
13969 17675
13969 19915
13969 23904
14054 13767
14054 23904
14195 5633
14195 6598
14195 6999
14195 8812
14195 13767
14224 1951
14232 9002
14304 8935
14304 24226
14387 12325
14387 13758
14414 4572
14414 9025
14414 13066
14414 22217
14500 11953
14595 7478
14595 7825
14595 12169
14595 13083
14806 2467
14888 5282
14888 8939
14888 9025
14888 12169
14888 20917
14920 155
14920 285
14920 5178
14920 5324
14920 6937
14920 12611
14920 13613
14920 13734
14920 22521
15024 3141
15057 11953
15161 3452
15161 11819
15161 13237
15161 13531
15161 13969
15161 24588
15282 1249
15282 13588
15332 11048
15332 13448
15332 19554
15361 6124
15361 13471
15361 24722
15382 7338
15406 13775
15447 20
15447 929
15447 2629
15447 13473
15447 13780
15450 5324
15450 11474
15450 17283
15814 2
15814 124
15814 3704
15814 4653
15814 4760
15814 6218
15814 6937
15814 7404
15814 13716
15814 20817
15888 21878
15991 13772
16018 5152
16018 5831
16018 6095
16018 6485
16018 12989
16018 13643
16018 14888
16018 22217
16186 903
16186 6937
16186 11048
16186 12102
16186 13270
16186 13448
16186 18602
16186 23320
16306 18602
16336 1031
16336 1312
16345 642
16345 8346
16345 9842
16345 11700
16377 4928
16548 6999
16548 15361
16581 496
16581 4781
16581 11030
16581 11357
16581 11479
16581 13426
16581 13471
16581 13524
16581 13741
16581 14224
16613 6557
16613 13544
16613 13745
16859 4215
16859 4928
16859 12358
16859 13876
16884 287
16892 23782
16895 9555
16895 13858
16895 14224
17058 18602
17066 13456
17097 10168
17157 4920
17157 13365
17291 13890
17298 269
17298 8421
17298 9057
17675 1116
17675 13027
17675 13775
17675 16867
17732 12572
17742 6049
17809 13798
17840 7410
17977 13666
18005 3704
18005 13567
18034 4920
18034 6937
18034 9553
18034 12573
18034 23348
18056 20517
18088 11363
18323 24519
18438 9082
18568 1312
18574 630
18574 804
18574 2629
18574 4920
18574 9025
18574 9082
18574 10641
18574 13666
18574 19915
18602 1951
18602 2831
18602 3814
18602 5120
18602 12876
18602 13089
18602 13509
18602 13605
18602 13639
18602 13709
18602 18574
18602 19498
18619 155
18619 726
18619 6247
18619 6582
18619 6937
18619 7244
18619 7266
18619 7989
18619 9057
18619 10292
18619 11507
18619 11843
18619 12633
18619 12910
18619 13426
18619 13471
18619 13613
18619 13785
18619 14920
18619 20892
18619 21336
18619 24265
18689 3123
18689 3528
18689 12325
18689 23360
18863 3506
18919 7976
19087 118
19087 1021
19149 6589
19149 9868
19149 13666
19149 14304
19149 18401
19149 23933
19156 13527
19172 13768
19293 4187
19328 13027
19328 13487
19328 13573
19355 13628
19421 9295
19426 21444
19439 11841
19454 215
19480 1658
19480 9239
19480 13969
19498 252
19498 13428
19554 7682
19554 9025
19554 24269
19685 13698
19730 1658
19730 3049
19730 8452
19730 9025
19730 11738
19730 13027
19730 13625
19730 13720
19730 13806
19730 22341
19888 1105
19901 6247
19901 8096
19901 12163
19901 14583
19915 1913
19915 2831
19915 8436
19915 8812
19915 9788
19915 13643
19915 14195
19915 15361
19915 16608
19915 18034
19915 18602
19915 24722
19938 13144
20101 3425
20259 13698
20285 13634
20387 11945
20517 7478
20517 12063
20676 2134
20676 9239
20817 5178
20817 5677
20817 6666
20817 9405
20817 10183
20817 10811
20817 11357
20817 12282
20817 13716
20817 13851
20817 18574
20817 22598
20817 24365
20883 13640
20883 18863
20889 12777
20889 13481
20897 4160
20917 2831
20917 6485
21071 11104
21079 13372
21089 1934
21110 2629
21110 9405
21110 13634
21110 13797
21213 8996
21213 13731
21240 11048
21240 13518
21240 13649
21240 13772
21240 13815
21240 13841
21240 16892
21240 24722
21336 1846
21336 6247
21336 6589
21336 8321
21336 9025
21336 13439
21336 21901
21336 24177
21356 357
21356 630
21356 1582
21356 17283
21402 630
21542 24226
21699 13406
21786 496
21786 1140
21786 6028
21786 8289
21786 8930
21786 11785
21786 13511
21786 13751
21786 22882
21800 13858
21876 13713
21878 11357
21881 9405
21901 6247
21901 13027
21926 475
21926 9022
21954 8880
21954 21913
22160 13815
22217 10573
22217 20242
22217 21954
22276 496
22276 4326
22276 12230
22276 12367
22276 13255
22276 24386
22283 804
22283 5324
22283 12777
22283 13350
22341 1658
22341 2497
22341 13625
22412 8634
22412 24226
22513 13625
22521 13607
22536 9025
22598 644
22598 12573
22598 13622
22598 13631
22598 13676
22598 24206
22819 18574
22882 2997
22906 4685
22906 12282
22906 19498
23085 22217
23144 7662
23235 118
23235 381
23235 441
23235 574
23235 7778
23235 9025
23235 10008
23235 10811
23235 11761
23235 12026
23235 12135
23235 13034
23235 13325
23235 13658
23235 13848
23235 23707
23298 6681
23298 7037
23298 12683
23348 285
23348 477
23348 747
23348 2467
23348 2592
23348 2831
23348 3874
23348 4600
23348 5324
23348 6028
23348 7244
23348 8310
23348 9239
23348 9275
23348 9405
23348 11357
23348 12078
23348 12437
23348 13068
23348 13083
23348 13109
23348 13427
23348 13532
23348 13550
23348 13562
23348 13605
23348 13629
23348 13716
23348 13783
23348 13787
23348 18401
23348 18602
23348 18689
23348 20554
23348 21240
23348 21584
23348 24265
23360 19179
23473 6054
23473 13735
23707 1038
23707 5324
23707 7338
23711 17710
23921 13832
23933 12102
23933 13901
24088 833
24133 12894
24133 13524
24133 13556
24133 13728
24133 24252
24150 1001
24150 3049
24150 11843
24224 2091
24224 7244
24224 13683
24226 1403
24226 1530
24226 1848
24226 3789
24226 4653
24226 5748
24226 6740
24226 11357
24226 11819
24226 12135
24226 13237
24226 13255
24226 13612
24226 13629
24226 13639
24226 24404
24238 9853
24250 8812
24252 496
24252 2304
24252 2467
24252 4685
24252 8289
24252 11355
24252 12767
24252 13629
24252 13760
24252 13902
24252 14189
24252 14835
24252 24445
24265 4465
24265 9705
24265 11421
24265 11423
24265 13178
24265 13901
24266 8813
24313 10331
24322 1658
24322 4756
24365 8462
24381 11104
24386 19087
24393 2491
24393 4756
24393 4928
24393 6049
24393 8996
24393 11355
24393 12789
24393 13821
24393 13866
24393 13969
24474 3123
24480 13612
24492 13217
24492 13218
24492 13518
24492 13744
24518 11357
24518 12600
24518 12768
24568 2375
24568 3298
24568 7244
24568 13683
24568 13691
24568 13787
24568 13901
24568 23348
24579 5324
24579 5409
24579 13350
24588 13531
24680 24224
24704 23360
24710 13567
24710 14387
20 1312
20 9842
34 1899
34 14062
34 22276
44 4183
44 5892
44 9005
44 10331
44 12834
44 13518
44 13800
44 14149
44 14255
44 15940
44 24682
90 5765
90 8939
117 13066
212 496
212 13525
213 12481
215 1379
231 2446
231 9055
231 10532
231 10574
231 11378
231 14201
231 14230
231 15394
252 12078
252 14018
253 7760
255 9776
271 1543
287 9055
287 11823
287 13099
287 13427
287 13468
287 13941
287 14032
287 14280
287 24707
320 6836
320 10791
320 13706
344 14097
344 14888
349 2592
386 1740
386 1913
386 2592
386 4920
386 7410
386 14273
401 11378
401 24472
412 496
412 9213
412 14005
412 14302
412 21300
412 21876
460 9461
475 3591
475 4242
475 8921
496 1934
496 12306
525 12169
525 16859
540 215
540 4572
540 15661
540 16018
555 14308
570 1913
572 4920
572 13644
574 7759
596 496
596 2355
596 4146
596 7315
596 8155
596 13354
596 13927
596 14159
601 9025
601 13305
623 12424
630 792
630 1430
630 5193
630 8151
630 11055
630 12167
630 12720
630 12896
630 13851
642 747
642 1543
642 1740
642 3172
642 3301
642 4355
642 6054
642 6836
642 9415
642 10331
642 10806
642 11758
642 11819
642 11841
642 12424
642 12665
642 13330
642 13644
642 13684
642 13706
642 13909
642 13948
642 13955
642 14003
642 14120
642 14387
642 17298
642 21240
642 21300
642 23348
644 12167
644 12789
644 14290
644 14301
644 20259
673 6054
673 24266
674 13981
701 34
701 1921
701 3301
701 11881
701 12704
701 13330
701 13470
701 13525
701 13617
701 13706
701 13783
701 13792
701 14008
701 14179
701 14253
726 3301
726 4607
726 11342
726 12430
726 13751
726 13927
726 20970
726 21300
737 15332
747 18602
763 21882
776 804
804 8436
804 11547
804 13372
830 990
830 1861
830 7305
830 8600
830 12169
830 13270
830 13786
830 13926
830 14000
830 14018
830 14119
830 14184
830 14298
830 19730
833 5345
833 8996
834 4343
834 7292
866 7759
866 9025
866 11916
866 13927
876 117
876 344
876 489
876 2978
876 5178
876 7305
876 8600
876 10573
876 12900
876 13066
876 13926
876 14138
876 15251
876 21884
876 22217
895 12834
895 14105
895 14226
906 7778
906 8544
906 14324
929 90
929 8600
929 8939
929 10573
929 20817
986 1141
990 9025
996 0
996 701
996 3292
996 4196
996 4829
996 5333
996 5892
996 6047
996 7779
996 8096
996 9025
996 9776
996 11841
996 12402
996 12900
996 13383
996 14285
996 20817
996 23360
1013 496
1013 5992
1013 6562
1013 6836
1013 12600
1013 12978
1013 13912
1013 13985
1013 14057
1013 15394
1018 1543
1018 1934
1018 4928
1018 8984
1018 9811
1018 13800
1018 14205
1018 16336
1063 7481
1064 14414
1086 4781
1105 1383
1105 5409
1105 7858
1105 10331
1105 10646
1105 13211
1105 13223
1105 13518
1105 14223
1105 14350
1105 16581
1105 21240
1105 23360
1105 24448
1116 5311
1116 9140
1116 10707
1116 13932
1116 14135
1137 117
1137 3491
1137 5633
1137 11698
1137 11881
1137 11967
1137 12169
1137 13270
1137 13518
1137 13984
1137 14052
1137 14166
1137 14308
1137 19730
1137 24537
1140 12306
1140 16581
1158 13942
1158 14068
1221 11881
1230 12665
1244 4607
1244 13460
1244 13937
1270 13645
1312 496
1312 7601
1312 13237
1312 13673
1312 14253
1312 14302
1312 16581
1317 12819
1317 24518
1346 6485
1346 14023
1379 13406
1379 13971
1379 15394
1382 7305
1382 12182
1382 14290
1384 13181
1384 18438
1393 13885
1403 6966
1403 9892
1403 11184
1403 24518
1407 8127
1407 9415
1409 4928
1409 8984
1409 24570
1430 3039
1430 4920
1430 5409
1430 6002
1430 8321
1430 9842
1430 9957
1430 11006
1430 11078
1430 12573
1430 12789
1430 12896
1430 13029
1430 13937
1430 14112
1430 14181
1430 14235
1430 14290
1430 14305
1430 16880
1430 18619
1430 21828
1430 24365
1441 8935
1441 13951
1538 13963
1538 14124
1543 11819
1547 9553
1547 14247
1547 18438
1582 4920
1595 7123
1609 11743
1632 9553
1632 11357
1632 13415
1632 14244
1632 22592
1639 5530
1657 13370
1657 24707
1658 44
1658 804
1658 1913
1658 3835
1658 5600
1658 7427
1658 8600
1658 10165
1658 10331
1658 12668
1658 13185
1658 13541
1658 14065
1658 14097
1658 14280
1658 14282
1716 5852
1728 7006
1740 44
1740 1105
1740 1728
1740 2713
1740 3835
1740 4230
1740 9178
1740 12648
1740 13211
1740 13217
1740 13518
1740 13800
1740 13998
1740 14065
1740 14072
1740 14121
1740 14149
1740 14245
1740 14255
1740 14280
1740 14305
1740 16613
1740 16892
1740 21240
1741 9025
1741 9306
1741 13909
1780 18689
1784 3337
1846 1595
1846 2497
1846 2713
1846 3921
1846 7258
1846 7760
1846 10007
1846 12348
1846 12593
1846 14002
1846 14003
1846 14017
1846 14330
1846 18602
1846 19441
1859 11841
1861 8600
1861 13926
1861 14888
1861 20917
1861 22217
1883 2387
1913 5643
1913 7759
1921 8820
1934 6562
1934 8820
1934 10566
1934 13042
1934 16412
1934 19985
1934 22075
1951 496
1951 11278
1951 12465
1951 12858
1989 13383
2014 5892
2018 12037
2018 13969
2086 14806
2099 3292
2134 4966
2134 10785
2134 13909
2134 14225
2134 14240
2134 18602
2194 44
2194 496
2194 3049
2194 4356
2194 5892
2194 7082
2194 7778
2194 9025
2194 9360
2194 11823
2194 11881
2194 12054
2194 12182
2194 13030
2194 13305
2194 13750
2194 13912
2194 13941
2194 13943
2194 13984
2194 14031
2194 14068
2194 14080
2194 14121
2194 14134
2194 23360
2194 24386
2197 496
2197 4735
2197 5446
2197 6054
2197 6528
2197 6707
2197 7097
2197 7825
2197 8364
2197 9398
2197 9960
2197 12665
2197 12745
2197 13857
2197 14059
2197 14140
2197 14194
2197 24386
2200 8047
2225 14330
2238 4186
2304 2592
2307 6836
2349 4928
2349 12665
2352 13030
2361 6790
2361 6869
2361 9924
2361 12614
2361 14361
2384 830
2384 3823
2384 4343
2384 4572
2384 11171
2384 11698
2384 12481
2384 13943
2387 10207
2387 13531
2387 14348
2411 2682
2413 13799
2423 13518
2423 19301
2424 12315
2424 12894
2424 13750
2424 14292
2424 24150
2487 642
2487 1846
2487 8710
2487 9305
2487 10121
2487 12545
2487 12665
2487 13804
2487 13955
2487 14265
2497 1741
2497 6850
2497 12665
2497 13612
2497 14017
2497 18602
2497 19440
2497 24707
2591 9055
2592 3452
2592 9555
2592 9811
2592 11848
2592 14025
2592 14117
2592 14920
2592 16581
2592 18602
2622 6763
2622 13937
2629 9957
2629 12690
2629 14269
2633 6278
2633 13962
2633 14074
2713 14920
2736 7778
2736 9022
2748 15361
2794 4242
2797 18675
2811 7682
2821 20355
2831 2592
2831 3921
2831 5946
2831 9798
2831 13596
2831 13968
2831 14112
2831 14920
2831 18169
2872 4966
2872 12668
2872 12983
2872 13909
2872 13944
2872 14250
2939 6937
2997 2018
2997 6562
2997 7082
2997 8047
2997 10532
2997 10574
2997 17298
3023 12135
3023 23991
3039 7606
3049 1846
3049 5519
3049 5946
3049 7760
3049 12079
3049 13575
3049 14021
3049 18689
3049 21336
3055 1542
3055 12044
3055 13559
3078 12282
3101 4920
3101 11378
3101 12570
3101 14097
3109 12315
3141 14361
3172 1504
3172 2831
3172 4607
3172 5530
3172 7606
3172 11071
3172 12371
3172 12665
3172 13799
3172 13937
3172 14023
3172 14068
3172 14138
3172 22513
3225 14218
3227 10646
3301 11743
3329 11841
3337 1741
3420 12169
3433 496
3433 11357
3433 13673
3452 496
3474 9234
3506 11785
3523 12157
3528 3055
3528 12869
3528 13909
3528 13950
3528 20647
3528 24226
3528 24710
3555 3944
3570 830
3591 644
3591 12573
3591 13644
3619 11698
3704 4474
3705 7410
3705 12411
3705 14888
3714 9776
3714 11579
3714 14236
3714 20512
3733 11483
3757 24266
3771 14118
3771 14307
3824 1105
3824 23360
3843 2352
3843 13030
3947 19298
3950 8477
3950 9555
3950 13086
3950 17742
3986 2453
3986 7081
3986 11357
3986 12812
3986 14177
4121 9022
4121 16880
4125 12376
4126 10121
4143 11357
4143 14124
4183 13305
4185 4920
4186 5539
4186 10603
4196 6310
4196 9553
4196 24722
4242 642
4242 1543
4242 4411
4242 4920
4242 4928
4242 5411
4242 7427
4242 7514
4242 7682
4242 8127
4242 9239
4242 9956
4242 11313
4242 11963
4242 13217
4242 13305
4242 13875
4242 14032
4242 14121
4242 14255
4242 16892
4242 18034
4242 18602
4242 19156
4242 21786
4331 2592
4331 9025
4331 14026
4343 7682
4343 10619
4343 12900
4343 14148
4343 22341
4356 24722
4406 24537
4407 7315
4407 14806
4411 13238
4441 1582
4450 5519
4459 11378
4482 572
4482 642
4551 9113
4567 496
4567 5992
4567 8813
4567 13966
4567 13979
4567 14156
4567 18602
4567 21240
4567 23360
4607 3023
4607 3105
4607 11881
4607 13937
4607 24722
4667 15394
4683 465
4685 747
4685 7550
4685 12665
4685 13124
4685 13554
4685 13586
4685 13783
4719 13858
4735 5127
4735 13546
4735 22283
4781 799
4781 22513
4829 12079
4829 12745
4829 24722
4879 24313
4883 11743
4883 23348
4920 4607
4920 5178
4920 6247
4920 8364
4920 8600
4920 11006
4920 11055
4920 12570
4920 12712
4920 12789
4920 13188
4920 13916
4920 13937
4920 13939
4920 14017
4920 14113
4920 14269
4920 17695
4920 18602
4920 19693
4928 8984
4928 13951
4928 14117
4982 12896
4982 14188
5052 9239
5052 10693
5052 14076
5052 14976
5112 9057
5127 14302
5127 21876
5147 19440
5152 2655
5152 4406
5152 14303
5152 19440
5176 12668
5178 344
5178 6960
5178 8364
5178 8462
5178 8944
5178 12570
5178 13937
5178 14291
5178 19693
5193 12720
5193 18169
5193 20817
5261 9954
5284 5127
5284 9956
5304 24634
5311 2700
5311 3528
5311 10806
5311 12413
5311 12668
5311 12773
5311 13974
5311 14149
5311 14252
5311 14336
5311 17298
5311 21335
5311 23407
5311 24710
5345 5311
5345 11313
5345 12169
5345 12481
5345 12665
5345 13518
5345 19440
5408 21300
5409 2491
5409 10811
5409 11899
5409 12004
5409 14017
5409 23360
5411 3019
5411 13305
5430 496
5430 13639
5485 13910
5498 14212
5519 127
5519 12665
5519 13910
5519 18602
5519 19156
5523 11184
5523 13099
5595 23929
5625 12006
5625 14053
5625 14088
5625 16892
5633 10646
5639 15814
5644 14012
5645 12376
5658 12812
5660 1137
5660 1846
5660 2831
5660 3172
5660 4572
5660 7258
5660 7699
5660 8710
5660 9016
5660 10790
5660 11171
5660 12079
5660 13951
5660 14023
5660 14225
5660 14835
5660 20255
5660 21336
5660 22341
5660 24537
5677 747
5677 1296
5677 2424
5677 3714
5677 9016
5677 12078
5677 12171
5677 13750
5677 14003
5677 14215
5677 19440
5677 21786
5678 6124
5753 4237
5769 6720
5793 17742
5801 1296
5801 24472
5805 6485
5805 13270
5808 5892
5852 19915
5892 2134
5892 12539
5892 18689
5946 642
5946 747
5946 6054
5946 7760
5946 8262
5946 9365
5946 10356
5946 10619
5946 11047
5946 12231
5946 12545
5946 13223
5946 13978
5946 14002
5946 14194
5946 14198
5946 14294
5946 14350
5946 14361
5946 18034
5946 18602
5946 18689
5946 23348
5947 7792
6002 642
6002 1296
6002 6851
6002 12282
6002 12900
6002 13046
6002 14387
6002 18602
6009 642
6009 804
6009 4370
6009 5600
6009 6095
6009 6528
6009 10161
6009 10331
6009 13518
6009 13684
6009 13951
6009 14127
6009 14151
6009 14280
6017 10410
6047 2375
6047 5748
6047 8257
6047 13750
6047 13948
6047 14162
6054 14120
6054 19498
6074 6961
6095 642
6095 12665
6167 344
6167 386
6182 747
6182 12465
6182 13991
6182 14028
6228 12239
6228 13038
6247 4411
6247 6937
6247 7606
6247 12371
6247 14276
6247 21828
6278 14027
6278 18602
6278 23929
6285 9239
6318 10646
6338 16412
6413 9022
6417 1384
6417 14236
6485 10790
6485 12063
6485 12789
6485 14023
6485 23348
6505 6666
6528 9960
6528 13030
6589 280
6589 644
6589 800
6589 4658
6589 9082
6589 11357
6589 13985
6589 16880
6589 18602
6589 23348
6598 2978
6598 6707
6598 13570
6598 13992
6598 14261
6598 21336
6666 12079
6707 9553
6720 8935
6720 14076
6735 2959
6735 13966
6763 24707
6815 5176
6835 12712
6836 9842
6845 4829
6845 18034
6869 5282
6869 5311
6869 7352
6869 11460
6869 20108
6869 21335
6917 642
6917 4150
6917 10331
6937 9025
6955 22062
6960 12570
6960 17157
6961 496
6961 5509
6961 5643
6961 6966
6961 9275
6961 11357
6961 13468
6961 14177
6961 18602
6966 14187
6985 1846
6999 19554
7022 5633
7022 6318
7100 4883
7107 9842
7123 642
7123 13799
7186 5027
7186 8257
7203 7989
7209 13460
7305 117
7305 1296
7305 6485
7305 13926
7305 14303
7338 14009
7470 14212
7481 7759
7499 10121
7514 1913
7514 2831
7514 4685
7514 6720
7514 7743
7514 8921
7514 12789
7514 13673
7514 21336
7514 24404
7516 8993
7529 14011
7601 496
7601 4607
7601 4685
7601 11367
7601 14062
7601 14110
7601 14129
7601 14208
7601 14262
7601 21300
7601 23933
7648 13541
7648 13644
7656 2978
7656 13684
7656 14219
7727 8690
7743 11184
7743 13997
7743 14012
7743 14017
7743 14208
7743 14234
7743 14271
7743 14307
7743 17695
7759 496
7759 701
7759 1921
7759 2200
7759 2713
7759 4196
7759 4829
7759 6285
7759 8047
7759 9312
7759 10568
7759 10619
7759 11378
7759 12025
7759 12858
7759 12983
7759 13033
7759 13086
7759 13541
7759 13559
7759 13909
7759 13927
7759 13944
7759 13948
7759 14122
7759 14135
7759 14157
7759 14262
7759 14324
7759 17298
7759 24519
7760 10121
7778 2812
7778 4653
7778 6937
7778 8477
7778 8544
7778 9177
7778 13297
7778 13553
7778 13953
7778 14146
7778 14212
7792 12917
7888 194
7888 386
7888 13947
7888 21328
7893 13644
7923 21
8005 80
8005 673
8005 2104
8005 2442
8005 2491
8005 5345
8005 6047
8005 11785
8005 12869
8005 13383
8005 13440
8005 20205
8031 194
8102 3714
8102 5633
8102 9776
8102 12424
8102 12539
8102 13977
8102 14082
8102 14096
8102 24226
8127 9956
8127 10410
8199 2355
8199 12341
8232 4242
8232 8984
8262 13912
8262 18034
8274 13305
8321 15369
8346 13910
8364 10410
8364 20817
8403 644
8403 12720
8421 10707
8421 10785
8421 11881
8421 13909
8421 14215
8435 747
8436 5677
8436 13217
8436 13372
8452 12900
8600 7
8600 4607
8600 9082
8600 12182
8600 12989
8600 13926
8600 13937
8600 19498
8600 24581
8664 1632
8664 11050
8808 11019
8808 11881
8846 14273
8852 23941
8895 1382
8895 20917
8921 4196
8930 13981
8935 20
8935 642
8935 1934
8935 3105
8935 3814
8935 4735
8935 9956
8935 12135
8935 12531
8935 12777
8935 13038
8935 13237
8935 13799
8935 13835
8935 13927
8935 13951
8935 13955
8935 13981
8935 14012
8935 14134
8935 14154
8935 17695
8935 18506
8944 20817
8983 745
8983 10522
8984 804
8984 14051
8984 14355
8984 20021
8988 1384
8993 13108
8995 11698
8996 2948
8996 10573
8996 13786
8996 13879
9005 13030
9005 13232
9005 13800
9005 19446
9016 9025
9025 117
9025 496
9025 554
9025 642
9025 804
9025 876
9025 1013
9025 1383
9025 1949
9025 2018
9025 3026
9025 3049
9025 3055
9025 3491
9025 3823
9025 4242
9025 4411
9025 5346
9025 5633
9025 7037
9025 7082
9025 7957
9025 9553
9025 9555
9025 10573
9025 10574
9025 11171
9025 11698
9025 11823
9025 11881
9025 11926
9025 12079
9025 12169
9025 12481
9025 12665
9025 12789
9025 12812
9025 12978
9025 13305
9025 13372
9025 13415
9025 13787
9025 13951
9025 14005
9025 14031
9025 14199
9025 14229
9025 14261
9025 14263
9025 14269
9025 14285
9025 14317
9025 14387
9025 15332
9025 16880
9025 18602
9025 19440
9025 19901
9025 21300
9025 21786
9025 22217
9025 23360
9057 496
9057 642
9057 866
9057 1296
9057 8600
9057 10811
9057 11071
9057 11184
9057 11378
9057 13297
9057 13427
9057 13799
9057 13927
9057 13937
9057 13963
9057 13986
9057 14007
9057 14080
9057 14113
9057 14153
9057 14187
9057 14242
9057 14244
9057 14348
9057 16377
9057 18034
9057 18602
9057 19059
9057 19138
9057 23039
9057 24409
9082 11579
9092 13541
9092 18602
9157 12182
9177 4146
9177 12163
9177 13297
9177 13924
9177 14099
9177 18602
9213 21300
9238 5409
9238 13029
9238 13706
9239 642
9239 1913
9239 12330
9239 12668
9239 13969
9239 14285
9239 21786
9239 24518
9360 12169
9360 16348
9363 2732
9363 13305
9363 21240
9365 13237
9365 14187
9398 13799
9398 15450
9405 3921
9405 5677
9405 8984
9405 10566
9405 23360
9415 11579
9494 18602
9553 1116
9553 2200
9553 11048
9553 12236
9553 13383
9555 1913
9555 11819
9555 11848
9555 12812
9555 13966
9555 13985
9573 8939
9600 11841
9677 5409
9679 12665
9716 3101
9842 1312
9842 3591
9842 3921
9842 5358
9842 9025
9842 11841
9842 13644
9842 13910
9842 15332
9842 23360
9862 13343
9862 17830
9862 18604
9909 8996
9956 19138
9957 11390
9957 12600
9957 13034
9960 1409
9960 16336
9960 16581
9960 17293
10007 12593
10121 34
10121 44
10121 5519
10121 9798
10121 13950
10121 13955
10121 14112
10121 14265
10121 18602
10168 11406
10168 11483
10168 14293
10168 15251
10259 13518
10292 7792
10292 11342
10292 14005
10292 15814
10292 18602
10292 24518
10331 13305
10331 14595
10343 11006
10356 1013
10356 14044
10406 13247
10410 642
10410 2959
10410 11171
10410 14185
10410 14186
10410 14199
10410 14217
10410 14302
10410 16348
10429 13605
10486 11040
10544 4883
10558 5409
10566 1543
10566 4685
10566 11076
10566 13422
10566 13897
10566 13979
10566 19871
10566 23360
10568 9025
10574 13305
10574 14230
10646 12074
10681 7682
10681 14087
10756 22990
10811 496
10811 1543
10811 2959
10811 9360
10811 11848
10811 12054
10811 13985
10811 14164
10811 14225
10811 14609
10856 14232
11018 14164
11055 14271
11055 24519
11056 1728
11056 5887
11056 5892
11056 13900
11059 9203
11071 6054
11071 13799
11071 19440
11072 11006
11072 11007
11076 13544
11149 12430
11167 4018
11167 4653
11167 4685
11167 6836
11167 14022
11167 14231
11184 18602
11313 11698
11313 14414
11313 21336
11342 18602
11342 22283
11342 24518
11342 24664
11357 24707
11361 14184
11367 18619
11378 11607
11378 12025
11406 12004
11406 13594
11408 6054
11412 4920
11419 7082
11419 13191
11483 1741
11507 503
11547 11963
11547 13644
11579 1543
11579 4331
11579 14026
11579 14088
11579 14251
11607 17675
11657 10331
11657 12648
11657 14205
11684 1846
11684 2134
11684 6285
11684 14209
11688 17675
11688 22601
11700 6937
11700 14018
11700 14113
11700 15814
11700 19901
11700 20285
11725 12668
11725 13211
11733 4685
11733 11890
11733 14012
11733 23707
11743 747
11743 2355
11743 7743
11743 13896
11743 14018
11743 14093
11743 14234
11756 11579
11761 9551
11767 1013
11767 9082
11767 9555
11767 11342
11767 12812
11767 12819
11767 13911
11767 14243
11767 16880
11778 1657
11793 18602
11793 23348
11814 496
11814 5517
11814 8162
11819 1532
11819 3105
11819 4343
11819 4547
11819 4735
11819 6707
11819 9553
11819 13442
11819 13804
11819 14091
11819 14348
11819 18602
11819 22283
11841 19806
11848 1543
11861 12481
11861 14414
11881 12870
11881 21954
11910 3650
11910 7699
11910 9798
11910 11405
11910 12037
11910 13327
11910 14223
11910 18602
11910 18634
11913 4653
11925 804
11945 3405
11945 12278
11963 24579
12006 12668
12013 13928
12025 13761
12028 3626
12045 19156
12054 12539
12081 22217
12086 16581
12106 7244
12116 12054
12135 496
12135 1934
12135 3172
12135 5643
12135 5992
12135 7601
12135 7759
12135 7792
12135 9025
12135 9275
12135 9956
12135 12413
12135 12599
12135 12812
12135 13131
12135 13255
12135 13460
12135 13639
12135 13799
12135 14000
12135 14040
12135 14053
12135 14148
12135 14164
12135 14209
12135 14317
12135 15116
12135 16880
12135 22075
12135 24033
12135 24409
12135 24707
12152 9239
12169 1949
12169 11823
12169 13890
12169 14219
12169 21079
12169 21336
12178 12774
12182 13030
12211 9306
12231 8047
12242 18869
12271 1015
12272 9313
12297 13930
12343 7183
12343 8666
12358 24313
12367 496
12367 12594
12375 14032
12510 12957
12524 10331
12531 14583
12539 489
12539 8939
12539 9742
12539 14285
12587 13937
12593 5683
12593 22771
12599 24707
12600 4607
12600 6124
12600 11184
12600 11357
12600 12413
12600 13034
12600 14074
12600 14118
12600 14223
12600 14302
12618 18602
12659 1861
12665 9082
12665 13029
12668 3372
12668 5808
12668 9553
12668 9933
12668 14043
12668 14305
12668 17695
12668 18602
12668 24518
12677 21800
12712 1822
12712 13371
12720 3591
12720 17695
12720 20817
12734 503
12734 2592
12734 4242
12734 4595
12734 6124
12734 6562
12734 9956
12734 12330
12734 13354
12734 13541
12734 13928
12734 14040
12734 18602
12734 24707
12789 13926
12789 20817
12793 2484
12805 14245
12805 21079
12812 496
12812 4595
12812 12734
12812 18602
12812 20638
12870 12169
12876 20255
12896 876
12900 2018
12900 9306
12900 10331
12900 13518
12900 14109
12900 14195
12900 14208
12900 14321
12900 17675
12951 747
12957 2872
12957 3055
12964 13944
12964 13947
12964 13950
12964 13963
12999 11657
12999 13218
12999 13998
13011 9022
13027 1013
13027 2424
13027 2442
13027 5539
13027 8544
13027 12341
13027 13628
13027 14190
13027 24692
13027 24707
13029 14071
13030 776
13030 804
13030 1740
13030 2811
13030 2959
13030 7097
13030 8600
13030 9022
13030 10331
13030 13857
13030 13998
13030 14059
13030 14097
13030 14121
13030 14199
13030 23320
13034 4685
13034 14003
13034 14074
13034 24518
13065 4196
13065 9956
13083 13237
13083 13570
13083 13644
13124 14270
13184 1230
13184 6124
13196 1658
13214 14057
13237 24518
13247 1038
13247 2490
13247 3814
13247 4317
13247 9140
13247 9605
13247 12246
13247 13440
13247 14040
13247 14079
13247 14128
13247 18689
13247 23348
13270 11754
13305 1116
13305 1913
13305 2225
13305 2732
13305 4281
13305 4474
13305 5633
13305 8632
13305 12858
13305 12998
13305 13472
13305 13533
13305 13644
13305 13645
13305 13758
13305 13800
13305 13922
13305 13928
13305 13941
13305 14019
13305 14042
13305 14065
13305 14089
13305 14127
13305 14149
13305 14169
13305 14188
13305 14205
13305 14255
13305 14920
13330 24568
13337 13639
13337 18602
13343 8147
13343 10719
13343 11881
13347 23933
13359 14073
13370 1951
13370 13184
13370 18602
13370 24707
13383 11056
13406 11378
13431 14154
13472 1543
13472 9313
13472 9360
13472 12734
13472 13966
13476 6811
13492 3145
13501 10356
13502 11483
13518 10331
13518 14149
13518 14255
13562 13954
13567 14195
13612 14017
13628 784
13628 3055
13628 5018
13628 6112
13628 6820
13628 10681
13628 10774
13628 12044
13628 12315
13628 13054
13628 16892
13634 14195
13639 12989
13660 1238
13673 7410
13673 14209
13684 2732
13684 5600
13684 5808
13684 14169
13684 14219
13782 8813
13783 10151
13786 990
13786 7305
13786 12665
13786 13066
13786 13368
13786 14075
13792 1333
13792 7533
13792 13532
13792 14179
13792 14234
13800 4597
13800 13433
13832 9656
13832 13896
13845 12665
13865 13940
13879 14100
13885 2294
13885 13464
13885 22882
13890 21079
13892 9842
13896 4146
13897 13422
13913 6851
13918 23348
13918 24448
13935 4242
13935 8127
13935 9956
13936 7759
13936 13927
13954 13323
13954 14208
13954 15450
13954 22601
13954 23298
13954 23956
13961 3301
13962 9239
13968 6054
13969 642
13969 5127
13969 6017
13969 6528
13969 9960
13969 10574
13969 11171
13969 11819
13969 12745
13969 13518
13969 14059
13969 14088
13969 14199
13969 14339
13969 14820
13969 16348
13969 19421
13969 19425
13969 22283
13969 23320
13969 24722
13973 18574
13975 14195
13978 13223
13982 19901
13986 13211
13987 8077
13988 13984
13993 6319
13999 13998
14000 18602
14007 1137
14009 12869
14012 23707
14015 14003
14021 9365
14036 6248
14038 24452
14046 13798
14047 3277
14049 2034
14054 24722
14058 540
14061 3950
14063 4873
14066 4146
14069 13766
14070 5027
14075 14888
14080 22990
14084 17067
14091 4735
14091 5127
14102 12959
14104 6049
14107 6095
14107 14888
14107 22217
14113 5765
14113 9349
14119 13764
14134 4572
14137 15450
14142 23085
14155 20259
14158 6937
14161 673
14168 15703
14173 24224
14180 5232
14182 2643
14186 14185
14187 6526
14193 503
14195 13030
14195 13946
14200 1599
14201 2446
14213 11881
14213 12079
14219 14318
14225 23348
14226 4719
14226 9415
14226 13875
14226 14127
14226 14293
14226 14321
14226 14330
14226 14888
14226 22283
14226 23360
14233 24033
14236 11698
14247 11378
14252 14215
14257 4123
14260 1117
14271 4920
14271 14187
14271 14335
14271 24519
14275 24568
14284 16412
14289 9841
14291 18574
14295 16892
14304 18602
14306 1230
14310 4595
14310 13673
14312 10259
14312 24472
14316 19138
14319 23360
14330 14820
14344 9213
14346 10204
14349 14311
14361 747
14361 3109
14361 11006
14361 18602
14387 127
14387 9776
14414 12870
14414 14023
14469 16892
14500 5517
14500 6966
14500 14307
14500 18034
14595 2732
14595 4183
14595 5346
14595 12900
14595 13518
14595 14149
14595 21240
14609 7759
14609 9360
14888 441
14888 13270
14888 14097
14920 12424
14920 15814
14920 18602
15082 24722
15161 9956
15161 13639
15161 14091
15200 19149
15229 6485
15282 5311
15332 17695
15394 496
15394 19465
15447 2997
15447 9213
15447 11357
15447 15332
15447 18602
15450 13559
15698 13046
15814 2355
15814 9022
15814 12465
15814 13083
15814 13330
15814 14099
15814 14144
15814 14278
15814 14290
15953 13750
15953 13860
16018 876
16018 8939
16018 12539
16186 2872
16186 5519
16186 6835
16186 10619
16186 11357
16186 12418
16186 12983
16186 14240
16186 14250
16186 14350
16186 18034
16336 9811
16336 12330
16336 13673
16336 17742
16377 13218
16377 14153
16548 44
16548 2811
16581 1934
16581 5364
16581 10566
16581 13985
16581 14079
16581 18602
16601 9050
16609 5232
16609 5808
16609 9224
16609 13305
16609 13518
16609 21079
16613 3372
16613 4355
16613 10331
16613 10410
16859 2423
16859 10259
16859 12668
16859 13518
16859 13533
16859 13922
16859 14151
16859 14156
16859 14219
16867 9728
16880 4242
16880 7427
16880 11006
16880 14361
16880 18138
16880 22276
16895 13211
16895 14305
16895 18602
16895 21336
16895 21786
17113 6866
17157 14113
17157 14291
17293 1409
17293 24313
17299 7037
17299 7514
17299 14032
17301 11357
17301 13223
17301 13969
17336 3306
17338 3433
17338 7514
17338 9842
17338 11055
17338 24664
17675 701
17675 5530
17675 8939
17675 12182
17675 12481
17675 14112
17695 18574
17695 22276
17729 1105
17729 9025
17729 13684
17742 3986
17742 11971
17809 4685
17840 14273
17872 7354
18034 12306
18034 13559
18138 7427
18169 4343
18169 14118
18169 14500
18401 12665
18418 5539
18418 8102
18418 10971
18438 14920
18497 8107
18568 14288
18574 496
18574 3207
18574 3528
18574 5178
18574 8944
18574 9956
18574 11356
18574 12573
18574 12896
18574 14031
18574 17298
18589 5947
18602 2643
18602 5992
18602 11843
18602 12078
18602 12835
18602 12983
18602 13460
18602 13909
18602 14164
18602 14299
18602 18689
18602 20101
18619 906
18619 3168
18619 6124
18619 7759
18619 8820
18619 9924
18619 11357
18619 11916
18619 12079
18619 13440
18619 13885
18619 13947
18619 13952
18619 13953
18619 13963
18619 14135
18619 14190
18619 14277
18619 18602
18619 22882
18619 23360
18619 24409
18689 996
18689 1221
18689 2872
18689 4966
18689 5539
18689 5677
18689 6836
18689 8102
18689 12539
18689 13977
18689 14043
18689 24150
18689 24692
18863 3814
18940 18602
19059 5152
19059 21786
19087 9025
19131 1028
19138 10566
19138 13109
19138 14310
19138 14500
19138 18034
19149 23360
19156 14307
19293 252
19328 876
19328 12481
19328 19730
19328 22217
19328 24537
19379 13109
19425 608
19425 16348
19498 14120
19554 3823
19554 5333
19554 9234
19554 9776
19554 12900
19554 14199
19554 18602
19683 5409
19683 9306
19685 11579
19685 13827
19730 5311
19730 5409
19730 6485
19730 9436
19730 10785
19730 12481
19730 14213
19730 19440
19730 24537
19802 6961
19871 23360
19901 2349
19901 2453
19901 3349
19901 4920
19901 6937
19901 14324
19901 24581
19915 3823
19915 4150
19915 8421
20021 11911
20242 833
20242 11313
20242 24537
20285 13999
20285 14285
20387 4829
20387 11698
20387 12668
20676 2831
20676 22598
20817 644
20817 7427
20817 7514
20817 7606
20817 9025
20817 12570
20817 12573
20817 12690
20817 14155
20817 14291
20817 17695
20817 19901
20886 503
20886 9555
20898 12371
21079 2713
21079 3591
21079 14032
21079 24313
21110 13518
21233 18602
21233 21300
21240 4196
21240 12545
21240 13217
21240 13799
21240 14013
21240 14305
21300 13245
21336 833
21336 4844
21336 6485
21336 9842
21336 12079
21336 12371
21336 14285
21336 14414
21739 12529
21786 2446
21786 10566
21786 12812
21786 13029
21800 572
21800 5178
21800 10331
21800 13305
21872 9207
21876 14302
21878 23348
21884 13270
21884 22217
21899 14301
21913 8993
21954 5530
21954 11378
21954 11698
21954 14023
21954 14348
22134 14105
22276 9025
22276 13042
22276 13673
22276 14310
22283 642
22283 1105
22283 3105
22283 11767
22283 13442
22283 14118
22283 24518
22283 24664
22341 6485
22412 1934
22412 13460
22412 18602
22505 2959
22513 12054
22513 12545
22513 12665
22536 1658
22592 14244
22598 90
22598 5409
22598 6960
22598 9191
22598 12789
22598 14022
22598 14113
22598 23360
22601 2828
22601 12163
22882 11785
22906 12371
23235 9647
23235 11357
23235 13255
23235 13305
23235 13525
23235 17706
23235 18602
23235 20647
23235 24518
23348 1312
23348 1934
23348 3301
23348 5677
23348 6054
23348 6124
23348 7514
23348 7550
23348 9025
23348 11743
23348 13046
23348 13297
23348 13909
23348 13931
23348 13963
23348 13985
23348 14056
23348 14079
23348 14334
23348 15953
23348 18169
23348 23933
23348 24226
23348 24409
23348 24448
23348 24518
23535 701
23535 8600
23535 17041
23535 19432
23535 22990
23535 24489
23707 701
23707 4343
23707 22341
23933 9207
23933 11357
23933 20950
24133 6562
24150 12315
24152 8096
24191 10568
24226 3301
24226 4343
24226 6966
24226 13925
24226 13937
24226 14178
24252 9365
24252 12858
24252 14057
24265 3301
24265 11486
24265 11527
24265 13330
24266 13906
24365 6247
24381 2467
24393 2487
24393 5127
24393 6836
24393 7427
24393 13518
24393 13979
24393 23039
24404 13541
24433 3835
24442 3049
24442 13575
24442 14217
24460 12665
24460 17880
24472 12665
24492 13108
24517 14920
24517 19894
24518 2831
24518 5509
24518 6966
24518 9957
24518 12812
24518 14243
24518 24707
24555 2423
24568 642
24568 4014
24568 10549
24568 12078
24568 13553
24568 13798
24568 14028
24568 21300
24570 14127
24588 2387
24588 6027
24588 13546
24707 9239
24707 12600
24707 14178
24710 3823
24718 13396
0 14744
20 2592
20 14370
20 20673
20 22276
44 3372
44 12930
44 14329
44 14638
44 14744
44 14757
54 18602
69 14512
90 4730
162 11698
162 13319
194 9082
216 24518
223 16345
231 1407
231 1934
231 4903
231 7470
231 11599
231 12093
231 12519
231 13141
231 13846
231 14037
231 14318
231 14364
231 14373
231 14421
231 14524
231 14557
231 14752
231 21954
252 14406
255 7682
255 13238
255 17675
260 18602
260 19888
260 22990
271 19888
287 503
287 6937
287 8921
287 9275
287 14485
320 9082
320 11421
335 3292
344 287
344 6937
344 9025
344 13137
349 496
386 2423
386 9025
386 24349
386 24393
386 24722
395 14335
401 255
401 2018
401 8353
401 9365
401 12322
401 13491
401 13786
401 17675
401 23085
412 14479
412 14547
412 14720
417 2467
417 2974
417 4150
417 4966
417 5866
417 10785
417 14369
417 23935
451 546
491 12171
496 1018
496 2831
496 4885
496 9312
496 10410
496 14332
503 9461
525 4230
525 5892
525 9256
525 13533
525 14612
546 19871
556 20242
574 5411
596 2750
596 14406
596 14416
596 14653
596 14672
597 10410
601 4340
601 7566
601 8988
622 8935
623 5311
638 13049
640 14744
642 1043
642 3691
642 9312
642 11393
642 11902
642 12079
642 12245
642 12734
642 14447
642 14478
642 14540
642 14600
642 17742
644 9025
644 14387
644 14406
662 12079
687 3559
687 14540
687 14673
687 18602
687 23348
701 1092
701 5304
701 7505
701 7858
701 8858
701 11357
701 11362
701 11848
701 13664
701 14128
701 14456
701 14637
701 14649
701 14681
701 14683
701 14737
701 16213
701 17742
701 18602
701 19435
701 24393
726 11785
726 14406
737 12960
737 14406
776 7759
776 9555
776 14318
776 14584
782 996
782 5892
782 12987
792 18574
804 2194
804 2423
804 3705
804 3921
804 4242
804 5523
804 9256
804 11929
804 13796
804 14195
804 14406
804 14659
804 18602
804 24722
810 25
810 4255
830 6049
830 8277
830 14630
830 24710
833 2271
833 2361
833 3677
833 13533
833 14213
833 21913
834 14374
876 714
876 833
876 2411
876 8277
876 21954
895 14744
929 6098
929 9573
929 14466
929 14720
929 14755
929 15024
934 4242
934 9239
935 14920
993 4607
996 335
996 1741
996 1934
996 6129
996 6437
996 6832
996 9069
996 11050
996 11348
996 11725
996 12812
996 12935
996 14010
996 14356
996 14428
996 14563
996 17675
996 18602
996 18917
996 24393
1013 546
1013 4607
1013 12943
1013 14310
1013 14318
1013 14396
1013 14446
1013 14714
1018 946
1018 2423
1018 11077
1018 12135
1018 13000
1018 13544
1018 14127
1018 14295
1018 14503
1018 14513
1018 14541
1018 14584
1018 14593
1018 14603
1018 14741
1018 16880
1018 18602
1018 22536
1043 1741
1092 7759
1105 2443
1105 4196
1105 4913
1105 7082
1105 7106
1105 9573
1105 9707
1105 9811
1105 11101
1105 13372
1105 14088
1105 14169
1105 14356
1105 14357
1105 14451
1105 14483
1105 14673
1105 17675
1110 14255
1110 18568
1116 11785
1116 14322
1116 14406
1116 14543
1116 14623
1126 14310
1137 830
1137 1105
1137 1725
1137 3803
1137 5112
1137 8277
1137 9256
1137 9811
1137 11722
1137 12506
1137 14318
1137 14714
1140 9180
1140 11357
1140 13141
1140 14095
1140 14699
1140 20647
1141 16601
1173 8858
1173 11522
1221 13628
1230 9275
1230 24601
1242 12081
1244 54
1244 6002
1244 12665
1244 14406
1270 7682
1270 9707
1312 2442
1312 6953
1312 6966
1312 9275
1312 13544
1312 14187
1312 14271
1312 14364
1312 14509
1312 14525
1312 14543
1312 14605
1312 14739
1312 14765
1312 16880
1312 18602
1312 19138
1312 19871
1313 14463
1346 10573
1393 17675
1403 4735
1403 14380
1403 23360
1407 12093
1407 13846
1430 360
1430 1861
1430 7567
1430 8346
1430 9057
1430 12309
1430 12371
1430 12587
1430 12664
1430 12665
1430 14328
1430 14370
1430 14385
1430 14415
1430 14490
1430 14560
1430 14583
1430 14596
1430 14615
1430 16345
1430 18574
1430 19901
1430 20817
1520 6124
1520 14396
1538 4913
1538 8644
1538 11929
1538 13276
1538 14293
1538 14322
1538 14405
1538 14406
1538 14417
1538 14491
1538 14731
1547 5152
1582 14370
1631 11050
1631 11687
1631 21336
1631 24379
1632 9275
1639 993
1639 3921
1639 4607
1639 6598
1639 8935
1639 11929
1639 13000
1639 14332
1639 14364
1639 14699
1658 162
1658 1741
1658 2361
1658 2594
1658 5112
1658 7682
1658 9275
1658 12719
1658 13684
1658 14486
1658 14505
1667 14393
1667 14555
1725 21336
1740 496
1740 1312
1740 2453
1740 3372
1740 4196
1740 4966
1740 9363
1740 11099
1740 12045
1740 12900
1740 13712
1740 14380
1740 14618
1740 14620
1740 14676
1740 14711
1740 16551
1740 19023
1741 9275
1741 9392
1741 11786
1741 12322
1741 14406
1741 14633
1741 17639
1800 12190
1842 12116
1842 14595
1846 1913
1846 2361
1846 3825
1846 6811
1846 7014
1846 9016
1846 10410
1846 11357
1846 12245
1846 13814
1846 14224
1861 8277
1861 9239
1861 12135
1861 13504
1861 14023
1861 14328
1861 14466
1861 18602
1861 23991
1913 90
1934 1318
1934 2831
1934 7557
1934 9082
1934 10410
1944 10292
1951 14706
2018 2134
2018 8995
2018 18438
2099 7579
2099 7858
2104 18602
2134 2361
2134 3835
2134 8102
2134 9957
2134 11902
2134 12079
2134 12348
2134 12665
2134 12983
2134 12987
2134 13750
2134 14399
2134 14575
2134 14602
2194 701
2194 3874
2194 8808
2194 11329
2194 12079
2194 16892
2197 642
2197 2158
2197 2487
2197 2906
2197 2920
2197 3704
2197 4242
2197 7123
2197 8664
2197 9555
2197 9696
2197 9811
2197 12254
2197 13255
2197 14120
2197 14659
2197 14714
2197 14728
2197 18438
2197 19379
2197 19915
2199 14483
2225 24483
2271 3677
2272 8097
2274 4885
2274 6835
2274 7268
2274 11929
2307 5644
2318 14406
2349 3803
2361 642
2361 1001
2361 1043
2361 2831
2361 6589
2361 6937
2361 7549
2361 9025
2361 9082
2361 10121
2361 12079
2361 12987
2361 13066
2361 13095
2361 13247
2361 14387
2361 14406
2361 14512
2361 19901
2361 23935
2362 7575
2384 5112
2384 11722
2384 12870
2387 642
2387 8105
2387 9551
2387 9834
2387 14544
2387 24385
2387 24722
2411 14385
2413 231
2413 2736
2413 7082
2413 8447
2413 12079
2413 13191
2419 11579
2424 6002
2424 8116
2424 12949
2424 13303
2453 3874
2453 3882
2453 11357
2487 3825
2487 7760
2487 10410
2487 12983
2487 13099
2487 16388
2487 17675
2487 18917
2497 642
2497 6832
2497 6937
2497 10121
2497 12079
2497 12949
2497 12983
2497 14555
2497 14563
2497 19915
2499 14751
2508 14620
2583 11910
2592 285
2592 3705
2592 4829
2592 5574
2592 6002
2592 9089
2592 9275
2592 9312
2592 11357
2592 14310
2592 14759
2592 17880
2592 22412
2592 24385
2599 8491
2629 20817
2633 6124
2655 8858
2733 5946
2736 149
2736 7082
2736 13276
2748 996
2748 14597
2748 18917
2750 12079
2750 13954
2831 2015
2831 2760
2831 3658
2831 5409
2831 12186
2831 12900
2831 13584
2831 14406
2831 15117
2872 25
2872 1654
2872 10603
2872 11902
2872 14406
2872 14697
2920 13969
2931 9555
2939 14017
2956 11782
2997 1407
2997 4370
2997 5677
2997 6437
2997 14377
2997 14406
2997 14491
2997 14761
2997 18602
2997 24393
2997 24722
3007 1312
3023 814
3023 1312
3023 13237
3049 5660
3049 6598
3049 11938
3049 13598
3049 13795
3049 14350
3049 14425
3049 14610
3111 2997
3111 10136
3130 17830
3147 13758
3162 19138
3172 993
3172 1173
3172 2158
3172 8858
3172 11929
3172 13255
3172 13750
3172 13814
3172 14406
3172 14591
3174 14428
3203 14367
3292 14489
3372 4196
3425 24480
3433 16613
3519 6598
3559 9312
3591 12570
3607 574
3607 9776
3607 12418
3620 14568
3677 6049
3691 13337
3714 12964
3714 14486
3733 1842
3733 9125
3757 10544
3777 4920
3803 10862
3803 14735
3803 16895
3824 6575
3882 8858
3950 642
3950 12734
3950 14739
3950 15888
3950 16613
3986 6693
3986 9239
3986 12734
3986 18719
3986 22592
4015 14255
4048 3705
4089 12668
4125 4458
4125 17742
4143 14322
4143 14406
4158 13305
4158 14584
4158 14612
4173 5892
4185 20259
4196 8664
4196 14530
4230 4928
4240 5887
4242 1842
4242 3704
4242 6049
4242 7759
4242 8491
4242 8996
4242 9256
4242 9811
4242 10862
4242 11753
4242 12668
4242 12789
4242 13800
4242 14266
4242 14318
4242 14406
4242 14436
4242 14755
4242 17880
4242 18169
4242 18438
4242 18568
4242 18574
4242 19888
4271 5311
4324 12322
4343 4021
4343 14425
4346 9239
4407 14406
4407 14604
4430 4920
4430 9082
4462 14638
4567 642
4567 1741
4567 2920
4567 8935
4567 11230
4567 13431
4567 14035
4567 14348
4567 14366
4578 9239
4578 9762
4578 13889
4578 16895
4578 19915
4607 6124
4607 11929
4607 12943
4607 14572
4607 14631
4607 14725
4607 24385
4624 2497
4624 2997
4667 2831
4667 14406
4667 19901
4685 20
4685 3882
4685 8858
4685 14218
4685 14748
4685 19901
4719 14400
4719 14744
4724 12079
4737 804
4781 13533
4805 13747
4829 642
4829 5892
4829 9025
4829 14359
4829 14400
4829 18917
4879 2831
4903 6666
4913 2467
4913 8421
4913 12190
4913 21786
4920 253
4920 1209
4920 2655
4920 3460
4920 5615
4920 5644
4920 6278
4920 8346
4920 9874
4920 11767
4920 12135
4920 12665
4920 13504
4920 13750
4920 14370
4920 14459
4920 14536
4920 14583
4920 14754
4920 14755
4920 22283
4928 386
4928 496
4928 13705
4928 14318
4928 14503
4928 16613
4952 2274
4952 18619
5010 10139
5052 2453
5112 15773
5152 7478
5152 8277
5152 10573
5176 3152
5178 6966
5178 8659
5178 12135
5178 13598
5178 14385
5178 14747
5178 18619
5198 16345
5261 287
5261 9232
5261 9275
5261 12803
5261 12949
5261 14449
5261 14477
5261 14493
5261 14599
5261 18602
5282 14298
5304 4343
5304 13911
5304 18602
5311 701
5311 5892
5311 12079
5311 12465
5311 14031
5311 14406
5311 14486
5311 14505
5311 17066
5324 9275
5324 14498
5345 11488
5345 11861
5392 17706
5401 16892
5409 2594
5409 3921
5409 14576
5411 1784
5411 4724
5411 10811
5411 12079
5411 13750
5411 14369
5411 15450
5489 496
5516 6485
5516 7565
5516 14406
5519 1913
5519 7014
5519 10410
5519 12983
5519 14562
5519 14635
5519 17675
5523 1861
5523 3921
5523 12242
5523 13504
5523 17880
5531 14600
5531 24707
5567 9851
5595 9239
5625 14620
5639 623
5639 12465
5639 14365
5639 14405
5639 14406
5639 24568
5644 6278
5644 8364
5657 5866
5660 830
5660 833
5660 1543
5660 3491
5660 5304
5660 6598
5660 7268
5660 9762
5660 11743
5660 11938
5660 13121
5660 14419
5660 14729
5660 19427
5660 22072
5660 22730
5677 574
5677 9082
5677 11357
5757 12101
5769 2453
5769 13255
5795 14018
5887 14751
5892 13305
5946 8858
5946 9082
5946 12045
5946 14495
5946 15404
6002 10473
6002 14361
6002 14406
6009 7754
6017 8814
6047 14756
6049 9398
6049 11577
6049 13951
6070 3733
6095 13889
6095 16895
6124 804
6124 8813
6124 23360
6157 24706
6167 2361
6228 13247
6247 8858
6247 12573
6247 13598
6247 14400
6247 14413
6247 14441
6247 14563
6247 14752
6278 6966
6278 14478
6318 14318
6318 19915
6318 21079
6413 285
6413 14396
6485 8939
6485 12573
6485 14385
6485 14466
6485 14730
6485 19355
6497 12465
6497 14748
6505 14622
6505 24568
6528 9082
6528 14318
6528 14584
6528 14603
6528 14606
6528 15450
6531 8097
6531 14689
6547 11847
6589 496
6589 503
6589 642
6589 804
6589 6961
6589 7342
6589 8262
6589 8447
6589 9025
6589 12315
6589 12670
6589 14406
6589 14514
6598 11101
6598 11254
6598 12943
6598 13533
6666 4920
6666 12190
6666 14463
6681 18689
6735 9696
6735 13305
6735 14711
6815 16613
6832 8421
6845 5892
6850 3049
6850 5411
6850 10121
6850 14469
6850 14521
6850 24480
6851 8858
6851 9082
6851 14406
6851 14425
6851 17830
6851 22385
6874 13544
6874 24707
6937 6140
6937 14358
6953 14765
6955 1741
6955 2201
6955 2392
6955 3921
6955 9551
6955 10307
6955 13003
6955 14386
6955 17283
6955 18276
6955 24301
6961 8232
6961 9026
6961 9874
6961 14625
6961 15447
6966 14354
6966 19138
6966 23360
7006 13915
7026 540
7081 687
7081 18602
7106 14332
7106 24722
7107 6937
7107 24342
7123 6707
7123 10566
7142 3921
7142 9405
7142 10767
7152 3491
7152 6832
7152 10681
7152 11406
7186 12079
7186 14525
7186 14628
7209 6598
7305 2831
7305 4500
7305 6049
7305 9573
7305 21954
7410 4242
7410 11101
7410 12789
7410 14117
7410 14318
7410 14503
7470 6666
7470 7778
7470 13276
7470 14524
7478 11577
7499 2487
7499 4242
7514 1312
7514 5409
7514 6124
7514 9025
7514 9275
7514 11929
7514 12322
7516 9256
7516 13533
7516 14318
7516 14387
7516 14406
7516 21337
7557 410
7566 6497
7566 6937
7601 14421
7601 18602
7648 3803
7648 8935
7648 9025
7648 9275
7648 12322
7648 14367
7648 19901
7656 13258
7682 993
7682 6832
7682 13305
7682 13750
7682 14367
7682 14667
7743 253
7743 1312
7743 3874
7743 14095
7743 14335
7743 14541
7743 14594
7759 1001
7759 6400
7759 6505
7759 8262
7759 8935
7759 9082
7759 9716
7759 11362
7759 11929
7759 12079
7759 12090
7759 12315
7759 12665
7759 13730
7759 13896
7759 14359
7759 14406
7759 14597
7759 14652
7759 14674
7759 14733
7760 2467
7778 3559
7778 6047
7778 10121
7778 14406
7824 596
7824 7082
7824 17675
8005 2361
8005 9025
8005 10603
8005 15161
8005 15512
8005 20892
8005 23360
8025 13969
8097 13969
8127 2592
8162 12982
8162 14406
8232 4928
8262 9716
8262 14491
8262 14597
8286 19901
8305 1741
8305 13099
8310 8813
8311 14086
8321 14394
8364 6278
8421 1784
8421 6937
8421 14489
8447 2197
8447 8935
8507 13305
8600 24259
8650 18917
8657 8944
8657 14447
8657 14588
8659 13504
8661 9275
8664 3021
8664 9811
8664 14725
8813 1944
8813 14332
8846 2997
8921 2453
8921 6002
8921 9275
8921 14354
8935 1092
8935 2158
8935 6693
8935 7858
8935 10410
8935 11357
8935 12086
8935 12322
8935 12734
8935 14370
8935 14373
8935 14376
8935 14474
8935 14485
8935 14511
8935 14524
8935 14539
8935 14585
8935 14594
8935 14660
8935 14744
8935 18202
8935 24400
8983 21336
8984 7410
8984 11101
8995 814
9005 1658
9005 2423
9005 20285
9011 24460
9018 19901
9022 4642
9022 14583
9022 17066
9025 1658
9025 1913
9025 2423
9025 2594
9025 3705
9025 4196
9025 4920
9025 6247
9025 10331
9025 11722
9025 12190
9025 12371
9025 13255
9025 13573
9025 13684
9025 13750
9025 14310
9025 14366
9025 14400
9025 14406
9025 14413
9025 14432
9025 14451
9025 14466
9025 14477
9025 14540
9025 14659
9025 14697
9025 15714
9025 24722
9026 24518
9057 25
9057 763
9057 804
9057 929
9057 2158
9057 2194
9057 3123
9057 3172
9057 3803
9057 5152
9057 6728
9057 9025
9057 9082
9057 9573
9057 11725
9057 12135
9057 12322
9057 12531
9057 12670
9057 13796
9057 14387
9057 14406
9057 14543
9057 14563
9057 14613
9057 14670
9057 14715
9057 14732
9057 14744
9057 15814
9057 18138
9082 6002
9082 14406
9082 14483
9082 19866
9089 18602
9140 11785
9157 10121
9177 496
9177 1944
9177 6874
9177 9089
9177 9275
9177 11767
9177 13255
9177 13499
9177 13504
9177 13730
9177 13954
9177 14376
9177 14406
9177 14539
9177 14720
9177 14739
9177 14761
9177 14765
9177 14768
9177 22592
9224 14806
9232 10544
9232 12803
9239 1842
9239 6095
9239 11929
9239 12020
9239 12171
9239 14370
9239 14406
9239 14464
9239 14670
9239 16892
9239 19915
9239 23991
9256 12169
9256 13305
9275 6966
9275 13889
9275 22592
9275 24707
9312 687
9312 9842
9312 12812
9325 608
9360 7516
9365 7478
9365 17675
9392 3172
9405 1708
9405 14117
9405 18689
9405 19138
9405 19698
9444 24703
9462 14406
9511 22592
9524 9275
9553 2736
9553 8935
9553 11687
9553 12322
9553 12531
9553 14367
9553 14751
9555 1018
9555 4158
9555 14548
9555 14584
9573 16018
9600 17768
9647 21336
9677 18602
9679 14311
9679 14349
9679 22221
9682 1038
9798 13775
9842 687
9842 8858
9842 14332
9842 14406
9842 14425
9842 14670
9842 15117
9842 18574
9842 19149
9862 9082
9957 8858
9957 12348
9957 14760
9957 18602
9960 4158
9960 13673
9960 14603
9991 24710
10052 14436
10075 11167
10121 763
10121 2158
10121 2594
10121 8858
10121 9696
10121 14328
10121 14406
10121 14505
10121 14715
10121 14729
10121 19888
10121 24480
10168 3049
10184 2361
10259 14481
10273 11104
10273 14728
10292 3162
10292 8858
10292 9082
10292 13889
10292 14406
10292 14512
10292 14759
10292 18771
10307 12900
10323 19495
10343 14660
10343 14699
10356 6735
10406 12935
10406 15814
10406 17639
10406 18863
10410 2831
10410 3328
10410 5118
10410 12925
10410 12943
10410 13223
10410 14350
10410 14659
10410 14728
10410 15450
10544 287
10544 9177
10544 11743
10544 12712
10544 14558
10566 496
10566 2134
10566 2592
10566 8858
10566 9275
10566 10811
10566 12777
10566 14035
10566 14625
10566 17742
10566 24707
10568 12960
10573 2831
10573 24519
10598 9025
10598 14387
10598 19901
10676 935
10767 3814
10767 14491
10811 638
10811 1043
10811 8858
10811 10292
10811 12755
10811 13049
10811 14425
10811 14670
10811 14714
10811 19961
10837 11688
10926 14023
10997 14415
11040 14491
11048 13969
11056 16892
11056 24710
11071 14506
11076 9082
11076 9811
11076 14603
11076 17742
11077 13305
11130 14154
11149 3921
11167 1312
11167 18719
11254 12719
11342 503
11342 8935
11342 14750
11361 13144
11378 7082
11378 7516
11378 24588
11401 13574
11406 14520
11458 12573
11460 14451
11577 8858
11577 18917
11579 4158
11579 14117
11607 14636
11657 833
11657 12169
11657 14255
11657 14318
11657 14484
11657 14530
11657 14630
11657 14716
11657 15450
11684 8858
11684 11929
11684 13556
11684 14474
11684 14543
11688 12190
11688 14421
11700 935
11700 12418
11715 2594
11715 19901
11724 11848
11725 8447
11725 14370
11743 2274
11743 9202
11743 9232
11743 11393
11743 13766
11743 14541
11743 17639
11743 24695
11767 1312
11767 3162
11767 4343
11767 8364
11767 8858
11767 9089
11767 9312
11767 11357
11767 12734
11767 13255
11767 13448
11767 13504
11767 13954
11767 14362
11767 14525
11767 14570
11767 14681
11767 16581
11767 16892
11767 19138
11785 19138
11793 929
11793 9069
11819 253
11819 3705
11819 14370
11819 18169
11848 7858
11890 13499
11899 1842
11910 4025
11910 11881
11938 18602
11970 14631
12013 14425
12013 17880
12020 3874
12022 10681
12074 13372
12074 14530
12079 596
12079 1899
12079 12983
12079 13305
12079 14010
12079 14220
12079 14406
12079 14563
12079 14667
12079 18169
12079 19901
12079 22708
12081 14298
12086 496
12086 9275
12133 3301
12135 804
12135 2443
12135 3162
12135 3705
12135 3825
12135 5304
12135 6002
12135 6966
12135 8321
12135 9022
12135 9405
12135 9957
12135 12777
12135 12925
12135 14278
12135 14406
12135 14477
12135 14539
12135 14541
12135 14545
12135 18771
12135 20673
12135 21878
12135 22276
12141 7481
12141 10121
12141 14388
12141 23500
12149 12314
12163 596
12163 2831
12163 14189
12163 14406
12163 14493
12163 14539
12163 14562
12169 11728
12171 1707
12171 5892
12171 12668
12171 14332
12179 21
12186 5409
12200 14406
12211 6738
12242 2831
12242 12186
12242 13810
12242 14394
12273 13518
12309 13662
12322 255
12322 4756
12322 10089
12322 10121
12322 19554
12322 24381
12343 14614
12371 12587
12374 287
12450 14127
12467 1973
12474 13753
12537 14271
12539 14613
12539 14806
12570 8346
12573 12720
12573 19901
12600 6966
12600 14332
12600 14625
12600 22592
12648 16900
12665 138
12665 866
12665 1394
12665 3049
12665 5313
12665 6627
12665 7682
12665 9275
12665 12079
12665 14332
12665 14370
12665 14406
12665 14423
12665 17111
12665 22927
12668 2416
12668 6385
12668 6961
12668 8892
12668 9275
12668 14332
12668 14493
12668 14632
12668 21079
12670 7106
12670 9256
12670 12027
12670 13137
12670 13305
12670 13684
12670 14481
12670 16892
12688 10603
12712 14565
12712 14634
12734 633
12734 1140
12734 3328
12734 9082
12734 9275
12734 9312
12734 13846
12734 14095
12734 14432
12734 14706
12734 16581
12734 16613
12734 17706
12734 22276
12734 24226
12803 18602
12812 1921
12812 1934
12812 9082
12870 15394
12878 19027
12893 8364
12894 12079
12900 1842
12900 7106
12900 8025
12900 9256
12900 9275
12900 11847
12900 13795
12900 14666
12900 14708
12956 14543
13003 11881
13003 14170
13003 14575
13003 14728
13026 18602
13027 1158
13027 8421
13027 9026
13027 9082
13027 22730
13042 9275
13042 22990
13049 10681
13049 11725
13049 17742
13049 19961
13065 9834
13065 24386
13068 701
13119 201
13119 5409
13119 12519
13121 18385
13124 13410
13124 14332
13124 14336
13124 14376
13124 14719
13124 18602
13124 20673
13141 17333
13161 14704
13172 8858
13172 14487
13211 14757
13214 1140
13247 9082
13247 14491
13247 14511
13258 13305
13270 876
13289 804
13297 4407
13305 993
13305 4026
13305 4230
13305 6953
13305 8232
13305 8935
13305 9811
13305 10052
13305 10133
13305 11406
13305 12254
13305 12925
13305 12949
13305 13319
13305 13598
13305 13786
13305 13814
13305 14318
13305 14399
13305 14400
13305 14433
13305 14460
13305 14522
13305 14544
13305 14612
13305 14618
13305 14676
13305 14684
13305 14720
13305 14727
13305 14735
13305 15714
13305 16377
13305 16892
13305 20429
13305 24313
13308 14485
13334 2134
13354 6966
13354 9275
13354 14328
13369 14719
13372 14226
13383 13502
13383 14657
13399 24342
13472 4928
13502 10410
13502 12987
13504 15117
13528 3947
13533 14595
13628 25
13628 2872
13628 3405
13628 4966
13628 6937
13628 12668
13628 23389
13628 23943
13643 14377
13643 19999
13673 9612
13673 14741
13684 14318
13684 14697
13695 9082
13730 11743
13730 14500
13730 14649
13730 24695
13750 11767
13750 13504
13772 9256
13782 15117
13782 21813
13786 17768
13786 17830
13786 22412
13792 14648
13795 14433
13800 22412
13851 644
13885 4317
13885 6638
13889 14745
13891 9082
13935 6385
13935 14388
13954 14473
13954 14720
13954 14739
13958 10767
13958 11841
13969 597
13969 3172
13969 6598
13969 8105
13969 8273
13969 8447
13969 9551
13969 11847
13969 13103
13969 13223
13969 13533
13969 14367
13969 14398
13969 14689
13969 15361
14001 11779
14010 4829
14023 2384
14024 21336
14069 14535
14093 1089
14093 10675
14093 14576
14117 16581
14127 14295
14149 11077
14187 14357
14219 9025
14219 12789
14223 7385
14226 833
14226 2811
14226 2920
14226 7682
14226 7921
14226 8491
14226 11698
14226 12074
14226 12789
14226 13103
14226 13305
14226 13969
14226 14666
14226 14701
14226 14745
14226 17675
14226 17830
14226 19961
14226 20285
14226 24393
14226 24722
14232 22412
14238 12465
14271 503
14271 6966
14271 8996
14271 12135
14271 14354
14271 14396
14271 14458
14271 14703
14271 14752
14271 22598
14293 1725
14293 3803
14293 12178
14297 6218
14310 11357
14317 12719
14355 9811
14355 14606
14361 1043
14361 5010
14361 14456
14362 13574
14364 546
14365 14374
14370 2467
14370 3825
14370 14195
14372 1639
14374 12465
14374 13046
14374 14421
14383 18034
14387 14406
14406 285
14406 1393
14406 3123
14406 6400
14406 9219
14406 14491
14406 14674
14406 14679
14406 14748
14406 14761
14407 7785
14408 3936
14419 8311
14425 14428
14425 19554
14431 2043
14435 11488
14437 18323
14441 6047
14441 13598
14441 14486
14443 12239
14443 14406
14450 1312
14450 9573
14454 7664
14463 6047
14463 6188
14463 12190
14463 24189
14472 1392
14475 12983
14480 642
14481 2004
14481 14744
14486 24568
14489 14920
14490 14425
14490 14493
14490 14531
14491 22882
14498 9082
14498 12665
14500 8561
14503 17293
14506 17801
14508 11507
14510 9082
14512 9082
14514 9082
14516 9082
14533 14512
14537 7060
14540 2194
14541 9180
14545 1318
14549 9082
14550 24519
14550 24568
14554 9275
14579 9402
14583 18574
14588 8858
14595 1740
14595 3882
14595 4230
14595 7516
14595 9707
14595 11722
14595 16892
14595 21079
14599 18602
14607 19199
14608 13126
14609 20435
14617 24183
14617 24568
14622 410
14622 496
14622 12465
14622 14615
14622 17830
14631 24224
14641 9082
14642 644
14643 15319
14653 19379
14659 18438
14661 5409
14668 14648
14670 554
14670 3921
14671 903
14674 17639
14675 9256
14680 14679
14688 14683
14689 24579
14690 18931
14694 2185
14694 19178
14702 21926
14705 14703
14710 22209
14717 8935
14721 14706
14723 3444
14730 4343
14730 5152
14730 14303
14730 15450
14730 20917
14731 7111
14732 14727
14737 23933
14743 8935
14744 105
14744 833
14744 5633
14744 6738
14744 7894
14744 10331
14744 11648
14744 12059
14744 12273
14744 12670
14744 13431
14744 13654
14744 14320
14744 14757
14744 15450
14744 16377
14744 24037
14746 13504
14747 13504
14750 8935
14753 4885
14754 9312
14755 15117
14758 496
14758 13043
14762 14556
14806 8262
14920 1116
14920 4500
14920 6836
14920 7759
14920 9380
14920 12254
14920 12465
14920 13598
14920 13655
14920 14365
14920 14406
14920 14628
14920 14658
14927 9275
15057 3986
15117 11767
15117 14417
15117 14653
15161 14035
15161 14591
15229 11049
15229 13889
15229 21954
15282 14417
15394 4331
15394 14355
15447 809
15447 8858
15447 11929
15447 12186
15447 14625
15450 2304
15450 4920
15450 6937
15450 9022
15450 9239
15450 13628
15450 14045
15450 14563
15450 14600
15450 14673
15450 17675
15450 18917
15450 22513
15610 4370
15610 12093
15610 14377
15610 18568
15645 2184
15725 11393
15814 5304
15814 7505
15814 9232
15814 12573
15814 13574
15814 14031
15814 14358
15814 14389
15814 14406
15814 14425
15814 14428
15814 14440
15814 14565
15814 14673
15814 19554
16018 14023
16076 12734
16186 20
16186 285
16186 642
16186 2467
16186 4343
16186 11348
16186 11929
16186 12079
16186 14413
16186 14563
16186 14615
16186 15117
16186 16345
16336 4158
16336 8935
16336 14503
16336 14603
16345 1639
16345 19901
16345 24206
16377 6247
16581 9312
16581 12812
16581 14541
16581 20673
16581 24342
16601 4242
16609 4230
16609 13372
16613 9256
16613 13533
16613 14593
16613 14756
16859 833
16859 1658
16859 9025
16859 13951
16859 14522
16859 16613
16859 21079
16892 4829
16892 5025
16892 12045
16892 12615
16892 13533
16892 24226
16895 1018
16895 4158
16895 21954
17113 11927
17157 8346
17293 8491
17293 11101
17293 14666
17293 17880
17298 9025
17338 8921
17338 9275
17349 7305
17576 14633
17639 11929
17675 5409
17675 10121
17675 12665
17675 18917
17706 19693
17729 6874
17729 9239
17729 19888
17736 19876
17742 503
17742 540
17742 749
17742 788
17742 1921
17742 3374
17742 6124
17742 9239
17742 12543
17742 12732
17742 13741
17742 14756
17742 15447
17742 18449
17742 18602
17742 22072
17742 24252
17768 12900
17768 16388
17809 23313
17830 496
17830 2361
17830 2831
17830 3921
17830 8097
17830 9025
17830 9082
17830 11348
17830 12135
17830 12315
17830 14387
17830 14406
17830 14703
17866 6505
17892 1209
18138 12573
18169 5112
18169 14485
18169 19328
18169 21954
18323 12806
18323 14328
18385 22513
18401 14485
18426 19888
18428 2416
18438 2134
18438 9842
18438 10410
18568 20673
18574 540
18574 687
18574 2361
18574 2831
18574 4913
18574 14271
18574 20355
18602 4440
18602 12200
18602 14681
18602 14709
18602 24226
18619 3874
18619 6953
18619 7760
18619 11724
18619 11929
18619 12956
18619 14406
18619 14706
18619 19915
18689 804
18689 1741
18689 2134
18689 5411
18689 7759
18689 9082
18689 12079
18689 13750
18689 14425
18689 14674
18689 14707
18698 1921
18698 4600
18698 6125
18698 7082
18698 14008
18698 19199
18917 642
19138 496
19138 1140
19138 1934
19138 14218
19149 9551
19149 10811
19149 14487
19149 17283
19172 9082
19172 12670
19213 8935
19328 20517
19355 4462
19421 5118
19446 11099
19454 4928
19454 7106
19454 7648
19454 8858
19454 9082
19454 13305
19454 14255
19454 14448
19454 14512
19554 3172
19685 18602
19693 12371
19730 4343
19730 13057
19730 13305
19871 14720
19901 9275
19901 13573
19901 13655
19901 14328
19901 14406
19901 14653
19901 14755
19901 18602
19904 1543
19915 1846
19915 2592
19915 3882
19915 5409
19915 7268
19915 9275
19915 11357
19915 12539
19915 19730
19938 525
20021 11698
20021 22075
20242 7516
20242 21954
20285 1842
20285 9025
20285 9842
20285 11101
20285 11698
20285 11722
20285 12665
20285 13684
20285 14481
20285 19023
20387 14406
20517 21954
20638 1312
20638 11357
20638 14527
20638 21878
20676 929
20676 4920
20676 12163
20676 12755
20676 21876
20817 2361
20817 8321
20817 14332
20817 14415
20817 14483
20817 14536
20817 14699
20817 18602
20871 255
20898 22592
21079 4230
21079 14593
21110 623
21213 4242
21213 4411
21240 8808
21240 9256
21240 14757
21336 876
21336 8858
21356 4920
21356 9957
21356 13504
21402 11788
21584 2736
21584 12079
21739 6707
21786 1658
21786 9275
21786 9312
21786 16880
21786 19915
21800 12789
21800 14460
21864 9275
21876 21954
21878 701
21878 11532
21891 14510
21891 19172
21954 11101
21954 11786
21954 14697
21954 19435
22160 10573
22160 22675
22217 12537
22221 3714
22221 9392
22276 14354
22276 14406
22283 253
22283 3705
22283 14591
22283 17830
22412 8858
22412 9312
22412 14380
22412 14612
22469 496
22513 162
22513 11938
22513 14483
22513 19355
22521 20817
22536 14513
22592 10121
22592 18602
22592 24518
22598 3460
22598 8346
22598 14328
22598 14536
22598 14699
22882 2318
22882 8005
22882 10734
22882 11724
22882 12665
22882 14920
22906 14406
22906 14720
23130 19915
23144 2361
23235 638
23235 14045
23348 4920
23348 7850
23348 11106
23348 14359
23348 14406
23348 14706
23360 2467
23360 12037
23376 1312
23535 18276
23707 14474
23707 14564
23711 14510
23782 804
24133 231
24133 7142
24133 10410
24133 11785
24133 12900
24133 14406
24133 14557
24133 17706
24150 194
24226 642
24226 7111
24226 7268
24226 9180
24226 13410
24226 13504
24226 13730
24226 14470
24226 14500
24226 24695
24252 287
24252 406
24252 1921
24252 2831
24252 11048
24252 13726
24252 14406
24265 6548
24265 7850
24265 11639
24322 4242
24322 19222
24393 496
24393 1312
24393 4242
24393 12519
24393 14278
24393 14406
24393 14425
24393 14428
24404 4125
24409 2592
24451 9224
24460 4230
24460 12322
24460 16613
24472 21954
24518 5644
24518 6278
24518 12996
24518 14459
24568 8262
24568 13141
24570 14522
24588 3620
24588 8105
24588 14091
24588 19027
24666 12090
24707 9405
24707 12812
24707 13141
