24740 7654
0 22427
0 22551
20 11744
43 19149
43 21786
44 15274
44 21935
44 24480
97 14888
156 1383
156 2387
156 22165
156 22637
156 22740
162 15488
212 503
212 11378
213 2854
213 5345
213 7759
213 9713
213 10136
213 11861
213 14455
213 17742
213 19080
213 22449
213 22508
215 6666
215 21784
231 15639
253 2594
271 20286
271 22616
287 12039
287 16897
287 17742
287 21813
287 22503
320 503
320 2591
320 5856
320 8935
320 12135
320 14822
320 16542
320 18546
320 21786
320 22237
320 22510
320 22644
320 22776
320 22781
337 6557
337 22593
344 16406
348 22647
386 2467
386 6058
386 9239
386 17742
386 20635
386 22529
401 18970
401 20286
401 22590
406 2594
406 11378
406 14117
406 21241
406 21752
406 22789
495 6047
496 9239
496 16069
496 21092
524 13570
525 20592
540 9057
545 7514
572 15958
596 642
596 1913
596 2962
596 8096
596 11149
596 11355
596 11929
596 12135
596 13275
596 13809
596 14822
596 16069
596 17659
596 19557
596 21154
596 21640
596 21752
596 22527
596 22574
596 22650
596 22710
623 642
623 4488
623 8197
623 22757
623 22776
623 23822
630 644
630 6960
630 13851
630 20817
640 7648
642 34
642 496
642 1038
642 1913
642 2134
642 3021
642 3433
642 7759
642 8232
642 10021
642 11930
642 12135
642 13049
642 14227
642 14743
642 16907
642 17195
642 17647
642 19020
642 19744
642 20485
642 21447
642 21752
642 22350
642 22553
642 22579
642 22637
642 22751
642 22802
642 24033
644 5447
644 8151
701 2091
701 6689
701 8352
701 10718
701 12045
701 12690
701 13485
701 13687
701 14158
701 14227
701 15554
701 15895
701 17742
701 17921
701 18602
701 18898
701 19749
701 21643
701 21752
701 21801
701 22170
701 22500
701 22519
701 22520
701 22540
701 22579
701 22598
701 22616
701 22636
701 22649
701 22656
701 22667
701 22729
701 22735
701 22750
701 22766
701 22770
701 22784
701 23203
701 23348
701 24282
726 1140
726 4567
726 5639
726 6047
726 6735
726 9057
726 12945
726 14232
726 18329
726 18715
726 21619
726 22694
726 22800
762 21240
776 1665
776 12135
776 14743
776 17268
776 18033
776 19172
786 13758
804 19196
810 10596
810 13343
830 6485
830 22533
830 22614
830 22677
833 9025
866 1038
866 12025
876 1157
876 6869
876 7478
876 7516
876 7740
876 9057
876 12135
876 14414
876 14442
876 15503
876 17788
876 19993
876 20592
876 22567
876 22584
929 7
929 10292
929 13965
929 22357
929 22641
929 22763
934 2997
1013 2197
1013 4066
1013 4094
1013 6961
1013 9239
1013 9978
1013 12093
1013 13049
1013 14117
1013 14141
1013 14227
1013 15895
1013 21711
1013 21752
1013 21878
1013 22165
1013 22520
1013 22784
1018 503
1018 1383
1018 2794
1018 3986
1018 6961
1018 8232
1018 14117
1018 14218
1018 15332
1018 19721
1018 20049
1018 20062
1018 20493
1018 21752
1018 22245
1018 22476
1018 22602
1018 22610
1018 22734
1018 22736
1018 22767
1018 22803
1018 22815
1038 7759
1038 12025
1038 13735
1038 18086
1105 0
1105 1665
1105 2831
1105 14785
1105 14960
1105 19744
1105 21228
1116 2962
1116 11785
1116 12317
1116 19726
1116 22543
1126 496
1126 10021
1126 12994
1126 14227
1126 16581
1126 20535
1133 5311
1133 8025
1133 12153
1133 15512
1133 16928
1133 19499
1133 22286
1133 24460
1137 2207
1137 6869
1137 7760
1137 8808
1137 12273
1137 22263
1140 6961
1140 14224
1140 15346
1140 16581
1140 21202
1141 570
1141 1913
1141 2134
1141 2831
1141 3909
1141 9022
1141 9239
1141 14387
1141 21876
1141 21954
1148 23822
1206 4652
1206 21525
1206 22491
1206 22598
1215 22548
1220 21317
1221 19533
1235 5285
1235 11758
1235 13954
1235 14232
1235 15271
1235 15969
1235 16163
1235 22647
1235 22707
1244 22519
1312 1318
1312 10292
1312 10761
1312 12135
1312 12812
1312 14232
1312 15895
1312 17659
1312 19744
1312 21752
1312 22555
1312 22785
1346 6485
1393 2794
1393 18029
1393 22452
1393 22622
1403 22489
1403 22509
1411 12108
1411 16932
1411 22704
1430 1312
1430 4094
1430 4920
1430 11215
1430 12326
1430 18329
1430 21525
1430 22491
1430 22554
1430 23795
1430 24183
1486 15921
1520 12135
1520 22689
1538 22519
1542 18755
1547 6125
1547 19066
1547 21443
1582 11717
1582 15117
1582 20112
1582 22806
1621 2184
1631 11050
1632 4578
1658 14117
1665 7
1665 1913
1665 7410
1665 7514
1665 8993
1665 9025
1665 9874
1665 12079
1665 12734
1665 17675
1665 18033
1665 19721
1665 20285
1665 21752
1667 22485
1692 5892
1692 17576
1692 19543
1692 22063
1692 22642
1716 13106
1734 7630
1740 162
1740 1665
1740 2091
1740 4406
1740 5892
1740 6917
1740 7037
1740 10331
1740 11942
1740 12041
1740 12079
1740 12998
1740 14255
1740 14295
1740 14325
1740 14353
1740 15203
1740 15274
1740 15488
1740 16377
1740 16613
1740 16907
1740 17139
1740 18058
1740 18737
1740 19499
1740 19988
1740 20493
1740 20592
1740 21645
1740 22257
1740 22419
1740 22511
1740 22689
1740 22758
1740 22776
1740 23795
1741 15332
1741 22225
1747 21786
1784 12177
1846 253
1846 12342
1846 16486
1846 22350
1846 22802
1846 24480
1888 9453
1913 12734
1934 337
1934 1318
1934 14227
1947 11819
1951 642
1951 1913
1951 7759
1951 12230
1951 16069
1951 16542
1951 17566
1951 17742
1951 19386
1951 19595
1951 21202
1951 22472
1951 22647
1951 22738
1951 22767
1952 22664
2018 6095
2018 8321
2018 9025
2018 17675
2018 22768
2053 17742
2091 13418
2134 2424
2134 2920
2134 6417
2134 9239
2134 9446
2134 10130
2134 11595
2134 13042
2134 14145
2134 14406
2134 15348
2134 15418
2134 16561
2134 16761
2134 17026
2134 18602
2134 19499
2134 22488
2134 22515
2134 22585
2134 22619
2134 22802
2134 24265
2134 24354
2134 24613
2194 503
2194 2275
2194 8996
2197 2387
2197 2920
2197 4683
2197 11048
2197 11378
2197 11819
2197 11977
2197 13141
2197 15621
2197 17786
2197 18033
2197 18737
2197 19324
2197 20304
2197 21228
2197 21447
2197 21760
2197 22012
2197 22165
2197 22717
2197 22749
2272 9964
2272 12412
2275 10121
2307 17690
2329 11819
2329 22598
2361 3292
2361 5519
2361 7778
2361 13965
2361 18153
2361 18602
2361 22553
2361 22729
2361 22783
2361 22789
2384 6869
2386 17378
2386 24354
2387 496
2387 623
2387 642
2387 1383
2387 2134
2387 3021
2387 3172
2387 4094
2387 4407
2387 8935
2387 10292
2387 11819
2387 13954
2387 14227
2387 16761
2387 19744
2387 20242
2387 22012
2387 22165
2387 22522
2387 22637
2387 22736
2387 22743
2387 24033
2409 22598
2413 19949
2413 21784
2413 22650
2424 5677
2424 17647
2440 2442
2440 6036
2440 12153
2442 6036
2442 12239
2442 21711
2467 15346
2467 21752
2487 253
2487 2594
2487 9025
2487 11914
2487 14372
2487 15971
2487 21240
2487 22717
2497 1141
2497 7759
2497 11929
2497 12039
2497 19499
2497 22546
2497 22705
2592 1013
2592 4086
2592 4930
2592 9239
2592 11942
2592 13236
2592 15895
2592 18602
2592 22098
2594 1815
2594 8935
2594 17675
2611 22519
2629 22519
2633 5127
2633 6278
2633 22761
2633 23795
2659 22627
2736 17105
2794 14254
2794 17293
2794 22599
2794 22602
2831 1934
2831 19499
2854 22112
2864 22622
2872 22535
2872 22797
2931 22378
2939 2467
2939 24404
2953 13492
2962 18086
2997 701
2997 2794
2997 7410
2997 14227
2997 15895
2997 24033
3013 14455
3021 3835
3021 8935
3021 22789
3049 10731
3049 12135
3049 12239
3049 19499
3049 22797
3051 213
3051 11819
3078 22598
3080 10862
3101 1430
3172 213
3172 16904
3172 18467
3172 20633
3172 22170
3172 22286
3172 22624
3172 22670
3203 22367
3214 12537
3272 22272
3329 22736
3433 4086
3433 19322
3433 22520
3433 22751
3452 3986
3452 10640
3487 16786
3506 12903
3506 19726
3506 22498
3528 6497
3528 8025
3528 12935
3528 22762
3528 22789
3550 12855
3550 21801
3620 21954
3704 2831
3704 14406
3705 7760
3705 14785
3739 14550
3757 24282
3777 11378
3909 22449
3986 496
3986 3995
3986 4502
3986 9034
3986 10640
3986 11378
3986 12812
3986 13109
3986 14232
3986 14969
3986 16542
3986 17269
3986 20049
3986 21202
3986 21954
3986 22324
3986 22509
3986 22558
3986 22589
3986 22732
3986 22734
4066 2275
4066 9025
4066 14117
4066 16557
4066 19533
4066 22812
4086 1140
4086 3195
4094 9365
4094 11378
4094 11607
4094 19442
4158 11579
4158 22655
4196 15274
4196 16613
4196 21336
4234 17346
4242 503
4242 4743
4242 8632
4242 9239
4242 20389
4242 20449
4242 21752
4242 22476
4242 22548
4280 630
4280 7113
4343 5805
4343 6869
4343 21786
4406 6485
4406 8808
4406 17675
4407 13954
4410 9662
4410 22155
4440 12135
4502 2633
4502 6480
4502 18092
4502 22734
4502 23795
4547 5969
4567 6735
4567 13275
4567 22476
4567 23320
4667 22516
4683 19949
4685 8564
4685 17742
4685 19065
4685 22101
4772 7471
4802 4498
4829 1401
4829 13694
4829 14227
4829 17829
4829 18612
4829 19749
4849 19499
4920 2307
4920 2831
4920 4280
4920 6247
4920 8151
4920 9453
4920 12039
4920 12326
4920 12819
4920 13042
4920 13851
4920 15958
4920 17675
4920 18034
4920 19901
4920 20817
4920 21352
4920 22598
4920 22602
4920 22790
5127 23795
5152 13786
5178 21640
5189 21665
5189 22766
5189 22791
5193 7113
5261 14232
5261 19499
5282 13855
5284 14227
5311 124
5311 4343
5311 4663
5311 5805
5311 5855
5311 7760
5311 12079
5311 12153
5311 14067
5311 15271
5311 15480
5311 15755
5311 16034
5311 17742
5311 18317
5311 20677
5311 20927
5311 21432
5311 21640
5311 21711
5311 21938
5311 21941
5311 22451
5311 22496
5311 22515
5311 22553
5311 22602
5311 22636
5311 22640
5311 22647
5311 22684
5311 22705
5311 22809
5325 19082
5345 14455
5345 17742
5364 1934
5408 22701
5447 22598
5448 3986
5489 24366
5516 8077
5519 22717
5615 18769
5639 2318
5639 10640
5639 18192
5639 19725
5639 21786
5639 22516
5639 22545
5644 22519
5645 16656
5658 20449
5677 24613
5686 337
5686 1018
5753 22789
5769 21046
5769 22551
5801 6247
5801 9453
5801 10429
5801 16648
5801 22542
5805 11967
5805 19730
5805 24584
5805 24710
5887 9005
5887 19226
5887 20649
5887 22710
5892 13516
5892 14332
5892 18612
5892 22063
5892 24508
5946 11977
5946 14406
5946 22602
5946 22717
6047 14189
6049 10133
6049 16613
6049 21240
6104 19901
6125 21584
6167 7
6167 2207
6167 5152
6167 8600
6167 9239
6167 11435
6167 11698
6167 12079
6167 12317
6167 12537
6167 15203
6167 17675
6167 18034
6167 18192
6167 20147
6167 20986
6167 22263
6167 22472
6167 22801
6247 434
6247 19023
6247 22614
6247 23795
6278 5261
6278 14232
6278 22237
6278 22472
6278 22509
6278 22800
6278 23795
6285 2767
6417 15716
6417 19499
6417 22758
6417 24480
6485 929
6485 1868
6485 2657
6485 6167
6485 7740
6485 7760
6485 11744
6485 13099
6485 17675
6485 21786
6485 22621
6497 18192
6516 16226
6528 287
6528 7410
6528 14117
6528 17742
6528 22712
6531 9964
6531 11048
6531 11819
6531 23320
6547 4094
6547 9365
6557 1312
6557 6815
6557 9368
6557 11930
6557 13684
6557 19196
6557 19704
6557 19721
6557 22520
6557 22555
6557 22593
6557 22776
6589 9275
6589 9842
6589 12998
6589 16904
6589 22602
6598 1105
6598 9057
6598 14227
6598 18761
6598 22652
6598 22709
6598 22749
6598 22812
6598 23795
6653 10646
6666 13191
6693 20638
6735 2794
6735 3021
6735 6058
6735 10292
6735 12829
6735 19196
6735 20635
6735 21240
6815 2248
6850 15716
6850 19151
6850 19499
6850 19519
6851 17742
6869 3420
6869 3677
6869 10273
6869 13211
6869 17675
6869 21972
6874 9978
6955 115
6955 156
6955 1382
6955 2134
6955 2361
6955 5369
6955 9697
6955 13639
6955 15512
6955 16186
6955 19149
6955 24133
6961 503
6961 2633
6961 3986
6961 8232
6961 12690
6961 14224
6961 14232
6961 15522
6961 15556
6961 16018
6961 18602
6961 22763
6961 23795
6961 24226
7037 17121
7113 19855
7152 2767
7186 20649
7186 22480
7186 22488
7211 12484
7352 11569
7405 22493
7410 642
7410 2594
7410 3379
7410 14117
7410 14227
7410 15895
7410 17742
7410 20635
7410 22476
7470 5639
7470 15565
7478 7516
7507 2633
7507 20337
7510 7760
7514 2831
7514 17742
7514 21645
7516 4406
7516 14409
7566 14409
7600 2794
7601 12135
7623 18602
7630 9057
7630 17742
7630 22530
7648 642
7648 2700
7648 12907
7648 20463
7648 22573
7648 23348
7648 23795
7648 23926
7669 18153
7740 14414
7740 19328
7743 15621
7743 21514
7743 22509
7743 22644
7743 22650
7743 22659
7743 22763
7759 866
7759 12239
7759 12727
7759 14406
7759 15117
7759 15418
7759 15907
7759 16928
7759 22519
7759 22532
7759 22602
7759 22755
7759 22802
7778 5639
7778 8477
7778 13735
7778 13965
7778 21784
7778 22622
7778 22741
7817 15271
7824 22590
7862 15613
8005 7579
8005 8564
8005 11724
8005 11785
8005 12822
8005 13418
8005 21164
8005 22350
8005 22580
8005 22710
8005 23795
8025 19761
8097 13969
8102 496
8102 12037
8102 16648
8102 22576
8102 22789
8232 337
8232 2091
8232 2831
8232 3705
8232 7410
8232 8935
8232 9239
8232 9275
8232 14117
8232 14227
8232 16076
8232 16907
8232 21240
8232 22642
8235 1665
8235 4743
8235 6815
8235 10793
8235 12243
8235 12834
8235 14255
8235 18058
8235 19196
8235 19703
8235 20592
8235 21214
8235 22630
8238 22022
8305 20112
8321 12868
8403 2329
8403 4121
8403 9453
8403 20817
8403 22598
8407 16557
8421 17026
8421 22773
8452 21786
8452 22324
8452 22720
8600 12039
8657 642
8657 24480
8681 16932
8681 23389
8808 6869
8808 7760
8808 10681
8808 12231
8808 13855
8808 19499
8808 22245
8808 22508
8808 22539
8921 8289
8921 9275
8921 20638
8921 22602
8921 22644
8921 22659
8921 22781
8935 1383
8935 2831
8935 3943
8935 5447
8935 6689
8935 7351
8935 8352
8935 10406
8935 11215
8935 11378
8935 11434
8935 12025
8935 12135
8935 13049
8935 13150
8935 13726
8935 14239
8935 15798
8935 17342
8935 17356
8935 17682
8935 18898
8935 19901
8935 20304
8935 20428
8935 21276
8935 21615
8935 22012
8935 22045
8935 22251
8935 22295
8935 22509
8935 22531
8935 22577
8935 22620
8935 22652
8935 22676
8935 22699
8935 22726
8935 22762
8935 22800
8995 22590
9022 2831
9022 16672
9025 7
9025 1141
9025 2275
9025 3620
9025 4234
9025 6869
9025 9365
9025 9742
9025 12079
9025 12153
9025 12177
9025 13492
9025 13639
9025 13861
9025 14406
9025 14730
9025 16406
9025 17675
9025 18568
9025 19499
9025 21011
9025 21786
9025 21954
9025 22499
9025 22551
9025 22567
9025 22584
9025 22621
9025 22624
9025 22652
9025 22746
9026 21954
9050 12041
9050 13049
9057 34
9057 117
9057 213
9057 249
9057 255
9057 432
9057 496
9057 554
9057 601
9057 701
9057 1141
9057 1913
9057 2831
9057 3051
9057 4567
9057 4930
9057 6869
9057 8996
9057 9025
9057 9368
9057 9842
9057 11378
9057 12326
9057 12670
9057 13492
9057 14961
9057 15203
9057 16746
9057 16863
9057 17066
9057 17472
9057 18041
9057 18329
9057 18574
9057 18602
9057 19730
9057 20049
9057 20147
9057 20904
9057 21752
9057 21786
9057 22098
9057 22602
9057 22677
9057 22700
9057 22712
9057 22743
9057 23795
9057 24029
9057 24033
9082 12135
9082 12690
9098 613
9177 830
9177 1951
9177 6937
9177 10718
9177 14785
9177 15271
9177 22260
9177 22324
9177 22581
9177 22606
9177 22640
9213 20382
9238 929
9238 1951
9238 6887
9238 16932
9238 21168
9238 21752
9238 22272
9238 22520
9239 320
9239 1665
9239 3172
9239 3203
9239 3705
9239 4066
9239 4094
9239 5369
9239 6095
9239 12093
9239 13042
9239 14743
9239 16761
9239 20062
9239 21711
9239 22631
9239 22649
9239 22650
9239 22810
9239 23795
9275 4440
9275 4802
9275 10292
9275 20599
9320 20449
9365 10718
9365 11607
9453 11988
9453 13851
9453 14224
9453 18602
9453 19322
9453 22472
9453 22598
9553 6598
9553 8102
9553 12079
9553 13485
9553 18769
9553 21209
9553 22709
9600 5639
9600 24568
9679 21707
9679 22543
9697 496
9697 13969
9713 830
9713 16904
9724 18939
9742 24555
9764 14664
9764 19744
9764 22726
9798 16648
9827 4920
9842 2633
9842 10718
9842 12135
9842 14500
9842 16822
9842 17659
9842 20112
9842 22519
9842 22598
9842 22602
9859 12242
9957 18041
9957 22618
9964 12834
9966 19499
9966 22131
9983 17742
10007 16486
10021 14117
10021 14227
10021 20463
10121 7760
10121 10027
10121 11914
10168 19499
10173 22598
10177 7410
10177 15895
10292 1235
10292 2134
10292 2831
10292 6247
10292 8661
10292 12039
10292 12876
10292 13838
10292 16895
10292 18602
10292 19710
10292 20535
10292 20992
10292 21121
10292 21752
10292 21786
10292 22551
10292 22568
10292 22602
10292 23795
10292 23991
10345 22496
10359 2134
10378 19704
10429 9057
10429 22519
10429 24375
10457 12078
10486 12633
10544 22882
10566 642
10566 9239
10566 12239
10566 14227
10566 14254
10566 18498
10566 20633
10640 18563
10681 19519
10718 1951
10718 17742
10811 12135
10811 12239
10811 20049
10811 20463
11087 11733
11114 11442
11180 2467
11180 14483
11180 15883
11180 21938
11180 24033
11230 2931
11230 12600
11332 3101
11332 6974
11332 23360
11355 15814
11378 13954
11396 2497
11406 1133
11406 12342
11406 13786
11406 15480
11406 22546
11460 2467
11579 12135
11579 22519
11607 16638
11626 11861
11629 21336
11676 4488
11676 9812
11684 642
11684 701
11684 2633
11684 4719
11684 7759
11684 9983
11684 13174
11684 14227
11684 16069
11684 22708
11686 22594
11698 17139
11698 17675
11716 22411
11717 15117
11717 22456
11718 6049
11733 287
11733 15117
11735 3620
11739 14664
11743 19439
11743 22487
11744 17742
11744 21786
11757 9874
11758 15907
11758 20732
11781 13855
11781 16675
11781 17269
11781 19519
11787 9453
11793 21752
11817 22098
11819 2594
11819 9275
11819 11980
11819 19533
11819 22012
11819 22232
11819 22501
11819 22522
11819 22637
11819 22731
11848 22237
11861 6485
11861 6869
11861 7740
11861 8520
11861 15069
11861 22804
11909 9713
11909 13492
11909 16675
11909 19519
11912 16998
11921 21525
11930 5409
11930 11378
11930 16581
11930 24252
11961 13492
12020 21046
12025 14406
12041 2924
12041 13049
12046 14583
12062 13786
12079 5639
12079 13121
12079 16415
12079 17675
12079 18900
12079 20649
12079 21699
12090 15274
12090 15348
12091 13580
12091 17603
12091 22779
12135 124
12135 260
12135 1913
12135 5409
12135 5658
12135 5914
12135 8564
12135 10292
12135 13049
12135 13719
12135 14117
12135 15360
12135 15755
12135 16076
12135 18041
12135 19020
12135 20599
12135 22098
12135 22165
12135 22542
12135 22551
12135 22558
12135 22578
12135 22602
12135 22610
12135 22659
12141 1140
12141 15346
12141 22412
12147 11819
12147 17742
12153 15826
12175 14500
12187 11717
12211 16388
12211 21240
12211 22776
12239 337
12239 496
12239 3528
12239 4094
12239 5311
12239 6400
12239 10292
12239 12727
12239 13027
12239 13965
12239 14227
12239 16608
12239 17885
12239 19725
12239 19726
12239 20535
12239 20905
12239 22350
12239 22710
12239 22787
12239 22790
12239 22794
12239 24252
12242 20874
12272 20066
12317 21784
12326 15117
12326 22598
12352 2304
12358 16613
12367 20428
12439 18426
12471 5364
12471 19499
12484 2158
12484 6319
12484 18272
12505 20449
12519 7410
12519 9697
12519 11725
12519 14117
12519 15895
12537 6666
12537 18965
12658 2467
12658 2831
12658 24206
12670 14255
12694 21026
12727 22359
12734 1140
12734 9874
12734 13954
12734 15895
12734 16581
12734 17742
12734 18602
12734 19871
12734 22442
12734 22747
12800 21938
12819 20599
12834 15610
12835 0
12855 5682
12870 1141
12870 22508
12870 22804
12894 22711
12894 22802
12894 24170
12894 24480
12900 1137
12900 1141
12900 1230
12900 1244
12900 2100
12900 2767
12900 5946
12900 6049
12900 6095
12900 8632
12900 9025
12900 9964
12900 12998
12900 13786
12900 14325
12900 16018
12900 18939
12900 19499
12900 21214
12900 22170
12900 22551
12900 22564
12903 19557
12924 20638
12967 22564
12982 2831
12994 14920
12998 12962
13003 12135
13003 19483
13003 22809
13011 21784
13011 22519
13027 623
13027 12079
13027 13954
13027 15710
13027 15807
13027 16648
13027 17346
13027 18619
13027 19808
13027 21707
13027 22481
13027 22498
13027 22636
13027 22726
13042 1383
13042 23795
13049 4683
13049 16656
13049 17918
13049 21760
13049 22286
13065 3051
13065 12326
13065 19710
13065 22736
13068 22602
13077 18796
13106 13305
13121 16675
13124 22805
13129 3676
13141 22740
13191 8477
13191 12177
13204 20836
13211 15024
13211 17972
13212 20428
13247 9553
13270 12539
13270 13758
13270 16277
13270 21954
13305 4274
13305 11442
13305 12998
13305 19226
13305 19533
13305 20493
13305 20976
13305 21214
13305 22511
13343 16277
13346 17742
13370 6480
13370 24282
13379 503
13379 11977
13470 19499
13470 22485
13476 8808
13516 22063
13584 9978
13584 10811
13584 15736
13584 22749
13604 12046
13619 2828
13624 15107
13639 34
13639 213
13639 1382
13639 3986
13639 6961
13639 7759
13639 9057
13639 12079
13639 12135
13639 12147
13639 12668
13639 12812
13639 13141
13639 13855
13639 14806
13639 16761
13639 17742
13639 19871
13639 19949
13639 20638
13639 20649
13639 21432
13639 22510
13639 22529
13639 23795
13643 13969
13684 1665
13684 14227
13684 16884
13694 15620
13694 21447
13723 1913
13723 12135
13723 12734
13744 213
13744 16206
13750 22590
13786 1137
13786 6869
13786 8808
13786 9368
13786 9842
13786 10718
13786 13106
13786 13855
13786 17742
13786 22245
13786 22551
13786 22641
13786 22760
13809 11929
13851 13042
13855 19519
13861 16557
13861 21645
13885 21744
13885 22729
13969 701
13969 993
13969 3051
13969 6058
13969 6531
13969 9964
13969 12412
13969 14227
13969 14305
13969 15895
13969 20304
13969 21447
13969 22251
13969 22502
13969 22530
13969 22547
13969 22564
13969 22693
13969 23320
13969 24393
14054 12239
14054 13643
14058 2387
14117 2053
14117 5899
14117 14227
14117 16557
14125 579
14147 18211
14147 18689
14158 22735
14197 1105
14213 22804
14219 865
14219 1018
14219 2794
14219 5615
14219 6058
14219 9368
14219 9697
14219 12079
14219 14117
14219 14227
14219 16613
14219 18568
14219 20592
14219 22610
14219 22621
14219 22666
14227 2491
14227 2657
14227 5618
14227 8049
14227 8289
14227 9275
14227 9978
14227 13719
14227 14254
14227 16895
14227 16990
14227 17508
14227 18426
14227 21614
14227 21643
14227 21752
14227 22499
14227 22595
14227 22707
14227 22750
14227 24033
14227 24393
14232 1913
14232 2134
14232 2361
14232 4567
14232 10006
14232 12239
14232 12338
14232 14059
14232 17269
14232 17742
14232 18590
14232 18602
14232 19808
14232 20066
14232 21711
14232 22468
14232 22509
14232 22688
14232 22699
14232 22715
14232 22800
14232 24282
14271 6127
14271 17472
14271 20877
14271 21336
14271 22468
14292 16648
14293 8808
14293 19499
14295 15274
14295 16613
14295 19988
14325 2767
14325 17500
14325 22537
14327 17269
14327 20066
14332 10130
14332 17576
14370 22717
14372 19533
14387 22636
14387 22803
14414 4589
14414 11861
14414 16018
14444 3292
14455 16406
14455 22655
14461 1543
14464 20463
14490 3739
14500 2633
14500 4567
14500 11215
14500 13275
14500 14232
14500 21752
14500 22509
14500 22650
14500 22761
14583 18602
14599 6735
14757 18058
14774 6794
14842 7113
14920 496
14920 623
14920 11378
14920 13799
14920 16163
14920 17647
14920 21525
14920 22707
14920 22794
15024 642
15071 14232
15094 2831
15099 22098
15099 22640
15117 12135
15117 15971
15117 20112
15117 21415
15117 21786
15117 22260
15117 22557
15117 22655
15145 12690
15147 20493
15161 14305
15161 22530
15161 22784
15161 23795
15203 4242
15203 15989
15229 6095
15251 833
15261 21699
15332 17778
15346 6481
15382 22684
15444 14292
15450 22257
15450 22451
15488 1018
15610 20635
15610 22689
15640 24480
15648 934
15648 1312
15648 10761
15648 19156
15648 22803
15660 16345
15699 10597
15702 21536
15710 7499
15736 3496
15736 9516
15755 9057
15755 13954
15758 642
15758 3379
15814 1951
15814 5311
15814 6497
15814 8005
15814 11785
15814 12153
15814 12945
15814 13735
15814 14067
15814 14216
15814 15271
15814 16076
15814 17885
15814 18192
15814 19710
15814 19808
15814 21218
15814 21640
15814 21679
15814 21697
15814 22260
15814 22472
15814 22561
15814 22574
15814 22602
15814 22648
15814 22679
15814 22766
15815 8996
15895 14227
15942 20649
15967 11929
15971 1318
15971 5639
15971 6167
15971 8005
15971 8477
15971 9057
15971 11717
15971 11785
15971 12079
15971 12727
15971 13735
15971 14216
15971 15895
15971 17031
15971 17675
15971 20112
15971 21665
15971 21711
15971 21731
15971 22274
15971 22498
15971 22645
15971 22734
15971 22766
16018 22584
16058 13339
16069 8352
16069 14189
16069 17566
16069 22794
16076 10006
16076 12734
16119 11378
16163 4355
16163 7410
16163 13275
16163 14117
16163 22644
16186 5325
16186 12310
16186 14500
16186 16561
16334 11921
16336 22555
16344 6102
16377 7601
16453 11785
16476 20535
16492 6666
16525 5311
16525 13339
16525 13855
16525 19499
16525 20352
16550 7778
16557 4683
16557 5345
16557 7367
16557 16018
16557 19499
16557 19703
16557 20592
16557 21011
16557 21447
16557 22286
16579 21941
16579 22498
16581 6815
16581 17195
16581 21241
16613 2794
16613 4567
16613 11942
16613 19438
16613 22815
16613 23320
16656 13684
16656 19730
16656 22566
16675 4794
16675 11626
16675 13861
16675 19519
16744 13305
16744 14227
16744 22803
16746 1547
16761 24265
16822 17742
16892 44
16892 14691
16895 2197
16895 3992
16895 11048
16895 11149
16895 14406
16895 16904
16895 19118
16895 22493
16895 22639
16904 13106
16921 12876
16938 503
16938 5639
16938 23914
16954 2438
16954 7760
17016 7990
17034 17742
17113 1846
17113 8992
17113 15447
17157 12326
17166 24033
17189 22519
17191 12998
17215 6480
17215 22125
17266 21941
17300 10331
17300 14255
17358 10846
17414 2831
17447 11776
17447 22747
17454 642
17539 213
17551 9005
17551 12998
17551 13518
17551 20493
17576 5892
17675 503
17675 6247
17675 11474
17675 12326
17675 13270
17675 13735
17675 14609
17675 17742
17675 21707
17675 22286
17675 22397
17675 22545
17675 22602
17675 22636
17675 22705
17675 24354
17695 6247
17706 6666
17706 13917
17742 572
17742 642
17742 3705
17742 4547
17742 6170
17742 12924
17742 13719
17742 18546
17742 21711
17742 22476
17742 22526
17742 22579
17742 22714
17742 22751
17742 22788
17742 24707
17757 17659
17771 24033
17829 14227
17829 14743
17830 10292
17888 644
17888 3051
17888 9453
17888 19901
17916 2194
17950 9696
17950 22747
18005 19151
18034 1312
18034 17647
18034 20389
18041 22098
18049 14471
18086 1120
18086 2467
18086 17066
18086 21786
18192 22600
18194 14295
18211 7113
18211 20904
18211 22636
18211 24310
18219 21336
18317 11488
18317 22772
18338 20535
18347 22549
18375 701
18401 16256
18401 22694
18438 22519
18449 11579
18452 22519
18473 5914
18497 22519
18505 20689
18507 14904
18515 23795
18568 1312
18568 1665
18568 3379
18574 701
18574 2416
18574 22598
18602 2831
18602 6874
18602 7514
18602 9957
18602 14500
18602 20485
18602 20535
18602 22548
18602 22583
18602 22594
18602 22635
18602 22662
18604 22747
18604 22753
18611 22263
18619 13580
18619 15203
18619 19808
18619 21731
18619 21786
18689 2424
18689 5677
18689 15348
18689 16478
18689 22496
18689 22615
18689 22789
18689 24310
18689 24354
18761 22677
18769 3292
18769 11435
18769 19151
18769 23795
18898 23348
18939 8289
18965 6666
19048 21752
19059 19993
19087 2053
19087 6589
19087 12135
19087 16396
19087 17786
19087 22519
19087 22602
19087 24345
19118 2419
19118 9005
19118 13485
19118 18612
19138 1140
19138 2831
19138 14224
19138 15117
19138 15346
19138 22557
19156 23795
19172 12171
19172 22787
19196 22599
19213 23272
19215 22805
19264 12079
19264 19499
19303 9962
19328 14414
19328 19730
19351 10159
19359 21317
19426 20348
19438 2794
19438 6815
19439 21784
19443 14117
19443 22519
19498 2831
19553 22598
19554 13106
19554 22170
19554 22530
19557 21154
19557 22078
19632 642
19632 13049
19644 22715
19683 8808
19683 10681
19683 10731
19683 22513
19685 8403
19720 22703
19726 21744
19726 24354
19730 3049
19730 11626
19730 19118
19730 22567
19773 2831
19840 14387
19840 22539
19868 14332
19871 15895
19901 9057
19901 12285
19901 13150
19901 19499
19901 20389
19901 21640
19901 22598
19901 22790
19901 23795
19915 1401
19915 21317
19915 22307
19915 22695
19938 9239
19938 10597
19938 22178
19949 22604
20057 3292
20061 3049
20061 4794
20062 16744
20062 19097
20062 22265
20066 1411
20147 11577
20184 6278
20242 9025
20285 18761
20337 22412
20382 993
20382 4094
20382 9742
20382 15522
20439 9011
20439 21786
20449 4547
20471 22761
20485 12945
20485 21786
20485 22618
20493 21240
20535 630
20535 2091
20535 14822
20535 20355
20535 21356
20535 22527
20535 22571
20535 22579
20535 22618
20592 4743
20599 8661
20599 13042
20599 13799
20599 22635
20633 6058
20633 6557
20633 13684
20633 15274
20633 16884
20633 21786
20633 22595
20638 6557
20638 19721
20649 16
20649 1401
20649 2201
20649 2854
20649 3141
20649 5149
20649 5801
20649 6653
20649 7082
20649 8321
20649 9025
20649 10731
20649 12868
20649 12894
20649 13758
20649 14387
20649 15203
20649 16761
20649 17026
20649 19264
20649 19499
20649 21405
20649 22286
20649 22549
20649 22623
20649 22703
20649 22792
20649 24710
20669 4340
20676 20535
20689 22674
20699 19901
20699 22664
20707 1028
20707 20407
20771 9842
20817 4280
20817 6960
20817 13851
20817 15958
20817 16388
20817 20599
20817 22472
20883 6047
20912 15332
20992 2831
21071 9011
21074 6869
21074 14325
21074 16613
21103 11930
21167 4567
21190 13211
21240 6917
21240 9275
21240 12041
21240 12998
21240 13518
21240 19499
21240 22551
21240 24033
21336 1665
21336 1951
21336 11114
21336 17675
21336 22472
21336 22503
21336 22650
21336 23795
21372 2831
21432 503
21443 1237
21443 10566
21468 20147
21468 22461
21470 15561
21470 22484
21470 22525
21471 12153
21471 15814
21471 19808
21471 21154
21471 21697
21471 21731
21471 22350
21471 22498
21471 22543
21471 22645
21471 22679
21493 14227
21493 20633
21512 1910
21513 5887
21513 12998
21513 13684
21513 13786
21513 17139
21513 21240
21514 6278
21524 6102
21524 17472
21536 11378
21564 11064
21580 11819
21630 4930
21643 11848
21646 8661
21646 16476
21699 6125
21699 7778
21699 8477
21699 8921
21699 12537
21699 12998
21699 13191
21699 18900
21699 19118
21699 19730
21699 20147
21699 21228
21699 21584
21699 21651
21699 22012
21699 22427
21699 22519
21699 22614
21699 22727
21699 22752
21699 22816
21702 22581
21731 22679
21752 3550
21752 7498
21752 8232
21753 22341
21755 12797
21777 7579
21777 21430
21784 13274
21784 22514
21784 22523
21784 22543
21784 22546
21784 22590
21784 22627
21784 22662
21784 22676
21784 22692
21784 22731
21784 22750
21784 22755
21784 22820
21786 117
21786 8096
21786 10021
21800 14295
21800 16613
21832 24480
21858 22784
21876 22732
21878 5285
21878 15261
21878 17916
21878 22446
21881 1190
21884 5345
21926 6167
21954 11607
21954 12079
21954 13855
21954 13954
21954 14255
21954 22641
21956 13634
21985 22581
22022 6815
22022 22594
22060 8115
22073 11727
22098 3986
22098 8096
22098 15271
22098 19087
22098 22519
22098 22594
22098 22640
22101 22625
22225 19499
22257 17095
22276 22763
22280 2794
22283 22547
22283 22637
22283 22732
22284 5600
22313 6961
22328 16608
22350 22710
22384 3292
22402 11819
22412 7507
22412 9057
22412 15346
22412 18546
22412 22793
22412 22800
22416 6049
22452 13027
22452 17262
22452 17346
22460 14664
22464 503
22468 22793
22468 24226
22476 14117
22476 22602
22480 22619
22480 22623
22484 16853
22487 22524
22492 1913
22495 19450
22504 5946
22509 6966
22509 22761
22512 12135
22513 13141
22513 19151
22513 19499
22513 22804
22519 23921
22528 22519
22531 3551
22533 833
22538 22463
22541 21432
22542 34
22544 17675
22545 22516
22550 13726
22552 16415
22552 18612
22552 22350
22554 11629
22554 22553
22563 2386
22563 15429
22568 17446
22569 8944
22573 23348
22577 5144
22578 21356
22583 5914
22591 5447
22597 13870
22598 10718
22598 17157
22598 19744
22598 21432
22598 22655
22598 22727
22599 16613
22599 22687
22605 22519
22606 22260
22607 22519
22608 11050
22614 993
22614 14067
22614 22703
22620 16863
22634 14216
22640 6887
22640 22753
22643 24438
22653 22647
22657 865
22661 7869
22664 644
22669 10718
22670 10718
22671 24354
22678 23348
22681 12621
22690 1183
22698 24226
22700 124
22700 2480
22706 17460
22708 20112
22711 11698
22712 17742
22722 503
22723 17659
22725 20242
22727 2550
22745 17659
22760 19328
22769 22598
22777 3433
22778 22756
22786 20517
22795 20345
22798 4719
22820 8385
22906 22622
22962 15094
23235 3704
23235 5409
23348 496
23348 2134
23348 5325
23348 7759
23348 9057
23348 12317
23348 14483
23348 15117
23348 15554
23348 16076
23348 16321
23348 17410
23348 18939
23348 20449
23348 21752
23348 21786
23348 22484
23348 22545
23348 22571
23348 22602
23348 22661
23348 22704
23348 24033
23473 21784
23822 2831
24033 1038
24033 3550
24033 3739
24033 13049
24033 15267
24033 15554
24033 17342
24033 21164
24033 22676
24125 2304
24133 19557
24133 22078
24133 22809
24150 642
24150 14332
24150 18602
24150 19543
24150 22496
24150 22549
24183 19483
24183 19744
24195 22655
24226 320
24226 623
24226 3986
24226 7565
24226 9275
24226 12876
24226 13954
24226 14920
24226 18926
24226 21786
24226 22237
24226 22714
24226 22757
24226 23795
24252 337
24252 496
24252 642
24252 1934
24252 3051
24252 5285
24252 5447
24252 12135
24252 16581
24252 17675
24252 19710
24252 22098
24252 22237
24252 22519
24252 22520
24252 22602
24252 22610
24252 22736
24265 15921
24310 14387
24310 22636
24354 13418
24393 7410
24393 20222
24393 22503
24393 22519
24442 9025
24442 11460
24442 16581
24460 6815
24460 6917
24460 14353
24460 20493
24460 22602
24472 2467
24483 2794
24492 10331
24492 15274
24492 17139
24492 22344
24492 22639
24492 22666
24519 503
24526 7367
24568 2962
24568 5639
24568 15094
24568 21707
24568 22625
24568 22635
24568 22770
24570 11676
24588 14227
24588 20647
24707 15346
20 1312
20 14500
20 20638
20 23348
34 285
34 15534
44 12829
44 20493
44 21590
155 4595
156 5509
156 8935
156 14232
156 23004
197 19499
212 1934
213 23082
213 23087
271 255
271 22984
277 2794
287 22852
287 24708
320 496
320 6052
320 7266
320 8921
320 9842
320 11629
320 12572
320 14232
320 14648
320 16660
320 16822
320 18602
320 18729
320 22112
320 22715
320 23049
331 3591
331 23018
344 10731
344 14888
344 22827
348 16940
401 11607
406 12894
406 14227
406 14599
406 15853
406 19362
406 23124
406 24033
412 10021
412 17637
412 23050
491 993
491 17342
496 1913
496 15387
501 6575
501 15814
501 23854
514 22864
514 23103
540 213
540 4595
560 15117
572 22982
596 6887
596 15117
596 17682
596 18602
596 22481
596 22640
596 22934
596 23022
601 12091
623 12991
623 14232
623 21110
623 22848
623 23795
630 1971
630 4920
630 11811
633 2920
642 20
642 54
642 1013
642 1318
642 2275
642 2318
642 2467
642 2920
642 3667
642 4407
642 5127
642 5516
642 5686
642 6915
642 8005
642 8935
642 9177
642 10121
642 10731
642 10740
642 11877
642 12044
642 12829
642 13869
642 14232
642 14500
642 15405
642 15979
642 16816
642 16829
642 18369
642 18495
642 18602
642 19362
642 19499
642 19505
642 21092
642 21121
642 22098
642 22104
642 22283
642 22412
642 22496
642 22515
642 22808
642 22829
642 22892
642 22919
642 22926
642 22936
642 22961
642 23002
642 23036
642 23096
662 17706
662 23022
686 23107
687 20066
700 701
701 2361
701 4685
701 5115
701 5446
701 5447
701 6047
701 12153
701 12239
701 16074
701 16981
701 17185
701 21121
701 21677
701 22755
701 22826
701 22837
701 22873
701 22895
701 22941
701 22992
701 23002
701 23036
701 23068
726 1116
726 1318
726 1632
726 8232
726 9239
726 22917
776 2794
776 5446
776 6049
776 17972
776 19196
776 22890
786 13121
786 22843
814 2592
830 833
830 1157
830 6869
830 12994
830 14888
830 15640
830 22611
830 22849
833 13560
833 19328
833 22827
866 642
876 929
876 3172
876 7097
876 13855
876 14888
876 17004
876 17675
876 20147
876 22901
895 15450
895 20493
929 41
929 5447
929 16907
929 18192
929 21356
929 22827
929 22866
929 22868
929 23049
929 23096
929 23112
943 16074
986 1141
1013 20
1013 814
1013 1913
1013 2997
1013 4086
1013 13399
1013 14427
1013 14822
1013 16163
1013 16191
1013 17602
1013 21541
1013 22829
1013 22837
1013 22961
1018 5446
1018 7690
1018 13212
1018 15343
1018 15446
1018 16613
1018 18354
1018 18761
1018 19543
1018 19749
1018 21614
1018 22829
1018 23082
1018 23128
1031 1543
1031 21614
1064 833
1105 21996
1116 12091
1116 23086
1126 4086
1126 16796
1126 23140
1133 12079
1133 19543
1133 20112
1133 21753
1137 2275
1137 3049
1137 14888
1137 15251
1137 19274
1137 21996
1137 22827
1140 11378
1141 14599
1206 23132
1220 19177
1221 9025
1235 22825
1235 22829
1244 2467
1281 23069
1312 642
1312 1913
1312 7690
1312 11378
1312 13544
1312 14227
1312 15561
1312 20638
1312 22260
1312 23033
1312 23101
1346 5805
1346 12853
1380 2467
1403 4502
1403 22976
1430 11794
1430 13399
1430 14822
1430 21752
1430 23102
1430 23116
1520 6735
1520 16018
1520 22283
1520 23004
1538 1318
1538 22998
1543 17587
1547 22950
1582 12789
1621 12153
1621 19047
1621 21926
1632 993
1632 9239
1632 20147
1632 23082
1632 23112
1654 22882
1658 3292
1658 4459
1658 20493
1658 22987
1665 12572
1665 13042
1665 13786
1665 22828
1665 22961
1665 22981
1667 16525
1667 18602
1667 22708
1667 22900
1716 2197
1740 1312
1740 3292
1740 4928
1740 8598
1740 13305
1740 14117
1740 14145
1740 14919
1740 15450
1740 15895
1740 17415
1740 18009
1740 20285
1740 20721
1740 21113
1740 21214
1740 21935
1740 22823
1740 22838
1740 22843
1740 22863
1740 23003
1788 6360
1788 13624
1788 13744
1788 22966
1846 9025
1846 12829
1872 8988
1934 17602
1934 22929
1951 596
1951 1312
1951 4086
1951 5311
1951 11010
1951 15271
1951 15853
1951 18619
1951 20638
1951 21089
1951 21121
1951 22873
1951 23022
1951 23028
1951 23040
1971 19901
1973 6917
2018 4406
2097 642
2097 8421
2097 16816
2097 22991
2099 8353
2100 16119
2134 54
2134 9275
2134 12079
2134 12177
2134 13750
2134 17647
2134 22843
2134 23010
2194 18574
2194 18889
2194 19847
2197 415
2197 642
2197 2275
2197 3620
2197 6167
2197 9025
2197 12202
2197 12829
2197 14785
2197 15979
2197 16414
2197 18194
2197 18750
2197 20650
2197 20970
2197 21617
2197 22104
2197 22592
2197 22665
2197 22778
2197 22812
2197 22836
2197 22837
2197 22846
2197 22919
2197 22957
2197 24393
2275 13560
2304 18602
2349 12473
2353 20285
2361 5980
2361 7266
2361 9275
2361 12153
2361 19047
2361 20622
2361 21092
2361 22879
2362 24568
2384 9025
2384 18761
2384 19056
2386 15429
2387 20
2387 1013
2387 5386
2387 5509
2387 9834
2387 15502
2387 22829
2387 22862
2387 22913
2387 22919
2387 22954
2387 23004
2387 24393
2411 19543
2423 4819
2423 19988
2424 18602
2424 22496
2424 22789
2442 19047
2442 23121
2467 155
2467 5686
2467 12894
2467 13726
2467 17750
2467 24393
2469 21038
2487 642
2487 5946
2487 12829
2487 12894
2487 14888
2487 15406
2487 22817
2487 22837
2487 22958
2497 12868
2497 16074
2497 18602
2497 19505
2497 20147
2497 21092
2497 21827
2497 23048
2592 496
2592 642
2592 1018
2592 5686
2592 6476
2592 6689
2592 12876
2592 14920
2592 15346
2592 16119
2592 19438
2592 22260
2592 22839
2592 22941
2592 23033
2592 23104
2629 4920
2629 22998
2633 6966
2633 14227
2633 14839
2633 18602
2668 5516
2713 24033
2736 9213
2736 13735
2736 18029
2736 21699
2794 5762
2794 12239
2794 23135
2831 2467
2831 24252
2872 15853
2872 23010
2931 19721
2931 21943
2962 20649
2997 2318
2997 2594
2997 16163
2997 21441
2997 22260
2997 22904
3021 18602
3021 24033
3021 24451
3049 642
3049 5446
3049 12044
3049 15979
3049 19505
3049 22104
3049 22708
3049 22952
3049 23118
3078 2362
3168 2467
3172 642
3172 2467
3172 2487
3172 2794
3172 12829
3172 19554
3227 22111
3227 22682
3255 6666
3292 16591
3329 2467
3425 22104
3425 22988
3433 1913
3439 12025
3452 14920
3452 21926
3496 6074
3528 15853
3528 21550
3535 23133
3570 3909
3570 12178
3570 19842
3619 1221
3620 2920
3620 17566
3620 22913
3704 6917
3704 22998
3809 1715
3824 12079
3824 22837
3834 24380
3909 4021
3909 19056
3946 18335
3986 1312
3986 3620
3986 4086
3986 18033
3986 22665
3986 23069
3986 23116
3986 23795
3995 22871
4021 12834
4021 17342
4021 18056
4066 15640
4086 6961
4086 9022
4086 10021
4086 12600
4086 16853
4121 6917
4121 12853
4121 23795
4158 6917
4158 13544
4196 5544
4242 4567
4242 11157
4242 12974
4242 13639
4242 18571
4242 19703
4242 22260
4242 23143
4280 5193
4280 22591
4343 1380
4343 21699
4406 6869
4406 18876
4406 21954
4407 662
4407 22481
4407 23022
4440 2467
4440 9022
4440 12091
4440 18545
4440 19483
4440 22640
4440 22934
4459 24657
4502 14227
4502 23070
4567 496
4567 642
4567 5127
4567 5686
4567 18602
4567 21202
4567 23069
4567 23143
4683 12099
4683 12456
4685 20
4685 596
4685 22808
4685 22848
4732 280
4879 21800
4920 8314
4920 8403
4920 9842
4920 11794
4920 13786
4920 16907
4920 17682
4920 20214
4920 21356
4928 21800
4982 12537
5152 141
5152 22518
5152 22827
5178 5516
5178 12971
5178 13786
5178 20147
5178 20389
5189 19992
5189 22980
5189 23035
5261 5325
5261 9275
5261 11877
5261 17682
5282 7367
5284 7410
5311 2467
5311 3177
5311 6516
5311 6714
5311 12231
5311 18541
5311 20817
5311 22875
5311 22924
5311 22991
5311 23031
5311 23068
5311 23114
5345 3909
5345 22341
5408 5539
5408 11082
5408 12262
5408 19047
5430 15387
5447 8450
5447 16334
5449 12853
5489 24252
5509 24588
5516 2467
5516 24226
5519 6887
5519 6915
5519 15405
5519 22104
5519 23011
5599 19023
5639 12239
5639 19692
5639 22600
5639 23008
5677 2467
5677 12153
5686 7690
5686 9351
5686 14227
5686 14232
5686 16613
5686 17293
5686 22715
5686 23002
5686 23069
5686 23075
5750 22837
5762 14295
5762 18761
5762 19118
5769 12900
5769 13969
5801 8637
5801 22112
5805 13270
5887 14145
5887 14805
5887 22875
5892 6258
5892 17500
5892 22098
5946 642
5946 2361
5946 2920
5946 11406
5946 12044
5946 12079
5946 12829
5946 18750
5946 19151
5946 19362
5946 22764
5946 23001
5946 23048
6006 17004
6047 17195
6047 23140
6049 1658
6049 5282
6049 19118
6049 22890
6167 7326
6167 16923
6167 22112
6167 22323
6247 2629
6247 9842
6247 14920
6278 12680
6278 12876
6278 22589
6278 22864
6284 3683
6310 15502
6319 19640
6319 22895
6338 2421
6413 2467
6417 5677
6476 255
6476 7830
6485 1665
6485 4920
6485 12868
6497 21680
6503 21954
6505 19749
6516 2100
6516 9025
6516 14213
6528 21333
6531 19554
6547 22975
6557 2467
6557 4340
6557 10021
6557 11378
6557 18761
6557 20493
6557 22830
6557 22984
6557 22997
6589 1951
6589 9571
6589 13492
6589 19298
6598 9025
6598 22864
6598 22888
6651 19004
6666 8005
6666 21356
6666 24695
6709 642
6735 2920
6735 6049
6735 6915
6735 7759
6735 21441
6736 19557
6736 23022
6850 16160
6850 21753
6869 20914
6869 22998
6887 13472
6887 22234
6955 503
6955 701
6955 9239
6955 16348
6955 20699
6955 21493
6955 22599
6961 1632
6961 9275
6961 12876
7022 22999
7081 18729
7186 19097
7186 22165
7186 22930
7186 22979
7266 17446
7266 17606
7387 23122
7410 15446
7410 17690
7410 22405
7470 5311
7499 13560
7499 19554
7514 9842
7514 10773
7514 16186
7514 17637
7516 20721
7516 22804
7516 22827
7566 20389
7630 22600
7648 276
7648 701
7648 1814
7648 12894
7648 22982
7743 20
7743 11877
7743 22237
7743 22640
7743 23795
7759 726
7759 2361
7759 2467
7759 3667
7759 5446
7759 8319
7759 12091
7759 16666
7759 19505
7759 22165
7759 22586
7759 22826
7759 22854
7759 22887
7759 22928
7759 22979
7759 23098
7759 23108
7760 22887
7778 2467
7778 4683
7778 12239
7778 19138
7778 22883
7778 24252
8005 406
8005 830
8005 2362
8005 4502
8005 5639
8005 19726
8005 21471
8005 21550
8005 21752
8005 22995
8005 23092
8005 24033
8025 21764
8031 17041
8100 18761
8102 15522
8102 22170
8102 22600
8102 22984
8199 12712
8232 496
8232 2467
8232 4340
8232 13212
8232 17602
8232 21493
8232 22831
8235 17300
8235 20493
8235 20649
8252 24226
8274 23090
8305 2467
8305 15406
8305 22884
8319 9057
8403 14920
8403 22903
8421 20147
8421 22884
8421 22937
8421 22991
8421 23001
8421 23017
8600 2384
8600 8637
8600 23007
8657 11684
8664 22502
8808 19080
8815 24226
8921 1632
8921 6961
8921 9025
8921 11378
8921 13634
8921 14232
8921 22932
8921 23027
8921 23082
8921 23129
8935 6915
8935 11157
8935 16074
8935 16119
8935 16257
8935 20964
8935 22808
8935 22817
8935 22828
8935 22981
8935 23004
8935 23076
8935 24033
8935 24519
8939 14656
8983 11929
8983 21432
8983 22792
8996 10253
8996 13121
8996 15512
9005 15895
9022 21872
9025 54
9025 623
9025 4094
9025 4343
9025 6049
9025 6514
9025 6917
9025 8996
9025 12178
9025 12784
9025 13560
9025 13643
9025 13744
9025 14888
9025 15406
9025 16160
9025 16761
9025 17682
9025 18761
9025 19328
9025 19386
9025 20147
9025 21698
9025 21825
9025 22104
9025 22513
9025 22749
9025 22837
9025 22878
9025 22886
9025 22888
9025 22901
9025 23050
9025 24657
9057 5516
9057 7113
9057 7266
9057 8403
9057 8421
9057 9713
9057 12135
9057 12473
9057 12819
9057 13399
9057 15853
9057 16160
9057 16163
9057 16712
9057 16907
9057 17446
9057 17587
9057 17675
9057 18192
9057 18801
9057 20463
9057 20964
9057 21698
9057 21778
9057 22237
9057 22665
9057 22812
9057 22817
9057 22827
9057 22897
9057 22907
9057 22928
9057 22952
9057 22975
9057 22995
9057 23029
9057 23096
9057 23123
9057 24393
9082 2361
9177 20
9177 320
9177 1913
9177 6413
9177 8319
9177 10740
9177 11152
9177 15117
9177 16660
9177 18602
9177 21752
9177 21858
9177 22237
9177 22541
9177 22665
9177 22715
9177 22828
9177 22894
9177 23027
9177 23036
9177 23091
9213 12537
9238 21089
9239 2467
9239 5284
9239 6417
9239 7648
9239 12091
9239 12900
9239 16666
9239 17682
9239 18761
9239 19432
9239 21471
9239 22142
9239 22823
9239 22837
9239 22924
9239 22933
9239 22975
9275 20
9275 11157
9275 15853
9275 22960
9275 23795
9363 6714
9365 20389
9433 12068
9453 13042
9453 13196
9453 22828
9453 22929
9453 23036
9516 16018
9553 7751
9553 22922
9553 22924
9677 22104
9697 23023
9713 12868
9713 19730
9713 21954
9713 22970
9764 18140
9764 18761
9764 19992
9798 10429
9827 22598
9842 701
9842 830
9842 2361
9842 3995
9842 5447
9842 9551
9842 14427
9842 17682
9842 19082
9842 20389
9920 15390
9920 19059
9920 20147
9957 21092
10021 13905
10021 15888
10121 12450
10121 18602
10121 18689
10121 21092
10121 24442
10168 2275
10168 22957
10177 406
10177 14227
10292 19322
10325 23104
10356 19362
10356 22958
10359 6052
10399 14500
10410 15418
10410 22746
10429 22862
10429 22877
10486 11040
10566 22831
10566 22837
10718 18574
10740 18602
10767 21707
10770 4572
10770 12868
10770 22513
10811 1013
10811 11971
10811 22456
11076 2467
11082 3528
11149 23075
11157 320
11157 830
11157 5261
11157 5446
11157 9842
11157 10292
11157 12812
11157 12876
11157 12971
11157 14406
11157 14839
11157 16191
11157 18602
11157 18729
11157 20964
11157 22857
11157 22928
11157 23191
11157 23348
11226 7283
11332 4920
11332 6961
11332 19495
11342 2467
11507 2361
11507 11929
11507 15117
11577 22940
11579 17587
11579 22837
11579 23002
11579 23096
11607 15480
11657 17051
11657 18058
11657 22799
11657 24480
11684 919
11684 3995
11684 5261
11684 9239
11684 21092
11684 22857
11690 22599
11698 21092
11743 700
11743 14564
11743 17568
11743 18761
11743 19109
11743 21256
11743 22902
11743 22908
11743 23084
11758 22274
11758 22864
11758 22949
11794 11896
11811 18689
11819 642
11819 3620
11819 5516
11819 6915
11819 14785
11819 20675
11819 22836
11819 22919
11819 22954
11819 24226
11861 2275
11861 20649
11861 21699
11861 22827
11930 2467
11967 9275
11967 20285
11980 14227
12016 20323
12020 4730
12025 12894
12025 24252
12046 23795
12074 22939
12079 6040
12079 7186
12079 16666
12079 16816
12080 16940
12080 23057
12091 642
12091 12135
12091 13754
12091 16069
12091 16579
12091 18619
12091 18952
12091 21336
12091 21542
12091 23112
12099 23031
12111 1913
12135 20
12135 701
12135 1543
12135 2467
12135 4086
12135 5115
12135 5386
12135 7410
12135 9025
12135 10740
12135 11378
12135 11929
12135 12812
12135 17682
12135 18602
12135 21202
12135 22715
12135 22837
12135 22878
12135 22921
12135 22932
12135 22934
12135 23137
12135 23348
12147 4920
12178 22513
12187 2361
12202 20649
12211 14806
12211 15640
12211 20147
12211 22982
12215 13184
12239 34
12239 642
12239 726
12239 4242
12239 4730
12239 6047
12239 6575
12239 9082
12239 9177
12239 11006
12239 13011
12239 14117
12239 14648
12239 15117
12239 17195
12239 18041
12239 18940
12239 19868
12239 21008
12239 21202
12239 21550
12239 22260
12239 22755
12239 22808
12239 22852
12239 22922
12239 22928
12340 16932
12340 23103
12343 6047
12343 9177
12343 18033
12343 18495
12366 18619
12367 4086
12367 12812
12367 20407
12367 23059
12456 7778
12456 13735
12465 21154
12519 16191
12524 20493
12537 8005
12539 4406
12539 7089
12539 14409
12539 14414
12588 14427
12633 4858
12648 22975
12670 15450
12677 1
12712 23083
12734 1013
12734 4242
12734 11378
12734 11971
12734 12239
12734 13370
12734 14227
12734 14434
12734 19082
12734 20964
12734 22821
12734 22961
12734 23050
12734 24393
12757 22518
12784 13954
12808 20147
12812 2361
12812 14822
12812 23096
12819 9177
12819 12853
12855 18545
12868 215
12870 833
12870 16675
12870 19842
12894 642
12894 2275
12894 3292
12894 8319
12894 12829
12894 14227
12894 15814
12894 19814
12894 21423
12894 21753
12894 21825
12894 22104
12894 23048
12900 13003
12900 13861
12900 14145
12900 15814
12900 21927
12900 22104
12900 22884
12900 23025
12900 23082
12903 23022
12964 21394
12967 22862
12971 21089
12986 22837
13003 22862
13027 642
13027 5311
13027 8421
13027 12153
13027 13125
13027 14648
13027 18602
13027 21752
13027 22496
13027 23017
13042 830
13042 8815
13042 13639
13042 19505
13042 20367
13042 22828
13042 22864
13042 22998
13049 415
13049 22957
13065 12829
13065 16387
13065 20650
13065 22919
13109 20355
13121 344
13121 21825
13184 11929
13184 20389
13211 22682
13212 16822
13212 23021
13270 13855
13270 22827
13305 5892
13305 14145
13305 21447
13305 22984
13305 22987
13305 23015
13370 441
13370 4086
13370 9842
13370 18602
13370 22237
13370 22871
13370 23070
13377 7186
13379 2467
13399 2394
13431 8996
13431 11690
13431 21832
13431 23045
13442 8815
13470 22708
13492 13639
13516 22513
13516 22875
13560 16675
13584 23044
13623 12473
13634 22939
13639 12900
13639 13810
13639 18801
13639 19118
13639 22323
13639 22541
13643 13954
13684 6917
13684 16666
13684 22841
13694 5805
13694 12177
13735 22600
13744 22817
13750 22937
13786 2467
13786 16816
13786 20147
13786 21699
13954 9213
13954 12853
13954 17637
13969 415
13969 5805
13969 13861
13969 14427
13969 15418
13969 16414
13969 19915
13969 20421
13969 22599
13969 22913
13969 22957
13969 22989
13969 23090
14098 7986
14113 701
14113 2361
14113 5447
14117 4242
14117 5600
14117 11980
14213 5311
14213 13560
14213 18761
14213 19842
14213 22286
14213 22827
14219 814
14219 1312
14219 2467
14219 7326
14219 12829
14219 15446
14219 16579
14219 17602
14219 21614
14219 21698
14219 22405
14219 22913
14219 23134
14219 23320
14224 700
14224 20493
14227 6087
14227 7387
14227 11378
14227 14502
14227 15161
14227 16557
14227 18989
14227 22826
14227 22837
14227 22877
14227 23064
14232 3255
14232 3777
14232 4086
14232 8310
14232 8525
14232 11157
14232 14920
14232 16163
14232 16660
14232 19082
14232 19948
14232 21825
14232 22244
14232 23795
14233 12231
14233 13885
14233 22789
14271 21778
14293 21825
14295 14117
14295 15450
14387 836
14387 12079
14387 13861
14387 16557
14387 22950
14387 23045
14387 23068
14414 5762
14414 11967
14414 22957
14490 3452
14500 8921
14500 19720
14500 22101
14500 22824
14550 16907
14550 17682
14583 11929
14648 18619
14648 22112
14678 6049
14678 22599
14713 14409
14743 5516
14757 20493
14785 22837
14792 1913
14792 17742
14806 18761
14806 20147
14839 9842
14839 11929
14839 12680
14839 18602
14839 22784
14847 24568
14888 3677
14888 14409
14888 15450
14920 285
14920 1312
14920 2362
14920 3777
14920 4920
14920 15853
14920 16923
14920 18178
14920 19138
14920 20367
14939 22889
15069 22945
15117 21356
15117 22640
15117 23049
15117 23091
15251 22925
15254 12153
15254 24310
15271 18014
15282 12394
15382 4186
15406 18761
15436 19082
15450 17300
15450 20689
15460 2467
15488 20493
15488 22843
15491 15117
15491 17157
15491 19516
15491 23049
15503 18889
15522 22325
15534 14822
15610 9025
15610 22977
15640 20575
15640 22982
15648 1543
15660 601
15660 19454
15710 22496
15738 23044
15755 5516
15758 15387
15758 23126
15803 13683
15814 2467
15814 7113
15814 9275
15814 12135
15814 16923
15814 17568
15814 18635
15814 19047
15814 22640
15814 22909
15814 22922
15814 23044
15814 23060
15814 23063
15826 22881
15853 19082
15853 19266
15853 22809
15853 23028
15853 24033
15866 700
15866 12853
15895 21541
15969 6887
15971 560
15971 662
15971 830
15971 6360
15971 13042
15971 15271
15971 15491
15971 18495
15971 22808
15971 22868
15971 22955
15971 23066
16018 4343
16018 7097
16018 20914
16018 22997
16018 23007
16076 642
16125 5446
16163 1846
16163 4021
16163 4407
16163 6773
16163 7326
16163 12829
16163 14227
16163 16822
16163 17587
16163 19082
16163 20964
16163 22319
16163 22743
16163 22837
16163 22848
16163 22935
16163 22960
16163 24519
16186 1667
16186 2467
16186 22665
16186 23022
16186 23096
16228 15360
16236 24226
16268 13861
16336 15343
16348 16414
16366 16591
16440 9025
16453 19833
16525 22900
16557 2163
16557 3425
16557 5915
16557 14835
16557 19080
16557 23531
16579 11157
16579 13465
16581 1235
16581 21202
16581 21752
16609 12900
16609 13861
16609 20493
16613 1532
16613 9351
16613 11378
16613 11971
16613 14227
16613 16336
16613 18009
16613 20635
16613 22929
16613 23134
16617 11050
16660 24183
16665 21300
16675 2275
16675 9025
16712 5178
16737 1230
16758 4613
16786 726
16856 19080
16895 1318
16895 6917
16904 255
16904 1312
16904 1665
16921 14227
16938 2361
16938 3130
16938 5409
16938 14502
16938 17587
16938 24379
16940 22640
16954 16387
17016 22990
17041 3162
17105 23114
17113 14081
17113 20113
17117 21679
17117 22161
17136 14919
17157 2650
17157 5516
17157 20367
17157 23049
17166 4242
17166 9275
17166 23348
17263 22907
17300 1949
17300 7097
17300 14888
17300 19847
17300 20062
17300 20285
17300 20493
17300 20689
17300 22850
17300 22984
17300 23119
17300 24480
17333 7743
17333 8232
17333 12812
17358 8637
17358 22543
17358 22923
17551 496
17568 22640
17574 16708
17637 19554
17675 701
17675 929
17675 2275
17675 5446
17675 7759
17675 7830
17675 8319
17675 18192
17742 496
17742 1913
17742 4086
17742 7759
17742 12091
17742 20463
17742 22907
17750 18033
17809 22808
17829 21699
17830 4595
17897 22957
17929 22847
17950 13996
17951 406
18034 11929
18034 16323
18034 22933
18041 3528
18077 22276
18167 1312
18194 18761
18194 19554
18194 19915
18354 12829
18354 16160
18354 21202
18354 23116
18414 6247
18436 21441
18438 22893
18449 18635
18452 12153
18458 17066
18515 21827
18574 15570
18574 21778
18574 23018
18599 24601
18602 5539
18602 11877
18602 17682
18602 18689
18602 19438
18602 19829
18602 21092
18602 22412
18602 22932
18602 24451
18619 642
18619 7759
18619 9082
18619 9275
18619 14920
18619 15561
18619 19274
18619 20367
18619 21394
18619 21926
18619 22096
18619 22634
18619 22755
18619 22868
18619 22909
18619 23003
18619 23063
18688 22098
18689 642
18689 21092
18689 22515
18745 496
18745 24550
18761 22260
18917 12894
18939 13861
18993 2134
19023 24710
19047 21471
19056 44
19062 18761
19084 19948
19087 21423
19089 9453
19109 13687
19118 22831
19138 2467
19138 7743
19138 12812
19138 22412
19149 21058
19228 22858
19266 22837
19303 15570
19328 1632
19328 9307
19328 20914
19328 22323
19351 16891
19355 4829
19355 14232
19355 21092
19401 21752
19421 22942
19426 4920
19438 2713
19438 15387
19438 24033
19528 6413
19528 9842
19544 23047
19553 18574
19554 22863
19554 23034
19554 23135
19683 22112
19720 642
19720 10399
19720 18602
19720 21550
19730 3101
19730 12894
19730 13106
19730 13121
19730 13560
19730 22566
19901 1913
19901 5447
19901 12853
19901 16923
19901 17157
19901 21258
19901 21899
19915 16059
19915 22884
19938 6049
19938 13643
19938 19554
19938 22942
19938 23045
19938 23116
19949 10725
19949 12829
19949 20830
20061 19499
20069 6869
20147 8996
20242 17004
20242 21832
20285 642
20285 4242
20285 15406
20285 20493
20285 24545
20363 24226
20388 15491
20391 23348
20439 18194
20503 14564
20517 2467
20535 13042
20575 20721
20575 22982
20575 23137
20605 12572
20638 496
20638 8310
20638 10021
20638 10075
20638 22750
20638 22792
20638 22824
20638 23033
20638 23079
20638 23136
20649 348
20649 642
20649 786
20649 1814
20649 2097
20649 4343
20649 5127
20649 13516
20649 15454
20649 16035
20649 16675
20649 17687
20649 19047
20649 20147
20649 21394
20649 21447
20649 21677
20649 21764
20649 21825
20649 21827
20649 22104
20649 22515
20649 22518
20649 22665
20649 22808
20649 22859
20649 22913
20649 22928
20649 22966
20649 22981
20649 23040
20649 23041
20649 23048
20649 23100
20649 23123
20649 24354
20676 19082
20676 21089
20676 21752
20676 21858
20699 3777
20699 22998
20707 22378
20817 331
20817 2467
20817 3591
20817 6247
20817 13786
20817 15570
20817 19405
20817 21258
20817 21778
20861 21752
20889 2920
20965 7747
20976 3997
21028 19593
21071 1105
21074 9239
21074 15450
21074 17300
21074 17675
21074 22940
21074 23135
21110 496
21110 12991
21154 22640
21154 22886
21154 23043
21202 642
21213 23068
21240 18602
21240 21677
21240 22838
21267 21980
21336 13786
21336 14406
21336 21778
21336 22170
21336 22846
21356 22598
21394 1632
21394 8102
21423 12079
21423 20986
21423 22868
21423 23019
21423 24033
21467 1215
21470 2467
21470 5446
21471 12465
21471 21752
21471 22600
21471 22924
21512 2872
21513 13861
21513 14145
21513 17551
21513 18761
21513 20493
21617 22939
21667 22963
21698 18029
21699 1380
21699 2467
21699 3329
21699 3528
21699 5311
21699 6360
21699 8996
21699 12894
21699 15853
21699 18761
21699 21256
21699 21423
21699 22808
21699 22867
21699 22928
21699 23008
21752 830
21752 2831
21752 5686
21752 6961
21752 22912
21752 24226
21784 21750
21784 23075
21786 1312
21786 19138
21786 21423
21786 21550
21786 24033
21788 2361
21788 3667
21788 19047
21788 19749
21788 22966
21800 16907
21800 18761
21800 23014
21867 22933
21878 1913
21891 16420
21899 22591
21926 21699
21954 830
21954 12868
21954 15406
21954 15522
22007 642
22007 24393
22022 15387
22022 20535
22022 22941
22064 24226
22098 1913
22098 2467
22098 6689
22098 21752
22101 8989
22101 16833
22112 18602
22112 21825
22112 22513
22112 22964
22276 6052
22276 14822
22276 19438
22276 22829
22276 23116
22283 5446
22283 5509
22283 22957
22283 24033
22297 601
22341 13560
22350 7759
22350 22917
22350 23017
22382 9459
22412 2467
22412 5311
22412 7266
22412 22961
22430 21699
22435 3403
22435 6874
22462 1846
22462 9842
22462 22837
22509 2866
22509 14227
22509 22861
22513 12868
22513 16206
22513 19056
22513 19080
22513 22286
22513 22957
22513 22969
22552 2487
22552 5539
22552 16387
22552 22837
22561 19277
22591 22903
22592 22665
22598 424
22598 12853
22598 13042
22598 16907
22598 21778
22598 22919
22598 23018
22599 496
22599 1740
22599 4271
22599 5762
22599 6917
22599 11378
22599 12220
22599 13431
22599 13694
22599 14427
22599 15714
22599 17051
22599 18761
22599 19554
22599 20285
22599 20721
22599 22823
22599 22830
22599 23014
22599 23119
22599 23135
22599 23320
22600 2318
22600 12239
22600 12853
22600 19808
22615 24033
22628 24288
22640 11235
22640 13996
22640 18602
22640 22260
22640 22881
22640 23043
22664 18602
22670 2467
22670 22354
22682 19730
22683 12177
22683 18635
22683 19151
22708 642
22708 22952
22708 24033
22756 22812
22778 22812
22793 12091
22793 22933
22822 6761
22822 20764
22823 1266
22823 1532
22823 12677
22823 14678
22831 5386
22832 18761
22832 21415
22832 21665
22832 21716
22832 22260
22832 22753
22832 22766
22834 5386
22837 21825
22839 19438
22845 6866
22849 4572
22859 18153
22865 8540
22870 21699
22871 22237
22906 843
22908 1895
22908 22902
22910 6887
22915 12239
22916 6805
22920 4440
22921 16313
22923 19916
22924 2194
22930 1368
22934 23348
22935 10785
22935 22609
22936 22926
22939 7118
22939 10378
22948 11819
22951 902
22965 7154
22967 24707
22969 21825
22972 18602
22973 22323
22976 3484
22985 453
22992 3551
22994 22993
22995 496
22997 1520
23000 7113
23002 9351
23002 16099
23013 20673
23020 15429
23024 13896
23029 255
23042 19177
23046 1887
23061 8637
23066 19082
23066 22892
23066 24226
23073 16478
23074 3255
23078 12068
23090 20512
23110 15814
23113 10946
23123 14518
23127 21679
23130 1520
23130 22957
23130 22997
23131 18029
23143 496
23145 19829
23147 22244
23298 7974
23348 662
23348 2467
23348 4595
23348 5115
23348 8005
23348 9842
23348 11811
23348 12091
23348 14648
23348 15814
23348 16579
23348 16796
23348 16816
23348 19082
23348 23001
23348 24226
23473 13735
23535 2307
23535 8600
23707 18192
23862 24183
24033 17566
24033 22749
24150 3292
24183 9177
24183 14648
24195 19992
24226 700
24226 2592
24226 8525
24226 9842
24226 12091
24226 13042
24226 13744
24226 14518
24226 16796
24226 19082
24226 22793
24226 22828
24226 23064
24226 23079
24226 23084
24226 23191
24250 215
24252 2467
24252 5446
24252 8232
24252 11378
24252 14822
24252 17446
24252 17682
24252 20830
24252 21677
24252 22952
24252 22991
24252 23102
24252 24393
24252 24707
24310 12153
24322 9239
24354 16786
24354 23010
24365 21356
24393 21092
24393 21858
24406 12900
24442 21825
24460 20285
24472 20721
24492 23052
24492 23088
24518 16323
24519 11006
24526 10168
24526 16684
24545 13861
24568 5446
24568 12900
24568 16833
24568 17682
24568 18574
24568 20066
24568 22928
24568 22994
24568 23038
24568 23707
24588 11819
24591 16387
24682 22843
24707 642
24707 14081
24707 19138
24707 23069
24718 22638
1 20721
20 1632
20 1951
20 2633
20 4440
20 5311
20 6278
20 6571
20 11157
20 13337
20 14387
20 16818
20 20112
20 22276
20 22911
20 23991
20 24033
20 24226
44 1740
44 18772
44 19196
44 20689
44 22953
44 23325
44 23346
155 2736
156 11150
156 11819
156 16119
194 3049
194 3619
194 8944
212 3433
213 14078
242 8907
262 11971
271 22837
275 17675
287 12978
287 18761
287 19196
287 23170
320 4123
320 7037
320 9160
320 12784
320 13699
320 21432
320 22868
320 23271
320 23276
320 23326
320 23336
344 14414
344 18761
344 23259
348 20339
349 17291
386 6516
386 21832
412 9239
412 13699
491 21881
496 1934
496 19138
496 23337
496 23381
524 20649
545 23212
560 14920
560 21119
596 1934
596 2288
596 8623
596 12057
596 14232
596 16844
596 16906
596 21119
596 22910
596 23159
596 23255
596 23372
601 11967
601 12079
601 12135
601 16764
601 22390
601 23271
623 9433
623 17300
623 23207
630 5440
630 12819
630 18285
630 23105
642 194
642 1846
642 2424
642 2594
642 3425
642 4342
642 6634
642 12465
642 12596
642 13212
642 13217
642 15971
642 17675
642 18970
642 19760
642 21167
642 22535
642 22650
642 23169
642 23227
642 23271
642 23301
642 23308
701 3577
701 3729
701 8944
701 11278
701 12978
701 14131
701 15968
701 16648
701 16758
701 18970
701 19482
701 19676
701 20485
701 20721
701 20897
701 21954
701 23207
701 23225
701 23236
701 23377
701 23382
701 23395
701 23430
701 23446
701 24404
726 12091
726 18033
726 22101
726 23299
726 23374
726 23378
800 23315
804 14806
804 16895
804 21240
804 22842
804 23380
804 23381
830 9365
830 13855
830 14696
830 16406
830 21863
833 14934
833 20147
833 21954
833 22940
876 4667
876 21698
895 9256
895 19196
929 4920
929 8944
929 11710
929 13639
929 16712
929 18823
929 23007
929 23351
929 23403
929 23410
993 3292
1013 12239
1013 13141
1013 13442
1013 19138
1013 21167
1013 21786
1018 1532
1018 5801
1018 6874
1018 7478
1018 8305
1018 13065
1018 14232
1018 15387
1018 16558
1018 23283
1018 23392
1018 23411
1028 21405
1089 11743
1105 4920
1116 19833
1126 14232
1133 17921
1137 6516
1140 14784
1215 18602
1221 17675
1221 22513
1312 4567
1312 4685
1312 9453
1312 9957
1312 13442
1312 14131
1312 15271
1312 20535
1312 23006
1312 23240
1312 23273
1312 23391
1312 23795
1317 24695
1333 23255
1382 7
1393 1951
1403 8815
1403 23370
1403 23381
1411 20
1430 5447
1430 10558
1430 14500
1430 19901
1441 20721
1520 2382
1520 21617
1520 23311
1520 23381
1538 8005
1538 20061
1538 23034
1538 23269
1538 23306
1538 23309
1538 23324
1543 6917
1543 7759
1543 10429
1543 12731
1543 16613
1543 20861
1543 23347
1547 11861
1547 23151
1582 3452
1582 9573
1582 23410
1621 14528
1632 4624
1632 15251
1632 18194
1632 21617
1632 22833
1632 23067
1658 20285
1676 23218
1740 349
1740 496
1740 2794
1740 5345
1740 5599
1740 6285
1740 6557
1740 9256
1740 9363
1740 9742
1740 10259
1740 12220
1740 12670
1740 13217
1740 13744
1740 15867
1740 15880
1740 18505
1740 19080
1740 19196
1740 20304
1740 20689
1740 21240
1740 21602
1740 22276
1740 22953
1740 23175
1740 23202
1740 23204
1740 23217
1740 23218
1740 23284
1740 23305
1740 23310
1740 23339
1740 23382
1740 23413
1740 23448
1741 2424
1741 5677
1788 6666
1788 23348
1800 3214
1846 2487
1846 5409
1846 7014
1846 22349
1846 23172
1861 21954
1874 20523
1874 23339
1883 156
1883 4928
1913 21786
1913 23425
1934 4340
1934 11710
1934 12546
1934 12812
1934 22513
1934 23382
1951 2592
1951 2962
1951 6124
1951 9320
1951 13832
1951 22622
1951 23193
1951 23194
1951 23319
1951 23334
1951 23406
1952 5447
2134 496
2134 993
2134 1951
2134 3619
2134 9320
2134 16810
2134 17220
2134 17885
2134 22496
2134 23210
2134 23234
2134 23454
2142 24286
2194 44
2194 9025
2194 20147
2197 1312
2197 2487
2197 2592
2197 2962
2197 3335
2197 4378
2197 4685
2197 5409
2197 8944
2197 11684
2197 12079
2197 12456
2197 13772
2197 14822
2197 17262
2197 17550
2197 18859
2197 19738
2197 20337
2197 21800
2197 22181
2197 22756
2197 22926
2197 23056
2197 23188
2197 23190
2197 23252
2197 23281
2197 23450
2197 24435
2275 15911
2355 1089
2361 14500
2384 2077
2387 4242
2387 11702
2387 12367
2387 13442
2387 16119
2387 16388
2387 22181
2387 22513
2387 23375
2388 8944
2388 23338
2392 7540
2413 23375
2487 5409
2487 9022
2487 19393
2487 19533
2487 23230
2497 20485
2497 20575
2497 22104
2497 22159
2497 22944
2499 2467
2549 14609
2592 20
2592 5801
2592 11702
2592 12239
2592 14500
2592 16844
2592 19196
2592 23377
2592 23381
2592 23417
2594 5946
2594 10566
2594 14062
2594 14239
2594 16085
2629 12456
2629 21000
2633 16119
2633 23240
2668 23287
2736 13011
2736 23262
2736 23473
2748 17550
2750 23348
2763 18752
2794 12670
2797 8996
2797 22945
2831 830
2831 24707
2939 21969
2997 7326
2997 23209
2997 23301
3049 3055
3049 8944
3049 11684
3049 23252
3055 15911
3078 20844
3172 13744
3172 16119
3172 19393
3172 21954
3172 23186
3227 13305
3272 23217
3329 6866
3329 23231
3425 16486
3433 1312
3433 23096
3452 2588
3452 11157
3452 16558
3452 20407
3452 21336
3496 213
3506 22535
3528 0
3528 23080
3535 21994
3619 8363
3620 19393
3620 23080
3620 23210
3620 23217
3620 23346
3620 23422
3620 23460
3701 21758
3704 17675
3704 23227
3705 23327
3725 4920
3725 7037
3729 23348
3771 23006
3777 7759
3909 13772
3909 15911
3986 642
3986 4407
3986 9275
3986 12239
3986 13584
3986 16148
3986 18602
3986 18626
3986 20535
3986 23373
3986 23375
3986 23381
3986 23417
3995 23136
4066 1393
4066 13744
4066 23284
4086 20
4086 6278
4086 13702
4086 16818
4086 21121
4086 23208
4121 13754
4154 15699
4154 22111
4191 19915
4196 44
4196 6917
4242 7478
4242 13042
4242 19871
4242 22181
4242 23235
4255 19482
4324 2275
4343 20
4343 6087
4343 18755
4343 18761
4343 22940
4343 23273
4406 1861
4406 16018
4407 2467
4407 17706
4407 21478
4407 23034
4440 5409
4440 21119
4440 23462
4459 21954
4465 20485
4482 11702
4502 8815
4567 20
4567 9239
4567 23156
4578 13861
4578 18889
4578 23165
4578 23315
4664 11929
4667 9239
4685 3729
4685 5409
4685 9320
4685 15921
4685 16376
4685 19483
4685 21758
4685 21999
4685 23345
4685 24033
4685 24404
4716 21022
4829 21405
4871 4638
4871 9256
4920 1582
4920 3452
4920 5447
4920 8944
4920 9025
4920 9957
4920 11710
4920 13639
4920 14812
4920 16764
4920 18192
4920 18823
4920 21000
4920 21336
4920 21525
4920 23148
4920 23150
4920 23176
4920 23211
4920 23217
4920 23241
4920 23330
4920 23410
4920 23452
4920 23795
4920 24206
5050 3760
5052 6087
5127 21999
5152 1887
5152 6516
5152 15189
5160 4331
5178 1582
5178 9573
5178 23410
5261 9957
5261 16907
5261 18602
5261 19149
5261 21121
5261 21486
5261 23181
5284 10021
5284 23381
5311 280
5311 4342
5311 4613
5311 8944
5311 9957
5311 13772
5311 14556
5311 15971
5311 17306
5311 20293
5311 21294
5311 22385
5311 23092
5311 23203
5311 23280
5311 23299
5311 23306
5311 23372
5311 23384
5345 18910
5345 19389
5355 17306
5409 929
5409 2104
5409 7082
5409 8944
5409 9025
5409 14839
5409 16895
5409 18619
5409 19149
5409 19720
5409 20624
5430 496
5432 24722
5440 331
5440 15570
5447 8944
5447 12239
5447 23170
5447 24365
5448 7113
5448 14822
5448 15271
5449 18029
5449 23053
5509 7037
5516 12560
5516 23072
5519 3620
5519 5801
5519 22944
5519 23217
5519 23230
5525 23124
5599 1842
5599 21240
5639 4667
5639 5409
5639 23331
5686 9275
5686 23096
5686 23381
5686 23392
5753 5892
5753 22390
5753 23356
5757 6961
5762 13861
5793 10414
5795 20339
5801 22032
5801 23266
5801 23293
5801 23382
5801 23410
5801 24033
5887 3292
5887 7803
5892 3292
5892 13627
5892 18473
5892 22390
5946 194
5946 2497
5946 3515
5946 8944
5946 10833
5946 11684
5946 19760
5946 23212
5946 23235
5946 23289
6006 9025
6047 2362
6047 7326
6047 12354
6047 13977
6047 17885
6047 23343
6049 4242
6049 12220
6049 17520
6049 20285
6049 20721
6049 22306
6095 7351
6095 11702
6095 16119
6095 20382
6095 23161
6095 23217
6127 18929
6167 4667
6167 13011
6247 3452
6247 6607
6247 11710
6247 12220
6278 1312
6278 1934
6278 12777
6278 21752
6278 23240
6278 24518
6310 8815
6310 23375
6497 21294
6516 2497
6516 10770
6516 16099
6516 22480
6531 22833
6547 3226
6557 7292
6557 8305
6557 12670
6557 13442
6557 21694
6557 23199
6571 24226
6589 3777
6589 5409
6598 22837
6598 23315
6634 9177
6666 3452
6666 12456
6666 21752
6666 23151
6666 23289
6666 23371
6714 14078
6735 2197
6735 2594
6735 2629
6735 7037
6735 9680
6735 13141
6735 13861
6735 14247
6735 16085
6850 12894
6869 16656
6869 22177
6874 23235
6911 23224
6955 11786
6961 20285
7022 17290
7022 19149
7037 21876
7081 6634
7081 20535
7089 786
7089 4094
7113 2962
7113 8403
7113 22598
7113 23107
7113 23795
7186 642
7186 12239
7186 15252
7186 21752
7186 23066
7261 8993
7261 12670
7266 24707
7351 23399
7367 19080
7387 15758
7387 20635
7405 9025
7410 17520
7410 18664
7410 19443
7510 23795
7514 320
7514 7037
7514 8037
7514 9177
7514 9433
7514 19138
7514 21876
7514 22181
7514 23385
7516 12220
7516 20285
7516 21074
7516 23186
7557 18449
7648 2349
7648 14232
7648 14500
7648 14839
7648 22812
7656 271
7656 12668
7656 16492
7656 20721
7656 22837
7657 6634
7657 9320
7743 5448
7759 1786
7759 2412
7759 3226
7759 4861
7759 6917
7759 8944
7759 14232
7759 15942
7759 17992
7759 20457
7759 23273
7759 23368
7759 23382
7759 23408
7759 23417
7759 23822
7778 2355
7778 13011
7778 14232
7778 21022
7803 1266
8005 5311
8102 9320
8102 18473
8102 23368
8127 262
8127 17195
8127 23301
8151 13851
8166 10558
8199 20729
8232 20304
8235 1740
8252 6666
8274 16414
8274 23168
8274 23229
8305 21996
8314 22598
8403 10107
8452 2018
8497 18602
8497 23278
8525 21702
8600 9082
8600 21000
8600 23422
8600 23511
8659 14822
8835 23375
8846 17520
8858 22926
8858 23227
8907 24226
8921 7037
8921 11048
8921 11629
8921 11819
8921 16119
8921 21167
8921 21876
8921 22244
8921 23187
8921 23276
8935 1173
8935 1312
8935 11819
8935 19138
8935 21999
8935 23096
8935 23157
8935 23181
8935 23188
8935 23212
8935 23214
8935 23241
8944 3725
8944 9842
8944 11896
8944 12456
8944 14920
8944 15203
8944 15942
8944 18689
8944 22944
8944 23080
8944 23172
8944 23330
8944 23382
8944 23403
9005 6917
9005 19362
9022 15450
9025 496
9025 804
9025 993
9025 4667
9025 8600
9025 9275
9025 13584
9025 13772
9025 14078
9025 16222
9025 16546
9025 16764
9025 16816
9025 17358
9025 18401
9025 19196
9025 19738
9025 20049
9025 20721
9025 22480
9025 23156
9025 23170
9025 23174
9025 23181
9025 23215
9025 23247
9025 23380
9025 23409
9025 23422
9025 24033
9025 24206
9030 18761
9057 4458
9057 5409
9057 8600
9057 8944
9057 14706
9057 16018
9057 17550
9057 19149
9057 19434
9057 20339
9057 21403
9057 21450
9057 22755
9057 23148
9057 23277
9057 23328
9057 23351
9057 23353
9057 23417
9082 9842
9160 23244
9177 3577
9177 9842
9177 9957
9177 14062
9177 15696
9177 16884
9177 16906
9177 18489
9177 20535
9177 22244
9177 23157
9177 23189
9177 23227
9177 23260
9177 23316
9177 23421
9234 12658
9238 3577
9238 23410
9239 2387
9239 4920
9239 7159
9239 9022
9239 9025
9239 10811
9239 12343
9239 13217
9239 19738
9239 21550
9239 21602
9239 22732
9239 23228
9239 23301
9256 21240
9275 1018
9275 1543
9275 4465
9275 8935
9275 9957
9275 13898
9275 14599
9275 20535
9275 21999
9275 23096
9275 23249
9275 23283
9320 1895
9320 3729
9320 12505
9320 16761
9320 18656
9320 23249
9320 23251
9320 23264
9363 14919
9365 6181
9365 11157
9433 7037
9448 13606
9453 9025
9453 17326
9453 20830
9453 23211
9453 23287
9453 23391
9453 23421
9453 24404
9553 9320
9553 21142
9553 21788
9573 23410
9600 23357
9679 8262
9713 13855
9724 9433
9724 11709
9764 13785
9842 20
9842 3725
9842 5409
9842 7037
9842 11710
9842 12812
9842 18624
9842 20062
9842 22276
9842 23170
9842 23287
9842 23382
9920 3152
9920 9025
9920 13639
9920 21509
9957 11930
9957 16222
9957 23348
9962 22598
9966 19149
10021 20
10021 496
10021 2387
10021 7037
10021 12734
10021 14738
10021 18626
10021 23157
10021 23235
10092 7648
10173 3250
10173 14301
10173 18192
10173 20817
10177 1013
10177 21643
10359 2592
10429 20721
10532 15758
10544 16456
10558 4661
10558 14550
10566 3452
10566 7082
10566 8305
10566 8935
10566 23207
10582 24245
10718 23217
10718 23452
10731 280
10770 424
10770 18755
10770 20061
10811 14599
10811 23391
11010 23303
11040 3448
11048 6961
11157 9025
11157 10811
11157 11380
11157 12239
11157 20457
11157 20638
11157 21167
11157 21432
11157 22244
11157 23096
11157 23157
11157 23159
11157 23446
11157 24226
11230 6961
11378 4340
11378 16241
11406 22104
11412 630
11577 21074
11579 701
11579 1312
11579 1543
11579 5497
11579 14969
11579 18602
11579 20301
11579 22260
11607 2736
11607 23262
11607 23371
11657 9256
11684 12554
11684 13257
11684 21994
11690 18626
11709 9433
11710 22598
11715 20222
11743 23142
11743 23184
11743 23195
11744 18755
11744 20649
11755 13855
11758 3729
11758 23041
11758 23417
11793 14387
11806 23241
11819 9418
11819 12367
11819 16119
11819 16206
11819 16388
11819 22181
11819 23188
11819 23281
11819 23375
11861 16406
11867 4920
11867 15806
11867 19495
11867 19901
11867 23046
11896 3725
11896 9573
11896 19894
11896 22598
11896 23328
11929 9842
11930 3577
11930 15271
12056 13269
12056 16240
12056 21147
12062 13217
12074 2790
12079 18619
12079 19730
12079 21572
12086 6917
12091 14706
12091 19621
12091 21121
12091 21294
12091 21938
12091 21994
12091 23378
12096 15324
12111 15696
12111 22101
12135 2091
12135 2831
12135 5539
12135 8921
12135 13524
12135 13898
12135 14232
12135 17742
12135 19149
12135 20535
12135 20830
12135 23181
12135 23344
12135 23382
12135 24518
12141 986
12178 11659
12178 16591
12178 17675
12178 22159
12178 22485
12190 9842
12211 11209
12239 20
12239 2318
12239 2362
12239 3226
12239 4326
12239 6058
12239 7326
12239 7478
12239 8005
12239 8944
12239 9025
12239 12079
12239 13038
12239 13977
12239 15252
12239 16764
12239 16895
12239 18624
12239 18689
12239 18752
12239 20147
12239 20897
12239 21081
12239 21542
12239 21643
12239 21719
12239 21786
12239 22181
12239 22276
12239 23179
12239 23204
12239 23368
12239 23371
12239 23411
12239 23419
12239 23795
12243 12239
12268 16906
12340 7156
12340 23006
12343 4567
12366 7845
12367 20
12367 9957
12367 13905
12367 14759
12367 14822
12367 15843
12367 21167
12367 23148
12367 23273
12367 23332
12367 23461
12392 496
12406 23375
12447 15888
12447 23169
12450 2248
12456 13011
12456 21022
12456 21119
12456 22622
12456 22926
12519 3452
12519 16581
12531 7351
12531 24033
12546 18323
12546 24312
12575 7747
12658 20
12658 1951
12658 9541
12658 13861
12665 5801
12665 18689
12665 23382
12668 6634
12734 20
12734 3433
12734 7557
12734 11819
12734 13042
12734 15271
12734 16558
12734 18619
12734 21752
12734 22260
12734 23096
12734 23217
12767 20147
12812 23382
12819 24365
12855 23252
12863 4920
12868 10833
12870 20649
12870 23152
12894 2497
12894 7014
12894 13011
12894 18545
12894 21240
12894 22265
12900 320
12900 2352
12900 7037
12900 15980
12900 17550
12900 20493
12900 20649
12900 21876
12900 23444
12916 12079
12916 17588
12964 20649
12986 7089
13003 20
13003 12780
13003 13861
13003 17358
13003 22032
13011 19368
13027 2362
13027 10707
13027 13832
13027 15942
13027 17675
13027 20662
13027 21550
13027 22909
13027 23140
13027 23179
13027 23384
13034 18602
13042 1934
13042 22032
13049 13442
13049 22265
13065 22513
13065 23217
13065 23375
13121 9025
13217 13305
13247 13977
13247 22129
13270 14696
13270 16406
13270 22217
13270 23353
13270 24033
13296 22885
13305 349
13305 993
13305 2487
13305 2790
13305 7261
13305 12220
13305 14919
13305 20689
13305 21602
13305 22170
13305 23199
13305 23218
13305 23267
13305 23304
13305 23381
13337 7037
13370 22640
13370 24226
13379 12829
13417 20649
13417 22513
13442 16388
13442 23181
13472 830
13516 21163
13516 22260
13584 1543
13606 22452
13639 403
13639 2288
13639 3292
13639 5801
13639 6047
13639 14500
13639 19882
13639 20147
13639 20721
13639 21876
13639 21954
13639 23244
13639 23247
13643 18056
13684 3292
13684 21832
13694 13194
13694 18635
13694 21441
13694 23447
13704 19499
13723 13212
13723 20457
13723 23208
13735 23275
13744 16816
13744 18568
13744 21954
13744 23297
13772 23278
13786 701
13786 17675
13786 21954
13786 23369
13954 23382
13969 642
13969 4191
13969 12784
13969 13744
13969 19822
13969 20222
13969 21617
13969 23167
13969 23190
13969 23209
13969 23229
14094 23237
14113 23170
14113 23362
14145 14233
14213 6049
14213 15189
14213 20649
14213 23259
14219 7292
14219 8305
14219 9025
14219 13194
14219 14232
14219 19196
14219 22712
14219 23096
14219 23202
14219 23273
14219 23321
14219 23337
14219 23346
14219 23440
14232 20
14232 3452
14232 5196
14232 7037
14232 9842
14232 11048
14232 11710
14232 11819
14232 12665
14232 14706
14232 15271
14232 16119
14232 16148
14232 16558
14232 16884
14232 18033
14232 18970
14232 20339
14232 20457
14232 20535
14232 20576
14232 20844
14232 21478
14232 21752
14232 21999
14232 22260
14232 23096
14232 23227
14232 23235
14232 23279
14232 23309
14232 23331
14232 23337
14232 23365
14232 23392
14232 23421
14232 24707
14233 2388
14233 23308
14246 5447
14247 9680
14271 5311
14271 23242
14271 23365
14271 23795
14293 13560
14293 14409
14325 13417
14387 6095
14387 13954
14387 14078
14387 21486
14387 23280
14387 23287
14387 23309
14401 4191
14401 13861
14414 6095
14414 17675
14500 9025
14500 9957
14500 19744
14500 21850
14500 23240
14500 23260
14500 23296
14500 23382
14550 13042
14599 21121
14738 16581
14785 993
14806 53
14806 934
14806 10662
14806 22170
14822 17742
14839 11704
14839 18635
14839 23215
14854 18545
14920 1244
14920 2736
14920 6002
14920 21167
14920 21788
14920 22129
14920 23242
14920 23262
14920 23287
14920 23822
14978 22276
15117 22155
15147 21240
15161 4191
15161 7037
15162 8944
15183 23822
15203 21058
15206 19047
15229 20721
15267 23382
15269 12236
15271 13699
15271 22750
15282 5204
15332 2349
15332 16414
15450 4920
15450 9957
15450 10574
15450 18056
15450 18473
15450 21478
15450 22390
15467 9239
15488 1532
15488 12220
15538 19138
15588 9365
15594 11571
15610 20
15610 19822
15610 20222
15648 6917
15648 10811
15648 23381
15725 5409
15748 9025
15748 24206
15758 10811
15758 19744
15758 23096
15758 23375
15814 7498
15814 13011
15814 22622
15814 22910
15814 23168
15814 23217
15814 23316
15814 23371
15814 23408
15814 23419
15853 2480
15853 13038
15853 19726
15856 46
15888 23169
15968 21969
15971 257
15971 1323
15971 2355
15971 6974
15971 12239
15971 13754
15971 14232
15971 16844
15971 17195
15971 17621
15971 21518
15971 23227
15971 23235
15971 23289
15971 23319
15971 23411
15971 23417
15971 24226
16018 6869
16018 14239
16018 17675
16018 18401
16018 21954
16018 23422
16018 23457
16058 18173
16069 21550
16076 22910
16113 13027
16186 22535
16186 23438
16206 12193
16316 929
16316 9057
16336 10414
16336 20635
16388 23188
16410 18195
16414 20535
16475 23137
16525 19760
16557 19362
16557 20635
16558 23173
16579 9239
16581 18626
16609 23166
16613 20304
16613 23392
16656 2077
16675 14409
16675 15189
16744 13861
16744 23444
16764 19871
16764 24206
16771 22837
16818 6087
16818 9160
16818 9957
16818 20535
16818 23240
16818 23249
16859 2248
16859 23339
16880 5447
16880 16163
16884 23344
16895 9025
16895 13417
16895 18401
16895 23137
16895 23247
16904 9025
16904 24206
16910 18009
16945 22940
16951 22129
16999 7326
16999 8944
17123 14858
17152 23264
17152 24033
17157 11710
17157 24033
17180 13855
17220 23348
17264 15554
17283 15386
17291 21240
17293 7478
17300 2790
17300 6666
17300 17849
17300 18173
17300 23215
17300 23311
17300 23356
17333 15271
17358 13898
17358 22480
17358 23261
17358 23317
17621 13832
17621 20883
17675 6516
17675 12665
17675 22513
17675 23330
17675 23341
17675 23382
17682 4208
17682 17262
17706 22481
17712 19047
17742 2419
17742 12367
17742 20844
17742 23231
17742 23277
17809 23299
17897 9025
17897 23409
17900 13929
17901 22882
17951 16581
17965 23176
17978 20339
17985 1741
18021 14227
18021 20635
18033 24226
18094 23382
18204 929
18237 23382
18255 11380
18310 623
18323 4920
18369 2387
18373 6815
18401 21850
18418 16648
18438 804
18438 18473
18452 9433
18505 15640
18505 21602
18533 9022
18568 3130
18568 21518
18573 10574
18574 2831
18574 23148
18602 4753
18602 12239
18602 15450
18602 23041
18602 23150
18602 23271
18602 23273
18602 23288
18602 24246
18602 24695
18619 701
18619 2362
18619 9025
18619 9239
18619 13699
18619 14232
18619 15271
18619 15971
18619 20457
18619 20535
18619 21604
18619 23289
18619 23368
18619 23374
18619 24033
18664 20635
18689 6911
18689 14528
18689 15203
18689 15942
18689 17885
18689 22390
18689 23224
18696 20721
18761 22749
18910 23217
18939 5409
19034 21698
19044 13417
19048 23273
19062 13305
19062 21074
19149 20277
19154 18910
19196 22823
19201 23145
19293 7082
19295 5604
19355 5892
19368 23319
19382 20651
19426 21486
19442 2018
19443 16572
19498 23006
19528 9057
19554 6095
19554 21240
19554 23167
19554 23315
19683 1560
19683 13772
19683 20575
19730 424
19761 1266
19761 23182
19814 5147
19823 24252
19871 6058
19871 23382
19882 21876
19901 18910
19901 23170
19915 15252
19920 21752
19938 4154
19938 8996
19938 12153
19938 22749
19973 23283
19979 5409
20057 23289
20061 9025
20061 13476
20128 17929
20128 22847
20147 2421
20147 21908
20252 4920
20285 993
20285 9022
20285 9256
20285 12220
20285 17293
20339 9859
20382 7971
20382 19483
20382 21450
20439 4340
20439 18602
20520 22030
20535 8944
20535 23150
20535 23159
20535 23178
20535 23240
20535 23273
20571 23382
20592 20493
20635 23381
20638 9160
20638 11714
20638 12916
20638 18033
20638 20535
20638 23244
20649 1752
20649 1887
20649 2077
20649 2388
20649 2594
20649 3130
20649 3619
20649 4189
20649 5409
20649 7014
20649 9842
20649 9957
20649 11440
20649 13560
20649 14232
20649 14409
20649 16069
20649 17358
20649 17550
20649 19059
20649 20662
20649 21000
20649 21163
20649 21450
20649 21850
20649 22480
20649 22672
20649 22926
20649 23056
20649 23080
20649 23172
20649 23188
20649 23230
20649 23264
20649 23308
20649 23356
20649 23361
20649 23380
20649 23400
20649 23438
20649 23454
20676 20
20676 12777
20676 18602
20676 20112
20689 22599
20721 18761
20817 2831
20817 9453
20817 10107
20817 15267
20817 18823
20817 20457
20817 22598
20817 23170
20817 23217
20883 23322
20891 14232
21000 12546
21074 8478
21074 9025
21074 10121
21074 12220
21074 13744
21074 14078
21074 16058
21074 18721
21074 23339
21074 23356
21089 7326
21089 21478
21110 23133
21119 847
21119 1538
21119 2318
21119 3227
21119 6836
21119 9682
21119 11157
21119 12079
21119 12517
21119 13155
21119 17872
21119 17921
21119 18602
21119 18619
21119 20950
21119 21752
21119 23072
21119 23374
21119 23414
21119 24033
21141 10811
21167 212
21213 17687
21213 20147
21213 23146
21240 1532
21240 20457
21240 20575
21240 22170
21240 23204
21240 23305
21336 374
21336 22812
21336 23137
21403 7159
21432 20535
21470 6278
21471 13027
21471 23334
21521 24152
21536 4920
21580 15971
21584 23324
21592 1951
21698 22127
21699 11811
21699 13417
21699 14387
21699 20608
21699 21486
21699 23222
21699 23324
21699 23343
21699 23371
21739 22181
21752 21121
21752 23288
21784 17220
21784 23142
21784 23168
21784 23196
21784 23406
21786 2419
21786 5519
21786 8944
21786 20721
21786 23217
21786 23253
21786 23425
21786 24128
21786 24206
21788 2091
21788 20457
21788 21081
21800 21832
21867 13754
21878 23287
21878 24033
21881 7037
21881 9842
21884 17675
21954 12220
21954 23242
21969 4613
22022 10532
22022 11906
22073 9177
22127 8996
22257 1266
22265 19196
22276 3452
22276 18561
22276 20535
22276 21604
22276 23382
22276 23421
22283 20222
22283 22837
22283 23235
22341 424
22350 22640
22430 7953
22476 642
22480 3515
22480 19389
22480 19777
22513 12079
22513 13476
22513 13560
22513 14409
22513 20061
22513 22925
22520 14232
22520 23096
22552 12411
22552 19149
22552 21460
22593 22712
22598 14232
22598 15267
22598 23148
22598 23150
22598 23170
22598 23260
22598 23328
22598 23442
22599 1018
22599 8305
22599 10414
22599 11792
22599 11971
22599 13744
22599 18505
22599 21602
22599 23337
22599 23440
22599 23460
22600 14232
22600 18602
22640 2962
22640 20339
22640 21994
22640 22649
22653 4920
22653 9025
22671 22535
22708 23222
22737 14062
22759 6966
22775 12292
22793 20535
22793 23367
22823 44
22911 17118
22925 19499
22935 3295
22953 23327
22953 23782
23007 9573
23030 9025
23053 23795
23054 2304
23064 18169
23066 11758
23066 22737
23066 23417
23115 22640
23115 22649
23131 23371
23139 20
23145 23294
23147 23382
23155 9842
23158 519
23160 6195
23162 17742
23172 23361
23176 24365
23185 3335
23186 21163
23186 22104
23186 22449
23186 23344
23186 23795
23187 12876
23188 1383
23188 3758
23188 4136
23188 7540
23188 10207
23188 12829
23188 23320
23192 24518
23216 7446
23232 9025
23233 6181
23234 24033
23235 701
23235 6666
23235 7554
23235 12456
23235 14271
23235 14500
23235 23365
23235 23411
23238 18689
23239 9025
23241 15404
23243 1376
23243 14805
23256 24707
23261 540
23263 5950
23265 24033
23266 503
23269 15319
23274 1741
23277 17103
23286 2961
23288 20535
23292 11440
23293 20303
23299 23348
23302 23301
23312 6614
23317 13194
23317 18194
23323 11380
23324 6805
23330 23328
23333 19235
23348 1312
23348 17152
23348 18033
23348 20729
23348 21850
23348 21999
23348 22101
23348 22525
23349 11342
23351 8944
23358 1312
23359 21142
23361 15309
23363 8361
23379 22541
23381 21167
23383 23045
23385 18635
23393 1314
23396 8944
23398 16565
23400 23392
23405 23382
23412 11798
23415 23380
23416 23410
23418 23262
23426 14500
23427 6047
23428 601
23431 23203
23435 11710
23436 21719
23445 4378
23447 6417
23451 11710
23453 804
23456 2304
23459 23452
23465 7499
23473 13011
23937 22951
23991 24226
24033 2318
24033 2540
24033 18195
24033 19783
24033 21604
24033 23382
24033 24404
24133 2091
24133 7037
24133 23065
24191 22129
24206 8944
24206 23170
24206 23416
24226 6966
24226 9025
24226 16222
24226 22750
24226 23193
24252 20
24252 297
24252 4340
24252 5519
24252 9433
24252 10862
24252 14232
24252 18910
24252 21550
24252 21954
24252 23208
24252 23217
24252 23273
24252 23353
24252 23380
24365 3725
24365 4920
24393 20147
24409 22209
24435 15533
24460 14232
24460 15980
24492 20493
24518 4861
24518 23432
24568 6666
24568 9320
24588 642
24707 20
24707 2387
24707 23340
