24740 9280
40 5946
44 1842
44 2811
44 5583
44 7921
44 8572
44 9803
44 11077
44 12670
44 12900
44 14295
44 17276
44 24313
44 24722
115 4066
115 8886
115 9795
115 11819
115 14109
117 9618
155 24033
172 2629
215 8996
222 386
222 8783
231 451
231 866
231 2134
231 5072
231 6735
231 6975
231 7097
231 9093
231 9658
231 11868
231 19087
231 21881
231 24150
252 596
252 7579
252 8773
252 9092
252 9539
252 9543
252 9702
252 24033
255 1240
255 1313
255 1538
255 2819
255 2831
255 3172
255 3714
255 4829
255 5801
255 6124
255 6735
255 6961
255 6975
255 6986
255 7596
255 8102
255 8813
255 9092
255 9405
255 9499
255 9540
255 9691
255 9793
255 15940
255 20517
255 21336
255 22452
255 22745
255 24393
271 6489
271 9540
271 21702
271 22452
271 23935
280 2730
280 6047
280 9805
285 20285
287 309
287 1934
287 2094
287 2416
287 7399
287 8577
287 9465
287 11536
309 7209
320 1312
320 2194
320 4440
320 7635
320 9338
348 935
348 9752
349 6917
349 9531
376 4920
376 18574
386 434
386 606
386 1658
386 3733
386 3843
386 6049
386 6314
386 7759
386 8605
386 8773
386 9239
386 9727
386 13441
386 13694
386 15688
386 19938
386 22222
386 24707
386 24710
395 7985
395 17695
401 230
424 21336
438 1538
438 9405
438 9688
451 9658
460 23914
465 753
465 2819
465 18602
524 4794
525 14034
530 1846
533 7656
554 5485
554 9842
554 24365
557 9540
572 4719
572 9538
572 12198
596 548
596 935
596 2005
596 4547
596 4837
596 6666
596 6937
596 7186
596 8288
596 9566
596 9574
596 9636
596 9661
596 9679
596 9826
596 14920
596 18602
596 18919
596 23921
596 23956
610 1378
610 2837
610 9499
610 12242
610 21699
623 8815
623 8816
623 9607
623 11819
623 15755
623 17097
623 23348
623 24238
640 16018
642 2416
642 4126
642 6762
642 8872
642 9257
642 9557
642 9591
642 9784
642 9841
644 386
644 4920
644 12242
659 5345
662 23707
666 6873
674 5808
674 9579
684 4572
686 9662
701 662
701 1585
701 3528
701 8897
701 8907
701 9092
701 9576
701 9628
701 9644
701 9719
701 9775
701 9802
726 9542
728 4343
737 9191
737 22592
753 9363
753 19736
776 6478
776 9555
776 19149
830 394
830 786
830 1221
830 1949
830 3143
830 6747
830 8209
830 8996
830 14888
830 16047
830 19028
833 2819
833 11313
833 12539
857 940
866 9805
866 24710
876 386
876 2819
876 3101
876 7399
876 8577
876 8996
876 9755
876 13786
876 17892
876 20817
876 22598
890 5326
895 4242
906 23707
925 16336
929 386
929 876
929 1430
929 5485
929 5615
929 6986
929 9338
929 9755
929 9830
929 13786
935 3702
935 9576
935 9678
935 11353
935 11700
935 13466
935 15282
946 12977
946 20285
993 20355
1013 3627
1013 4920
1013 5499
1013 8907
1013 9061
1013 9415
1013 9562
1013 9701
1013 19087
1013 19946
1013 24252
1013 24365
1013 24518
1018 1312
1018 3843
1018 4928
1018 8232
1018 9239
1097 252
1097 9497
1097 9830
1105 255
1105 2416
1105 3673
1105 5308
1105 5892
1105 6314
1105 6417
1105 6937
1105 6986
1105 7399
1105 7921
1105 8935
1105 9526
1105 9592
1105 9600
1105 9738
1105 16900
1105 18919
1110 2997
1110 7410
1110 9774
1110 10259
1116 1585
1116 2312
1116 6634
1116 9257
1116 9568
1116 9574
1116 19901
1133 14361
1137 424
1137 1551
1137 1633
1137 1865
1137 1899
1137 4572
1137 5567
1137 7921
1137 9538
1137 9647
1137 9746
1137 11313
1137 19736
1140 1318
1140 8009
1141 7759
1141 9602
1158 2091
1158 6638
1215 2794
1215 6892
1215 8281
1215 9665
1215 9715
1215 14920
1215 18619
1215 22276
1215 24252
1221 6845
1221 7960
1221 8369
1221 9540
1221 9744
1221 10168
1221 19480
1221 22513
1230 7893
1230 9602
1244 1935
1244 9092
1244 9542
1244 9563
1244 9618
1244 9683
1244 13574
1269 23348
1286 7315
1312 4255
1312 4567
1312 8288
1312 9739
1312 13673
1312 19871
1318 21089
1333 7759
1346 8996
1346 16018
1351 9644
1378 18169
1384 2134
1384 4685
1384 5345
1384 8005
1384 8984
1384 11868
1384 16213
1384 20904
1384 24033
1403 548
1403 623
1403 1899
1403 2540
1403 4735
1403 5127
1403 6124
1403 7037
1403 7055
1403 9043
1403 9100
1403 9543
1403 9657
1403 9667
1403 9681
1403 9687
1403 9744
1403 9749
1403 9772
1403 9802
1403 22745
1407 13574
1407 14034
1430 287
1430 376
1430 546
1430 866
1430 1312
1430 2629
1430 3168
1430 3725
1430 3986
1430 4664
1430 5178
1430 5485
1430 5644
1430 5801
1430 6666
1430 7185
1430 7186
1430 7399
1430 8346
1430 8935
1430 9046
1430 9100
1430 9365
1430 9488
1430 9540
1430 9720
1430 9830
1430 13673
1430 16759
1430 19901
1430 22598
1430 24252
1430 24365
1538 1240
1538 1935
1538 1971
1538 2312
1538 2819
1538 3336
1538 5311
1538 6033
1538 8941
1538 9605
1538 9620
1538 16213
1538 17262
1538 17675
1547 3172
1581 12242
1582 7981
1632 3172
1632 17749
1633 1842
1633 9527
1633 21434
1658 4870
1658 6688
1658 7921
1658 8346
1658 8871
1658 9707
1658 13574
1658 15251
1658 21881
1676 24555
1692 309
1692 465
1692 6139
1692 7759
1692 9829
1692 13141
1692 15940
1692 16613
1692 16892
1692 21240
1692 24313
1692 24451
1716 8996
1716 9092
1734 9239
1740 44
1740 1658
1740 1842
1740 4242
1740 6917
1740 7676
1740 7759
1740 7894
1740 7905
1740 7921
1740 9363
1740 9555
1740 9557
1740 9668
1740 9707
1740 9825
1740 11077
1740 13383
1740 13694
1740 14295
1740 16613
1740 16900
1740 18547
1740 24451
1749 6999
1749 8996
1749 14034
1749 18056
1749 19554
1800 13191
1822 3843
1842 7921
1842 9555
1842 14595
1842 21240
1846 2197
1846 2794
1846 3101
1846 3192
1846 5757
1846 5946
1846 7338
1846 7516
1846 9488
1846 9532
1846 9539
1846 9762
1846 9773
1846 11725
1846 11819
1846 17801
1846 19087
1846 23912
1859 9025
1861 8939
1899 2184
1899 9011
1899 13726
1899 14401
1899 24518
1901 8852
1901 9610
1901 20517
1907 1971
1907 4665
1907 6247
1907 8100
1907 15814
1907 17298
1907 19554
1907 22412
1921 9696
1934 4242
1934 9712
1935 19901
1949 9846
1951 502
1951 4187
1951 4577
1951 6634
1951 7116
1951 7185
1951 8239
1951 8813
1951 9357
1951 9574
1951 9741
1951 9779
1951 9781
1951 13996
1951 24169
2008 4920
2014 6157
2014 9177
2014 9563
2014 9578
2014 9647
2014 9738
2042 9405
2046 6557
2048 8577
2048 12198
2094 9450
2102 21240
2104 4870
2104 5250
2104 8321
2104 9542
2104 9754
2104 11157
2104 14920
2104 24033
2119 22075
2126 18574
2134 255
2134 4849
2134 4870
2134 5311
2134 5677
2134 5892
2134 6139
2134 6663
2134 8067
2134 9363
2134 9588
2134 9613
2134 9686
2134 9710
2134 9727
2134 11706
2134 12900
2134 13141
2134 13181
2134 16213
2134 24033
2134 24150
2158 9025
2158 20355
2194 44
2194 115
2194 193
2194 255
2194 287
2194 1633
2194 1899
2194 1976
2194 2094
2194 2134
2194 2361
2194 3172
2194 4794
2194 5052
2194 7107
2194 8049
2194 8321
2194 9540
2194 9557
2194 9721
2194 9728
2194 11361
2194 13141
2194 13604
2194 13694
2194 13786
2194 14806
2194 16998
2194 18689
2194 19730
2194 20285
2194 20512
2194 21336
2194 21954
2197 934
2197 2131
2197 4066
2197 7894
2197 8342
2197 8415
2197 8935
2197 9271
2197 9532
2197 9539
2197 9663
2197 9847
2197 12725
2197 13694
2197 13969
2197 19999
2197 20892
2197 20893
2197 21699
2197 21739
2197 22708
2197 23320
2209 2633
2239 255
2239 1859
2239 2730
2239 7893
2239 9812
2242 18689
2281 9644
2329 6879
2329 22598
2349 4920
2355 4055
2361 5311
2361 6010
2361 7116
2361 7338
2361 9356
2361 9447
2361 10121
2361 14583
2361 16608
2361 18602
2361 20285
2361 21786
2361 23254
2384 11313
2384 19730
2387 3172
2387 4735
2387 6121
2387 7751
2387 7957
2387 9465
2387 9543
2387 9632
2387 9643
2387 22283
2388 7116
2388 18619
2388 18689
2392 2197
2392 2497
2392 4735
2392 11819
2411 533
2411 2467
2411 2939
2411 6478
2411 7627
2411 9805
2411 12242
2413 934
2413 6975
2413 8452
2413 9057
2413 9554
2413 9688
2413 9691
2413 21699
2413 24435
2413 24675
2416 9807
2416 11700
2416 14224
2424 23389
2442 9518
2487 662
2487 1846
2487 2197
2487 2730
2487 5152
2487 5660
2487 8897
2487 9271
2487 9532
2487 9570
2487 9706
2487 9762
2487 9807
2487 12242
2487 13574
2491 1312
2491 4154
2491 17299
2497 5660
2497 5757
2497 9784
2508 9540
2508 9803
2516 2661
2583 320
2583 6098
2583 9363
2591 255
2592 252
2592 1240
2592 1312
2592 5364
2592 5946
2592 6547
2592 6557
2592 7193
2592 7759
2592 8770
2592 9275
2592 9503
2592 9564
2592 9592
2592 9807
2592 9842
2592 10259
2592 15935
2592 21911
2622 2583
2622 9100
2629 3101
2629 4920
2629 5178
2629 5485
2629 5615
2629 7116
2629 8886
2629 9092
2629 9349
2629 9676
2629 9739
2629 9785
2629 12242
2629 14016
2629 18919
2629 22598
2629 24365
2655 8577
2655 9341
2700 22708
2713 3737
2730 9257
2730 12242
2736 9405
2736 20817
2748 533
2748 6314
2748 7116
2748 9805
2748 13604
2794 1843
2794 11819
2811 7921
2811 13969
2811 14691
2818 8996
2819 7514
2819 7516
2819 8813
2819 8996
2819 9499
2819 9519
2819 9842
2819 18602
2819 22276
2819 24568
2831 2819
2831 5851
2831 6666
2837 9600
2872 5993
2872 14691
2872 18602
2886 6879
2886 10997
2920 5946
2931 255
2939 1971
2939 2819
2997 5072
2997 9093
2997 9562
2997 15309
2997 24393
3023 24226
3049 1133
3049 2388
3049 5429
3049 9817
3049 13099
3049 16186
3049 18005
3049 21702
3055 2872
3055 5993
3078 8369
3078 9775
3101 2104
3101 4920
3101 6247
3101 8444
3101 9100
3101 9395
3101 9540
3101 9727
3101 13184
3101 18919
3101 20817
3101 21899
3113 4200
3113 7627
3113 9552
3113 9701
3113 13141
3113 24252
3130 5447
3130 5801
3143 4756
3143 21881
3162 9566
3172 1996
3172 3452
3172 3673
3172 6302
3172 6937
3172 7209
3172 8452
3172 9762
3172 13969
3172 20355
3172 22513
3172 23320
3172 24226
3192 9679
3214 20381
3227 1899
3227 4154
3227 6177
3227 8232
3227 9480
3227 12198
3227 15688
3227 17472
3288 2629
3302 1899
3309 19915
3336 2819
3372 15116
3425 24518
3452 9690
3519 2591
3519 3674
3528 6139
3528 9100
3555 4158
3555 6917
3555 7905
3579 9556
3579 18919
3627 12135
3651 13141
3679 9450
3705 6688
3714 8421
3714 14805
3714 24393
3725 1312
3725 5447
3725 7843
3725 9763
3725 16998
3737 9769
3760 502
3760 2373
3760 7957
3760 9765
3777 6124
3777 8577
3777 18919
3824 8005
3843 8773
3843 8996
3843 9753
3843 10259
3843 13019
3843 14295
3865 4920
3865 24518
3874 2866
3874 6124
3974 13323
3986 1312
3986 1951
3986 9548
3986 9781
3986 17639
3986 24707
4113 24133
4121 4439
4121 8369
4121 14583
4121 18574
4126 9784
4154 4719
4154 7022
4158 9792
4183 5311
4183 8295
4186 4849
4196 1076
4196 9803
4196 16900
4200 9608
4242 441
4242 1221
4242 1846
4242 2629
4242 3777
4242 3988
4242 4343
4242 4830
4242 6522
4242 6547
4242 7176
4242 7676
4242 7921
4242 8321
4242 8996
4242 9398
4242 9622
4242 9637
4242 9659
4242 9665
4242 9668
4242 9797
4242 11722
4242 13518
4242 14295
4242 14920
4242 19946
4242 24033
4242 24313
4242 24451
4275 240
4280 1971
4282 22598
4298 6557
4298 15714
4298 22505
4331 7186
4331 7410
4331 14224
4340 3227
4343 5152
4343 6634
4343 6986
4343 8346
4343 9790
4350 6010
4406 9057
4407 24568
4440 596
4440 9191
4440 9594
4440 9843
4440 21786
4455 435
4459 9588
4459 9625
4459 16601
4482 4242
4567 2794
4567 6547
4567 8815
4567 8889
4567 9643
4567 9701
4567 9810
4567 13441
4577 9736
4578 5567
4578 6999
4593 6049
4624 6514
4685 6124
4685 7759
4685 9540
4711 9754
4712 8321
4719 12198
4735 7751
4735 11819
4743 4307
4765 9764
4781 1865
4781 3101
4794 9743
4794 11861
4794 14853
4811 11868
4837 23707
4879 1740
4879 7176
4879 19301
4920 386
4920 1430
4920 2628
4920 5178
4920 8314
4920 9046
4920 9191
4920 9530
4920 9581
4920 13786
4920 18602
4920 20817
4920 22598
4920 24365
4926 6511
4976 2194
5032 8525
5052 2387
5052 8886
5052 22771
5092 7186
5127 548
5127 726
5127 6124
5127 8935
5127 22276
5140 13196
5146 5127
5152 386
5152 728
5152 929
5152 2655
5152 2997
5152 9341
5152 9532
5152 16018
5152 20907
5178 376
5178 5447
5178 5485
5178 7981
5178 8346
5178 9349
5178 9395
5178 9519
5178 9785
5178 10997
5178 11872
5178 13786
5178 22598
5189 23389
5198 833
5215 8829
5261 9772
5274 255
5282 6049
5282 9746
5284 9566
5310 6666
5311 935
5311 1584
5311 3528
5311 4849
5311 4937
5311 6047
5311 6139
5311 7680
5311 7747
5311 7960
5311 8930
5311 9092
5311 9103
5311 9568
5311 9605
5311 9634
5311 9728
5311 9782
5311 14691
5311 16213
5311 21434
5311 21954
5326 2134
5326 9809
5326 20512
5364 252
5364 1312
5364 6547
5375 9499
5375 9540
5409 1865
5409 9754
5418 9380
5446 18602
5448 2197
5477 4242
5477 7921
5485 8346
5485 9785
5485 17157
5519 1430
5519 2794
5519 3101
5519 3192
5519 5946
5519 7759
5519 7811
5519 9722
5519 9727
5519 13141
5519 13969
5519 18917
5519 19149
5519 19438
5519 20355
5519 24675
5544 21240
5567 19736
5599 12959
5599 14920
5615 21910
5625 9521
5639 4965
5639 5072
5639 7957
5639 9596
5639 9608
5639 9662
5639 9736
5639 9755
5639 9761
5639 18396
5639 24250
5639 24568
5645 9800
5658 13905
5658 23360
5660 5757
5660 19730
5677 2361
5677 4849
5677 7209
5677 9616
5677 9634
5754 255
5762 213
5793 9566
5795 23707
5801 1333
5801 2361
5801 2424
5801 3227
5801 3725
5801 5345
5801 5485
5801 5993
5801 8346
5801 8444
5801 9508
5801 9540
5801 9744
5801 9795
5801 15369
5801 22452
5801 23389
5801 24393
5808 9356
5808 9579
5892 8421
5938 9531
5946 502
5946 601
5946 1133
5946 2361
5946 2794
5946 3101
5946 3943
5946 4735
5946 6283
5946 6417
5946 6762
5946 7680
5946 7811
5946 9488
5946 9532
5946 9561
5946 9581
5946 9784
5946 12025
5946 13141
5946 13518
5946 13969
5946 14471
5946 14691
5946 15382
5946 15447
5946 17801
5946 18005
5946 18919
5946 20893
5946 23912
5993 9829
6002 21509
6033 6666
6033 9405
6047 4849
6047 7078
6047 9805
6047 9806
6049 7921
6049 9431
6049 9544
6049 15688
6058 23707
6095 9092
6095 9542
6095 13181
6095 16282
6095 18056
6098 2416
6098 5360
6098 9057
6098 18619
6098 19868
6104 9842
6121 8872
6121 9217
6124 471
6124 2901
6124 8743
6124 8813
6124 9177
6124 9644
6124 9674
6124 9783
6124 12135
6124 18619
6124 22276
6124 24657
6157 2687
6236 9469
6247 1013
6247 2837
6247 4439
6247 8843
6247 9100
6247 9488
6247 9554
6247 9719
6247 9791
6247 14583
6247 19901
6247 24127
6247 24365
6258 44
6258 1842
6285 9555
6310 6124
6437 24226
6442 11353
6497 929
6512 9631
6528 6124
6545 2361
6545 16608
6547 5127
6547 6917
6547 9557
6549 8321
6549 9239
6549 17338
6557 255
6557 642
6557 1842
6557 1935
6557 2416
6557 3843
6557 4242
6557 6124
6557 6547
6557 7176
6557 9363
6557 9557
6557 9566
6557 9701
6557 9827
6557 10259
6589 10259
6598 7185
6598 9538
6599 2819
6660 1148
6660 21402
6666 1859
6666 2312
6666 2413
6666 4183
6666 7082
6666 8369
6666 8452
6666 9100
6666 9132
6666 9405
6666 9582
6666 9596
6666 9662
6666 9761
6666 20381
6666 22718
6681 2416
6688 24167
6688 24492
6735 597
6735 1658
6735 2790
6735 4281
6735 4829
6735 4830
6735 5203
6735 8415
6735 9093
6735 9627
6735 9643
6735 9754
6735 11926
6735 13684
6735 19915
6735 23320
6735 24580
6762 14387
6769 4242
6769 9644
6769 23921
6773 3874
6811 1240
6811 9558
6845 1384
6845 9152
6845 15617
6874 1934
6874 6961
6879 6960
6879 22598
6937 8996
6937 23707
6961 642
6961 8321
6961 8921
6961 9591
6961 9715
6961 9807
6961 16880
6975 6666
6975 9563
6975 9671
6975 13191
6975 17801
6999 1865
6999 13969
7006 9521
7006 9694
7006 15940
7022 1309
7097 13969
7107 5345
7107 9177
7116 7338
7116 8369
7116 9447
7116 13905
7116 14361
7116 22283
7186 2361
7186 5517
7186 7811
7186 9679
7186 9758
7186 10121
7186 12025
7186 18602
7356 8321
7367 9754
7410 934
7410 5308
7410 9753
7410 13019
7410 19946
7442 9732
7476 10811
7476 22276
7499 1137
7499 8743
7499 9842
7514 252
7514 386
7514 5127
7514 6124
7514 6198
7514 8297
7514 9703
7514 24226
7516 21881
7617 13141
7617 14387
7648 1240
7648 1976
7648 3334
7648 9543
7648 9629
7648 9686
7648 9743
7664 9766
7680 9689
7683 16018
7720 833
7720 4340
7720 4459
7720 18689
7743 441
7743 4242
7743 8321
7743 9696
7751 11819
7751 24675
7759 753
7759 1585
7759 2104
7759 4870
7759 5092
7759 5250
7759 6762
7759 9503
7759 9533
7759 9543
7759 9547
7759 9555
7759 9618
7759 9637
7759 9705
7759 9727
7759 14691
7759 16186
7759 19149
7778 9132
7778 9565
7778 9596
7778 9651
7888 21336
7893 2819
7893 19946
7894 390
7894 1676
7894 1899
7894 3372
7894 5963
7894 8773
7894 9431
7894 10259
7894 12725
7894 15688
7894 16900
7905 12670
7905 14595
7921 9587
7921 13684
7981 19901
7990 8550
7990 24568
8005 1403
8005 1538
8005 1971
8005 2312
8005 4417
8005 6629
8005 7778
8005 9806
8005 9815
8009 16581
8022 14471
8067 13694
8067 13969
8075 7759
8102 5120
8102 6098
8102 6975
8102 9356
8102 9561
8102 9709
8102 9841
8102 12646
8102 21702
8102 22452
8127 19946
8155 5345
8155 6547
8155 9177
8155 9566
8197 9744
8205 15057
8208 9711
8208 24568
8209 0
8209 1658
8225 24518
8248 4920
8257 6124
8295 9662
8295 17066
8295 22882
8297 2304
8297 4121
8297 5052
8297 5310
8297 6010
8305 8049
8314 376
8314 18574
8321 2831
8321 9499
8321 18602
8321 24226
8330 6247
8342 9774
8342 12242
8346 15369
8363 9591
8369 9745
8369 9763
8369 9765
8403 8346
8421 1584
8421 1784
8421 8930
8421 9152
8421 9569
8421 9578
8421 9647
8421 13969
8452 596
8452 1996
8452 2194
8452 5993
8513 9816
8513 15617
8513 21434
8525 9736
8564 5345
8577 441
8625 18619
8633 7664
8672 1013
8743 9681
8743 9783
8743 19730
8757 9607
8770 252
8770 309
8770 1907
8788 394
8788 9800
8793 21434
8808 8871
8808 9527
8808 9561
8808 9688
8808 9723
8808 9800
8808 14691
8808 21634
8813 9092
8813 9547
8813 9563
8813 11522
8813 14361
8815 2387
8815 8872
8842 22513
8843 9158
8843 18619
8852 8895
8863 1407
8872 2387
8872 8935
8872 10325
8872 22283
8877 24392
8885 16163
8895 252
8895 2281
8895 2592
8895 9595
8895 9720
8895 9755
8895 13969
8907 14920
8907 20424
8907 24568
8921 252
8921 548
8921 6198
8921 8297
8930 2730
8930 8005
8930 9111
8930 9702
8930 9805
8930 9806
8935 2005
8935 2104
8935 2261
8935 3168
8935 6773
8935 7751
8935 9542
8935 9643
8935 9842
8935 20355
8935 23320
8941 24568
8966 572
8966 4719
8966 8773
8966 18919
8966 24393
8983 10702
8984 5308
8984 7209
8984 8005
8984 9497
8984 9757
8984 13574
8984 19087
8996 255
8996 386
8996 1996
8996 2158
8996 2184
8996 2194
8996 2583
8996 3168
8996 4066
8996 4719
8996 5364
8996 6599
8996 7292
8996 7514
8996 7516
8996 7893
8996 8664
8996 8935
8996 9022
8996 9057
8996 9398
8996 9488
8996 9538
8996 9578
8996 9580
8996 9588
8996 9653
8996 9688
8996 9755
8996 12298
8996 13141
8996 13786
8996 14241
8996 16867
8996 16998
8996 19328
8996 20904
8996 21881
8996 24250
9005 19301
9011 309
9011 1842
9011 6589
9011 7921
9011 9405
9011 14888
9022 9842
9022 13786
9022 21702
9025 252
9025 548
9025 876
9025 6547
9025 6557
9025 7514
9025 23921
9025 24250
9043 9540
9057 287
9057 386
9057 434
9057 830
9057 1240
9057 1899
9057 2628
9057 2730
9057 3101
9057 3172
9057 4870
9057 5178
9057 6247
9057 8852
9057 9022
9057 9092
9057 9100
9057 9380
9057 9488
9057 9497
9057 9540
9057 9558
9057 9566
9057 9571
9057 9665
9057 9676
9057 9699
9057 9731
9057 9842
9057 13518
9057 15450
9057 16282
9057 19149
9057 21336
9057 22513
9074 15447
9087 7627
9092 9750
9100 2939
9100 6747
9100 8550
9100 9398
9100 9499
9100 18293
9132 6247
9132 8550
9132 9618
9140 9493
9152 14010
9177 9552
9177 9644
9177 9748
9185 728
9185 5639
9185 6033
9185 8843
9185 9565
9185 9791
9185 18574
9217 9465
9239 1312
9239 6124
9239 9488
9239 9587
9239 21910
9251 2134
9251 2197
9251 6192
9251 7097
9251 7921
9251 9539
9251 9592
9251 9671
9251 9680
9251 19901
9275 19266
9278 8815
9280 22276
9326 9447
9326 9778
9328 22276
9331 9558
9336 15332
9341 7
9341 2819
9346 701
9346 8102
9363 309
9363 2811
9363 4242
9363 8572
9363 9152
9363 9529
9363 9555
9363 9668
9363 9707
9363 9727
9363 9832
9363 11077
9363 12198
9363 14691
9363 19736
9363 23927
9365 6986
9384 4208
9384 7410
9384 8984
9384 9061
9384 9093
9384 9644
9384 9721
9384 14920
9384 19871
9392 11929
9398 252
9398 269
9398 2790
9398 3988
9398 5345
9398 13604
9404 662
9405 2392
9431 44
9434 6688
9434 7921
9434 9559
9447 1692
9447 9829
9450 287
9450 934
9450 3101
9450 8209
9450 8342
9450 8803
9450 9100
9450 9555
9450 9774
9450 11313
9450 12670
9450 12725
9450 16900
9454 1221
9465 22283
9467 13604
9470 8857
9470 9592
9470 9699
9486 22283
9488 5519
9488 7759
9488 9539
9492 2197
9494 9801
9494 23348
9497 9450
9497 11751
9499 7264
9499 8813
9499 9399
9499 9542
9499 9842
9499 14361
9499 14583
9516 9177
9519 255
9519 9395
9521 2134
9523 22276
9525 17097
9525 19622
9526 11929
9527 9671
9528 3188
9534 11929
9539 16909
9540 533
9540 4667
9540 8415
9540 9092
9540 9396
9540 9405
9540 9543
9540 9640
9540 9744
9540 12900
9540 13406
9540 13574
9540 13969
9540 20140
9540 21927
9540 23389
9540 24393
9544 285
9544 1899
9544 2790
9544 3843
9544 4196
9544 4242
9544 4459
9544 5215
9544 6735
9544 7410
9544 7759
9544 7921
9544 8996
9544 9431
9544 9527
9544 9538
9544 9556
9544 9557
9544 9559
9544 9570
9544 11076
9544 11722
9544 13019
9544 13969
9544 16900
9544 19915
9544 24037
9546 364
9547 5345
9549 20817
9553 6027
9553 8297
9553 22513
9555 9175
9555 9217
9558 21336
9559 9557
9559 9563
9563 17290
9566 7695
9566 13673
9566 22276
9569 19730
9571 9551
9575 24282
9577 24282
9579 9635
9583 23707
9586 13969
9589 22276
9590 18449
9593 11948
9599 18619
9600 1584
9600 12242
9602 20424
9604 21786
9610 9363
9610 19421
9615 9614
9616 18438
9617 2266
9621 18619
9630 5364
9633 9543
9635 20892
9638 7981
9641 1971
9643 9644
9645 23707
9647 6735
9649 9644
9652 15483
9654 6139
9659 9670
9665 441
9665 24518
9666 4638
9672 496
9672 5544
9672 8921
9674 11751
9675 24169
9677 23039
9682 9645
9689 12900
9690 21823
9695 9308
9695 9405
9701 24252
9703 24448
9706 11819
9712 9717
9714 25
9724 13181
9727 16186
9728 19736
9730 13969
9734 23235
9735 16892
9736 2467
9736 14232
9736 18602
9736 24147
9736 24282
9738 9647
9743 21954
9749 24226
9754 269
9754 11469
9754 15360
9754 19087
9757 9753
9764 6986
9767 6986
9773 20355
9779 4150
9779 7670
9780 9353
9787 9783
9790 24226
9793 17675
9794 11469
9801 18619
9804 1899
9809 13181
9810 24252
9817 9333
9818 9177
9819 9177
9824 9810
9831 24286
9835 22283
9836 934
9842 252
9842 701
9842 929
9842 3113
9842 3725
9842 6124
9842 8813
9842 12242
9842 19901
9842 24518
9842 24550
9960 2046
9960 7193
10121 1318
10121 9663
10121 19901
10121 21881
10168 22513
10227 9690
10259 11955
10307 13518
10307 15237
10325 623
10566 9760
10566 19946
10811 252
10900 14920
10997 40
11076 2794
11076 8773
11077 19730
11077 24682
11148 9704
11152 22276
11163 19149
11313 6049
11313 10259
11313 15229
11313 17675
11313 19730
11313 21884
11406 19149
11460 20285
11503 7921
11503 9431
11536 471
11536 548
11536 701
11536 1013
11536 1907
11536 2819
11536 3874
11536 5499
11536 5519
11536 6124
11536 7107
11536 7476
11536 7942
11536 7981
11536 8009
11536 8288
11536 8773
11536 9092
11536 9398
11536 9548
11536 9607
11536 9665
11536 9704
11536 9783
11536 9843
11536 13141
11536 14361
11536 18602
11536 20992
11536 21881
11536 22276
11536 23921
11577 5152
11579 255
11579 309
11579 15896
11657 9587
11684 21702
11698 6010
11698 9592
11698 14691
11700 642
11700 6098
11700 7743
11700 10900
11700 14387
11700 23921
11715 8857
11751 4242
11756 19871
11817 14713
11819 3168
11819 8935
11819 9586
11819 9607
11819 22283
11840 7921
11861 6049
11861 11313
11861 15229
11861 19736
11861 22341
11872 13786
11899 6489
12025 662
12025 6283
12025 8513
12025 13518
12053 13141
12135 1934
12135 2209
12135 9275
12135 9488
12135 9698
12135 9703
12135 9715
12135 9826
12135 9841
12135 11536
12135 13441
12135 16581
12135 18574
12135 18919
12135 22283
12135 22745
12242 287
12242 728
12242 929
12242 2416
12242 4407
12242 8550
12242 8577
12242 8996
12242 9025
12242 9395
12242 9650
12242 11700
12242 24365
12375 12725
12510 1384
12519 231
12539 13786
12670 1842
12670 5140
12670 9431
12670 9625
12670 9652
12670 13518
12670 19105
12670 21240
12670 24313
12720 12242
12774 6489
12789 8392
12870 7888
12870 22513
12894 5311
12900 320
12900 2583
12900 2811
12900 3192
12900 3227
12900 5892
12900 6314
12900 6522
12900 6975
12900 7514
12900 7921
12900 8067
12900 8632
12900 9338
12900 9384
12900 9653
12900 9728
12977 8996
13027 21817
13065 24252
13103 8935
13181 285
13181 814
13181 2416
13181 4756
13181 5892
13181 6314
13181 6735
13181 8067
13181 8577
13181 9092
13181 13786
13181 13969
13191 6666
13196 2811
13270 21434
13336 9380
13337 9777
13343 14142
13370 155
13370 2005
13370 5499
13370 8743
13370 18202
13370 22276
13370 24128
13383 3528
13383 4925
13383 18689
13383 24451
13466 24518
13518 364
13518 3943
13518 9685
13518 9803
13518 15237
13518 16613
13518 24657
13535 9539
13604 7759
13604 9540
13604 9543
13604 21058
13684 1137
13684 5938
13684 7759
13684 9544
13684 9557
13684 13518
13694 2134
13694 4242
13694 8632
13694 13969
13786 309
13786 386
13786 554
13786 2014
13786 2819
13786 4976
13786 6638
13786 6937
13786 8577
13786 9257
13786 9341
13786 9692
13786 12242
13786 14888
13786 16867
13786 20285
13786 20817
13969 533
13969 2794
13969 4567
13969 5892
13969 6027
13969 6192
13969 7751
13969 8632
13969 8808
13969 8857
13969 8872
13969 9465
13969 9488
13969 9686
13969 9721
13969 11722
13969 13141
13969 14034
13969 15688
13969 21927
13969 24301
14010 8421
14010 9633
14147 18689
14221 9177
14224 1740
14224 1899
14224 2819
14224 5757
14224 8813
14224 9092
14224 19946
14295 9555
14295 24722
14333 9744
14361 3698
14361 8321
14361 9581
14361 16186
14361 22276
14371 7514
14371 11715
14387 255
14387 1585
14387 6666
14414 11313
14414 21881
14595 4242
14595 5892
14595 6522
14595 8507
14595 9570
14595 9578
14595 9653
14595 24313
14713 9057
14805 9057
14806 2104
14888 4976
14888 6098
14888 6167
14888 7680
14888 16018
14888 16867
14920 701
14920 737
14920 1013
14920 1333
14920 2361
14920 2628
14920 2837
14920 3777
14920 5092
14920 7116
14920 7627
14920 8281
14920 8550
14920 9239
14920 9405
14920 9540
14920 9542
14920 9543
14920 9551
14920 9556
14920 9574
14920 9703
14920 9842
14920 17262
14920 18602
15057 6124
15057 7840
15229 6049
15251 9532
15251 21336
15282 6010
15332 5633
15332 8996
15361 726
15382 3101
15382 7338
15382 18619
15382 24313
15406 9777
15450 929
15450 1899
15450 1951
15450 3988
15450 9341
15450 11077
15450 22513
15472 24675
15614 9689
15688 1658
15688 1676
15688 1899
15688 6522
15688 7905
15688 8209
15688 9092
15688 9774
15688 15602
15688 16892
15688 16900
15688 18547
15688 21699
15688 24722
15755 20355
15755 21881
15841 6124
15940 7759
15940 8690
16018 3271
16018 5178
16018 8852
16018 8939
16018 8996
16018 9057
16018 9395
16018 12539
16018 13118
16018 13786
16018 16867
16018 21884
16057 9676
16186 9488
16186 9781
16323 1633
16336 6557
16513 21872
16581 9239
16581 13141
16609 14034
16613 5140
16613 24313
16742 804
16759 9807
16859 7905
16880 9557
16880 9574
16892 19140
16892 22265
16904 9587
16904 22075
16998 24393
17058 441
17058 5345
17058 6124
17058 9373
17058 9574
17058 9644
17058 14361
17058 23039
17066 6634
17066 9662
17097 21089
17157 554
17157 2629
17157 8346
17157 9395
17157 9785
17157 16018
17157 20817
17283 17066
17290 2700
17292 2083
17292 2497
17292 11747
17292 18431
17292 23630
17292 23914
17293 8803
17338 3725
17338 17472
17338 24250
17576 7905
17675 9092
17675 15229
17675 20285
17706 662
17809 5345
17830 7759
17830 14034
17830 21699
17830 24675
17880 24393
17950 9177
17950 9696
18056 2831
18056 6489
18056 7516
18056 11313
18056 20285
18056 23927
18169 434
18169 876
18169 1215
18169 8773
18169 8996
18169 9395
18169 9543
18169 9571
18169 9578
18169 9687
18169 16282
18169 24127
18323 554
18323 7843
18396 4965
18401 9467
18401 24169
18438 1384
18449 11700
18547 8342
18568 24128
18574 554
18574 2886
18574 3130
18574 4664
18574 4920
18574 5092
18574 6879
18574 8225
18574 9022
18574 9349
18574 9488
18574 12242
18574 20817
18574 22598
18574 24365
18602 857
18602 8722
18602 9092
18602 9727
18602 9758
18602 14361
18602 23254
18619 2091
18619 2158
18619 3457
18619 4965
18619 5311
18619 7116
18619 8577
18619 8897
18619 9540
18619 9543
18619 9699
18619 9741
18619 9826
18619 14920
18619 18396
18619 18917
18619 18919
18619 19149
18619 21954
18619 22718
18619 23956
18619 24568
18689 2361
18689 2416
18689 2872
18689 5993
18689 6629
18689 6986
18689 7747
18689 9100
18689 9356
18689 9487
18689 9493
18689 9543
18689 9568
18689 9702
18689 11700
18689 13604
18689 19149
18689 23389
18689 24150
18689 24393
18764 1899
18764 7209
18764 8342
18764 9566
18764 9740
18764 10259
18764 19087
18917 530
18917 8577
18917 9784
18940 1740
18940 9275
18940 10259
18940 11313
19059 8996
19059 9057
19059 16282
19059 19028
19087 19871
19293 13969
19355 5892
19406 6483
19421 1865
19426 3733
19426 9683
19426 12572
19426 22807
19438 285
19438 2794
19438 9574
19438 9753
19438 18574
19439 24033
19446 6811
19454 2497
19454 11469
19498 2413
19554 3172
19554 9586
19554 20892
19685 929
19730 533
19730 1221
19730 1633
19730 4066
19730 9647
19730 9745
19730 9759
19730 13694
19730 19149
19730 22513
19730 23389
19730 24710
19736 1551
19736 5660
19736 5757
19736 13604
19736 20904
19736 22341
19736 22513
19736 24313
19742 9356
19802 1907
19870 9093
19870 14034
19871 986
19871 7893
19871 9074
19871 10259
19871 24518
19901 376
19901 1585
19901 1859
19901 2361
19901 2424
19901 4439
19901 5447
19901 5517
19901 6033
19901 7055
19901 7957
19901 9092
19901 9093
19901 9365
19901 9497
19901 9538
19901 9542
19901 9700
19901 9725
19901 9758
19901 12242
19901 12789
19901 13786
19901 14467
19901 14583
19901 16742
19901 17290
19901 18323
19901 18574
19901 20817
19901 22598
19901 24365
19915 533
19915 11725
19915 19870
19946 19087
19946 19871
20058 9152
20242 8102
20242 9692
20285 548
20285 2094
20285 6522
20285 6589
20285 6773
20285 7209
20285 9431
20285 10259
20285 11313
20285 12670
20285 15688
20285 21634
20355 17801
20355 20893
20355 23912
20355 24226
20387 5140
20387 9527
20387 9560
20387 9689
20387 9694
20424 4849
20424 5311
20424 8102
20424 9092
20424 13270
20429 5544
20512 193
20512 8342
20512 9592
20512 9637
20512 9680
20512 16282
20798 14920
20817 255
20817 287
20817 386
20817 395
20817 434
20817 644
20817 929
20817 2349
20817 2628
20817 2629
20817 3098
20817 5178
20817 5485
20817 5615
20817 6879
20817 9395
20817 9519
20817 9731
20817 9842
20817 12242
20817 17892
20817 18034
20817 22598
20884 6198
20884 11929
20886 7193
20992 22276
21079 22718
21089 9275
21110 1899
21110 2819
21110 9547
21110 9744
21233 929
21233 7759
21240 1740
21240 3555
21240 7921
21240 8572
21240 9813
21336 830
21336 1137
21336 1346
21336 1633
21336 1899
21336 2629
21336 2794
21336 3172
21336 4578
21336 5485
21336 5801
21336 8346
21336 8996
21336 9731
21336 9755
21336 19730
21336 19736
21336 21434
21336 23320
21356 503
21402 5485
21434 5677
21434 7680
21699 231
21699 255
21699 1899
21699 3172
21699 3452
21699 3777
21699 3988
21699 4870
21699 5072
21699 5092
21699 5418
21699 6124
21699 6666
21699 6975
21699 7759
21699 7957
21699 8577
21699 9092
21699 9357
21699 9405
21699 9497
21699 9519
21699 9540
21699 9565
21699 9618
21699 9662
21699 9680
21699 9687
21699 9791
21699 9805
21699 9826
21699 9842
21699 13191
21699 17262
21699 19554
21786 596
21786 3101
21786 3227
21786 9111
21786 21881
21786 22283
21817 22882
21876 9629
21911 9623
21954 255
21954 1313
21954 2416
21954 3101
21954 4242
21954 8415
21954 9341
21954 9635
21954 9680
21954 9748
21954 21881
21954 24393
22075 8342
22075 8935
22075 9676
22075 24393
22134 934
22134 7921
22134 8829
22276 2467
22276 3452
22276 4242
22276 6773
22276 7055
22276 7743
22276 8321
22276 9177
22276 9712
22276 10811
22276 11579
22276 12572
22276 18919
22276 24238
22276 24518
22283 87
22283 2819
22283 2831
22283 7751
22283 9607
22283 9643
22283 9672
22283 24293
22315 9132
22341 1221
22341 8808
22341 9561
22341 21434
22341 24710
22452 3528
22452 5887
22452 6638
22452 24393
22513 1971
22513 4794
22513 5311
22513 9683
22513 9723
22513 14109
22513 21434
22513 21881
22521 2361
22587 21919
22592 9712
22592 23707
22598 9785
22598 16018
22598 17892
22598 18919
22708 17801
22882 8969
22882 9568
22962 9616
23163 24282
23235 6817
23320 7209
23348 255
23348 1971
23348 2583
23348 2819
23348 3172
23348 6124
23348 8816
23348 9540
23348 9640
23348 9650
23348 12242
23348 24033
23360 5345
23360 8207
23424 2416
23455 2266
23473 7778
23535 386
23535 434
23535 996
23535 1887
23535 2629
23535 2730
23535 8277
23535 9022
23535 9025
23535 14656
23535 21899
23535 24460
23707 9636
23707 23320
23707 24568
23896 662
23914 386
23914 644
23921 9683
23933 255
23935 8921
23946 1842
23946 9092
23946 24313
23956 4444
23956 9636
23956 23707
24033 7116
24033 9043
24033 18449
24037 8773
24108 2061
24108 3336
24132 5120
24133 9469
24150 1133
24150 5993
24206 7981
24226 1403
24226 2261
24226 3192
24226 3874
24226 8288
24226 9022
24226 9342
24226 9637
24226 9696
24226 9736
24226 9752
24226 24033
24226 24169
24250 13786
24250 24150
24252 255
24252 1907
24252 1935
24252 2416
24252 2819
24252 5308
24252 5409
24252 5418
24252 6098
24252 7410
24252 7476
24252 8005
24252 8155
24252 8813
24252 8921
24252 9092
24252 9100
24252 9191
24252 9538
24252 9540
24252 9542
24252 9563
24252 9824
24252 9827
24252 13518
24252 13574
24252 19999
24252 22075
24252 24518
24259 5677
24301 6027
24313 24492
24322 1749
24365 376
24365 22598
24368 24451
24386 9132
24393 6986
24393 9562
24451 2048
24451 4556
24451 16892
24460 1842
24460 2361
24460 4208
24460 7656
24460 9797
24460 12670
24460 24313
24474 9288
24492 8773
24492 9175
24518 441
24518 14361
24518 20992
24518 24707
24555 5140
24568 4685
24568 7627
24568 9111
24568 9671
24568 9712
24570 6557
24579 11488
24579 14034
24591 7751
24591 9643
24657 15181
24682 44
24682 4879
24682 7905
24682 8572
24682 17576
24707 1013
24707 9835
24707 22283
24710 1221
24710 6314
24710 10168
24710 14109
24710 22513
24734 5345
20 2831
20 3113
20 3986
20 12135
44 5397
44 5544
44 7797
44 9224
44 9813
44 9857
44 10044
44 10047
44 14595
44 15116
44 24451
115 2384
115 2959
115 4482
115 8996
115 9921
115 10040
115 10171
115 11955
115 16488
115 22208
115 24154
119 2384
119 4794
124 9905
125 4242
125 7410
141 6773
149 9551
155 14805
162 12634
198 21876
198 24404
213 5805
215 1676
223 9384
230 10791
231 1934
231 2053
231 2959
231 5371
231 6192
231 6937
231 7338
231 8632
231 9088
231 9363
231 9405
231 9967
231 9993
231 9994
231 10068
231 10149
231 10177
231 11955
231 19946
237 10070
252 2053
252 6124
252 9165
252 10075
252 10082
252 12078
252 13337
252 19149
252 23434
252 24282
255 503
255 623
255 830
255 8232
255 9736
255 9849
255 9917
255 9933
255 9935
255 10043
255 10147
255 14969
255 20021
260 8245
271 10113
280 8787
285 8540
285 9113
285 10177
287 193
287 5801
287 6202
287 9549
287 10031
287 10076
287 10100
287 10102
287 10113
287 10133
287 21528
320 194
320 399
320 968
320 7266
320 7759
320 8421
320 9674
320 9873
320 9877
320 9923
331 9539
348 596
348 4683
348 9961
348 9983
348 10076
348 10162
348 13996
349 1842
349 4567
358 4567
358 21079
386 572
386 642
386 1676
386 1887
386 1899
386 2104
386 2497
386 3049
386 3620
386 3874
386 4196
386 4242
386 5519
386 6098
386 6545
386 8232
386 9985
386 10091
386 10259
386 11460
386 15275
386 16892
386 18619
386 19901
386 21800
394 2497
394 5660
394 5953
395 644
412 5616
412 6124
412 9872
412 10075
412 19149
451 2622
451 5489
451 19871
454 9932
460 10087
465 6773
465 21881
476 6917
503 9405
530 3425
540 12539
540 18698
546 16581
546 24252
563 3099
563 4607
563 6666
572 3874
572 9384
572 9497
572 10018
572 10034
572 11657
572 22438
573 4920
596 673
596 4407
596 5340
596 7759
596 9275
596 9808
596 9914
596 9961
596 13996
600 1105
600 9005
600 9553
601 2748
601 10055
623 9026
623 9736
623 9877
623 9957
623 18602
630 4690
640 10126
642 5446
642 7266
642 10046
644 17695
666 7309
673 3192
686 6937
686 9540
701 966
701 4795
701 6002
701 7579
701 9877
701 9927
701 9932
701 16186
701 19871
726 4547
726 5033
726 7266
726 9963
726 10004
726 10031
726 10032
726 10051
726 24275
737 24531
764 8996
782 533
800 10171
804 287
804 16488
810 1639
810 20284
830 115
830 119
830 524
830 1242
830 1346
830 3101
830 4406
830 4572
830 5311
830 5862
830 7326
830 8005
830 8232
830 9660
830 10054
830 10162
830 12415
830 16488
830 19424
830 20021
830 20517
833 2384
833 8232
833 20284
866 3101
873 7811
873 7857
876 6098
876 9057
876 9549
876 9774
876 15450
876 22438
878 4121
878 4439
895 16900
906 9943
929 1887
929 3428
929 4242
929 4343
929 4439
929 4920
929 5178
929 6773
929 6937
929 8664
929 9057
929 9538
929 9736
929 9962
929 10029
929 13684
929 16018
929 18689
929 22990
929 23235
929 24531
935 6230
935 7289
935 14713
935 24275
968 9467
984 10179
1013 546
1013 5409
1013 8232
1013 9088
1013 9355
1013 16581
1013 24393
1013 24413
1018 4126
1018 10148
1018 22438
1079 347
1079 24282
1084 22466
1097 929
1097 2086
1097 4196
1100 12670
1105 1658
1105 3823
1105 4274
1105 4399
1105 5446
1105 5867
1105 7874
1105 8245
1105 8874
1105 8996
1105 9092
1105 9549
1105 9938
1105 9946
1105 9947
1105 9968
1105 10038
1105 10056
1105 10068
1105 10088
1105 10102
1105 10105
1105 10125
1105 12473
1105 13786
1105 18034
1105 19149
1105 21954
1105 23235
1110 7921
1110 10811
1116 9895
1116 9897
1116 10129
1116 24354
1116 24573
1133 2328
1137 115
1137 119
1137 4094
1137 4794
1137 5645
1137 6049
1137 6125
1137 6202
1137 7097
1137 7326
1137 7849
1137 8852
1137 8996
1137 9660
1137 11698
1137 16047
1137 18689
1137 20242
1137 21699
1140 8935
1168 2248
1168 8996
1168 22075
1221 2959
1221 7209
1221 9966
1221 10027
1221 16018
1230 18698
1244 10117
1244 10127
1244 20817
1312 9860
1312 9918
1312 10116
1312 20638
1317 16864
1318 22276
1346 24537
1369 6497
1383 6027
1401 2014
1403 6125
1403 9564
1403 9892
1403 24320
1407 1899
1409 5686
1409 14224
1409 19465
1430 20
1430 320
1430 502
1430 573
1430 1913
1430 2025
1430 3039
1430 3101
1430 4200
1430 4439
1430 5229
1430 8232
1430 9848
1430 9859
1430 9914
1430 9922
1430 9933
1430 9978
1430 10142
1430 14583
1430 16488
1430 23235
1495 320
1495 9356
1520 6735
1520 13969
1520 20721
1538 2842
1538 7074
1538 8789
1538 10064
1538 16488
1547 1137
1547 5345
1547 6125
1582 929
1582 21786
1632 8935
1632 9259
1632 9808
1632 10121
1632 11881
1632 18169
1632 20884
1632 22513
1633 5892
1639 6356
1639 6937
1658 2497
1658 4242
1658 7022
1658 7668
1658 9669
1658 9751
1658 9863
1658 9878
1658 10065
1658 10104
1658 11159
1658 12670
1658 18689
1667 9845
1676 9363
1676 13684
1692 8232
1734 2953
1740 386
1740 3415
1740 8232
1740 9742
1740 9904
1740 19432
1741 2134
1741 2194
1741 5892
1741 8321
1741 11684
1741 12848
1780 3049
1780 7116
1780 9930
1780 10007
1780 11899
1781 7720
1784 7990
1788 9405
1816 8753
1842 3172
1842 4242
1842 4920
1842 6917
1842 7656
1842 13518
1842 15406
1842 19301
1842 21110
1842 24492
1846 476
1846 1067
1846 1842
1846 3049
1846 3203
1846 3620
1846 4094
1846 5409
1846 5888
1846 8935
1846 9405
1846 10007
1846 10148
1846 13969
1846 24545
1861 7326
1899 5079
1899 7921
1899 8232
1899 9878
1899 10126
1899 12977
1899 18869
1899 23389
1901 1842
1913 6124
1921 6773
1921 9819
1949 13431
1951 320
1951 2091
1951 5530
1951 6124
1951 6356
1951 8005
1951 8010
1951 9207
1951 9810
1951 10160
1951 24266
1952 4439
2014 979
2014 5660
2014 5776
2014 9405
2014 13027
2014 20285
2014 24469
2034 14595
2048 9850
2048 9859
2086 4607
2104 198
2104 2328
2104 2416
2104 8921
2104 10082
2104 15450
2104 18602
2125 10121
2134 502
2134 2474
2134 2497
2134 2872
2134 4411
2134 4885
2134 6917
2134 7811
2134 8321
2134 8421
2134 8505
2134 8556
2134 9026
2134 9974
2134 9975
2134 9989
2134 10027
2134 10045
2134 10046
2134 10061
2134 10074
2134 10096
2134 12848
2194 476
2194 1137
2194 1221
2194 1639
2194 1658
2194 1676
2194 3620
2194 4439
2194 5658
2194 5892
2194 5993
2194 6202
2194 6937
2194 7097
2194 7209
2194 7554
2194 8232
2194 8305
2194 8879
2194 9025
2194 9405
2194 9669
2194 9853
2194 9858
2194 9859
2194 9907
2194 9992
2194 10014
2194 10070
2194 10103
2194 10120
2194 15450
2194 16018
2194 19181
2194 20355
2194 20721
2194 23235
2194 24226
2197 476
2197 572
2197 3049
2197 3192
2197 3620
2197 6157
2197 6735
2197 7442
2197 8421
2197 8842
2197 9975
2197 10139
2197 18034
2197 24451
2225 496
2225 12670
2225 24570
2238 19138
2242 671
2242 9175
2242 9540
2242 10002
2242 12473
2242 13969
2242 14195
2242 15361
2242 21584
2281 6773
2281 10083
2329 3130
2329 9827
2349 9937
2361 2748
2361 3055
2361 3192
2361 6227
2361 8321
2361 9120
2361 9959
2361 10045
2361 10096
2361 13337
2361 24463
2384 553
2384 2953
2384 4794
2384 4844
2384 5660
2384 5805
2384 7682
2384 10791
2384 11698
2384 12090
2384 14295
2384 17675
2384 22341
2384 23894
2387 1639
2387 5658
2392 115
2392 5598
2392 5946
2392 10040
2392 10114
2392 21786
2411 563
2411 2125
2411 6773
2411 9639
2411 18689
2411 24176
2413 3192
2413 3415
2413 6192
2413 8047
2413 9175
2413 9405
2413 9847
2413 10002
2413 23235
2416 19438
2424 7811
2442 9897
2474 8421
2487 149
2487 1780
2487 3049
2487 3172
2487 4683
2487 4735
2487 5159
2487 5892
2487 6773
2487 7857
2487 8871
2487 8935
2487 9175
2487 9639
2487 9859
2487 9983
2487 9994
2487 9996
2487 10042
2487 19876
2487 22513
2497 2328
2497 2953
2497 4160
2497 4406
2497 5140
2497 6125
2497 6937
2497 7292
2497 7811
2497 8321
2497 8993
2497 9405
2497 9738
2497 10007
2497 10045
2497 10174
2497 11698
2497 22513
2497 23389
2508 9459
2508 22438
2514 1901
2583 9941
2583 13684
2592 814
2592 4920
2592 5446
2592 5677
2592 7022
2592 8288
2592 8421
2592 9355
2592 9405
2592 9940
2592 9963
2592 22265
2592 24393
2599 11669
2622 9873
2629 5677
2629 9859
2700 17675
2700 18602
2713 496
2713 9175
2730 255
2748 8415
2748 9975
2748 10096
2748 23389
2750 3452
2811 3415
2831 8232
2842 6497
2864 10099
2872 5892
2872 9405
2939 10148
2953 194
2953 7648
2953 23894
2953 24161
2959 8842
2962 4407
2997 3415
2997 8289
2997 10177
3023 9833
3049 3425
3049 4121
3049 6735
3049 9983
3049 10114
3049 11422
3055 3714
3055 9405
3055 10139
3055 23458
3067 8305
3067 9239
3067 11680
3101 3452
3101 6666
3101 6937
3101 8996
3101 9549
3101 13270
3101 15450
3101 16018
3101 19730
3101 20021
3111 11926
3113 3702
3113 8311
3113 9239
3113 9848
3113 9873
3113 10811
3113 10900
3143 6124
3143 10043
3168 2194
3168 6124
3168 24707
3172 728
3172 2086
3172 3874
3172 4920
3172 5152
3172 5229
3172 5530
3172 6901
3172 7309
3172 8032
3172 8118
3172 8935
3172 8996
3172 9405
3172 9871
3172 9992
3172 9996
3172 10082
3172 10098
3172 10343
3172 11722
3172 15450
3172 16775
3172 18401
3172 19328
3172 24410
3192 13379
3203 8232
3203 10010
3227 1842
3227 9026
3227 9888
3227 10156
3227 20242
3255 21699
3288 9877
3405 14067
3415 5855
3415 9363
3415 13969
3415 15688
3439 9275
3439 13424
3452 7326
3506 17332
3528 1401
3555 13518
3620 8047
3620 9858
3620 9975
3651 13103
3705 24537
3709 24320
3757 10138
3760 9356
3760 9939
3760 14238
3760 16898
3782 8232
3824 6773
3834 934
3834 7410
3843 4215
3843 7797
3843 9837
3843 10016
3843 10020
3843 11657
3843 11955
3843 12834
3843 13800
3843 21079
3843 24428
3874 623
3874 9940
3944 13336
3951 6937
3986 8288
3988 4196
4015 9088
4021 10028
4036 13336
4094 5147
4094 22513
4121 2467
4121 5746
4121 6247
4121 9980
4121 9985
4121 10166
4121 13553
4121 16488
4121 24152
4126 10148
4158 386
4158 1409
4158 2225
4158 7303
4158 8232
4196 6557
4196 11460
4196 13204
4196 24252
4217 454
4242 358
4242 3610
4242 3874
4242 4150
4242 4158
4242 6049
4242 6098
4242 6124
4242 6790
4242 6917
4242 7410
4242 7797
4242 8232
4242 8289
4242 8773
4242 8935
4242 8993
4242 9736
4242 9875
4242 9978
4242 10121
4242 15406
4242 15688
4242 22438
4242 23434
4242 24737
4255 814
4255 6613
4255 9923
4274 7849
4274 9007
4275 9833
4280 4439
4331 1520
4331 6528
4331 6735
4331 9239
4331 9997
4331 15714
4331 17475
4331 20721
4343 3874
4343 9953
4343 18602
4343 20638
4343 21336
4343 23235
4350 21985
4353 4242
4406 2104
4406 8852
4406 16018
4407 9914
4408 764
4411 9660
4440 701
4440 5171
4440 5489
4440 6937
4440 9872
4459 8107
4459 9941
4482 8664
4482 8996
4547 2962
4547 14232
4567 6098
4567 7754
4567 8310
4567 8464
4567 9922
4567 9998
4567 10019
4567 10110
4567 14221
4567 14969
4567 15714
4567 20594
4567 20638
4607 3452
4607 6937
4607 10141
4607 10150
4607 16864
4607 19181
4638 1842
4683 9983
4685 255
4685 6104
4685 8421
4685 8874
4685 9405
4685 10060
4685 10082
4685 10113
4685 10900
4685 24266
4712 18602
4719 3227
4719 9933
4719 9937
4719 10018
4719 10171
4719 15688
4719 21881
4735 5888
4735 9960
4735 21881
4781 2207
4781 6758
4781 7116
4781 10024
4781 10060
4781 10141
4788 22513
4794 4788
4802 20638
4829 7682
4829 9405
4844 12977
4844 13786
4844 19730
4879 9841
4879 11077
4885 14414
4920 276
4920 395
4920 503
4920 630
4920 2025
4920 2307
4920 3130
4920 3591
4920 4242
4920 4439
4920 5325
4920 6773
4920 6901
4920 8346
4920 8879
4920 9538
4920 9539
4920 9739
4920 9827
4920 9969
4920 10014
4920 10134
4920 10166
4920 10173
4920 14583
4920 15450
4920 17695
4920 18034
4920 18689
4920 22265
4920 24531
4928 21800
4966 10105
4989 14238
5127 9918
5143 15187
5152 3425
5152 3657
5152 4160
5152 6937
5152 7921
5152 9844
5152 11698
5152 11722
5152 12900
5152 13184
5152 15450
5152 19328
5159 13969
5171 5189
5178 503
5178 2487
5178 6773
5178 6937
5178 6960
5178 9873
5178 9962
5178 10029
5178 10176
5178 10343
5261 8436
5261 9914
5261 9949
5261 15237
5261 19901
5261 21911
5282 9175
5282 9900
5282 10104
5282 13989
5284 9978
5284 22466
5311 502
5311 1401
5311 4683
5311 5155
5311 5776
5311 8816
5311 9405
5311 9756
5311 9894
5311 9913
5311 9927
5311 10132
5311 10136
5311 10152
5311 15638
5311 17262
5311 19149
5311 23389
5311 23434
5325 11872
5325 13786
5326 20721
5340 7759
5345 285
5345 524
5345 601
5345 1221
5345 1668
5345 1901
5345 3172
5345 7682
5345 8996
5345 22217
5364 20
5397 8436
5409 6773
5409 8794
5409 9677
5409 10042
5409 11926
5409 15450
5409 15638
5409 24176
5409 24393
5411 1846
5411 6735
5449 4439
5477 764
5519 2361
5519 3620
5519 7116
5519 8232
5519 8321
5519 9538
5519 9736
5519 9957
5519 9974
5519 10162
5519 11159
5519 21786
5534 115
5534 6528
5534 8900
5534 11715
5534 24393
5544 9886
5616 3874
5616 9872
5616 22276
5616 24266
5625 5397
5625 6806
5639 2318
5639 7990
5639 8421
5639 9405
5639 9954
5639 19901
5639 21699
5645 9878
5645 10034
5651 10017
5658 950
5658 1318
5658 2591
5658 6735
5658 9901
5658 22276
5658 24579
5660 830
5660 1221
5660 1401
5660 4844
5660 8939
5660 8996
5660 9057
5660 9738
5660 11698
5660 16018
5660 22341
5660 22513
5677 5776
5677 6937
5677 8421
5677 9949
5677 11422
5677 12539
5692 4547
5692 23348
5702 9454
5711 23235
5746 10173
5753 4885
5753 7759
5753 8232
5753 8421
5753 16067
5762 4242
5762 6098
5793 8232
5795 10123
5801 2497
5801 4920
5801 8092
5801 8436
5801 9177
5801 10117
5801 18602
5801 19149
5805 22708
5808 9405
5819 8232
5866 17290
5891 9113
5946 358
5946 394
5946 1221
5946 2197
5946 3049
5946 5325
5946 5867
5946 6124
5946 6666
5946 6735
5946 7442
5946 8321
5946 8421
5946 9175
5946 9363
5946 9551
5946 9847
5946 9930
5946 9974
5946 9983
5946 10007
5946 10043
5946 10114
5946 10175
5946 11422
5946 11698
5946 14304
5946 17332
5946 18602
5946 18689
5946 19876
5946 20512
5993 1401
6002 16186
6039 16348
6047 2318
6047 4150
6047 6629
6047 7670
6047 9405
6047 10064
6047 10084
6047 10158
6047 17262
6047 24266
6049 3428
6049 7410
6049 9007
6087 13191
6113 20534
6121 14905
6124 5032
6124 8421
6124 9428
6124 9679
6124 23434
6125 1996
6150 10126
6157 21739
6227 18602
6247 8364
6247 8821
6247 10054
6247 10113
6247 10129
6258 19886
6310 11790
6318 15116
6413 8232
6442 6937
6485 5325
6485 10034
6497 7811
6505 115
6505 7292
6528 9993
6528 11955
6528 24226
6528 24393
6531 8842
6531 24579
6557 4567
6557 7387
6557 8232
6557 8828
6557 9875
6557 9898
6557 9978
6557 9998
6557 10082
6557 10177
6557 21699
6589 8232
6589 9859
6598 1547
6598 9910
6632 10148
6666 6247
6666 7990
6666 8364
6666 9979
6666 10042
6666 15450
6681 21786
6704 8321
6735 358
6735 1639
6735 1846
6735 3415
6735 3620
6735 4567
6735 5159
6735 5661
6735 6192
6735 6917
6735 7759
6735 9405
6735 9847
6735 9967
6735 10068
6735 10139
6735 11955
6735 13969
6735 20893
6735 24393
6769 9848
6773 503
6773 9880
6773 9997
6773 10163
6773 24409
6811 9970
6815 1409
6836 22592
6845 8232
6845 9405
6845 10079
6845 13684
6850 19730
6917 16613
6917 24737
6937 872
6937 4402
6937 9540
6937 9992
6937 11700
6937 12539
6937 13694
6937 14656
6944 3172
6955 545
6955 601
6955 13270
6955 17067
6955 19266
6960 23062
6961 276
6961 9519
6961 11698
6961 19149
6961 23615
7012 9754
7022 8288
7022 10018
7074 8005
7107 9029
7107 9268
7116 6629
7116 9363
7123 6124
7129 9849
7129 9899
7142 7778
7152 7682
7186 502
7186 1951
7186 9914
7186 9952
7186 10051
7186 10149
7239 11361
7266 9165
7266 21985
7289 9232
7289 21985
7326 18401
7336 9957
7395 6192
7410 1899
7410 5504
7410 5867
7410 10118
7442 5598
7442 10010
7514 623
7516 7720
7529 1401
7630 252
7630 503
7630 1632
7630 7648
7648 198
7648 230
7648 810
7648 2104
7648 6124
7648 8175
7648 9239
7648 9259
7648 18689
7648 20721
7656 10125
7664 10123
7680 5677
7680 5776
7680 6937
7682 12900
7682 13969
7682 20242
7683 11698
7720 167
7720 600
7720 1282
7720 1658
7720 1949
7720 6049
7720 6662
7720 8209
7720 9459
7720 9751
7720 9800
7720 11503
7720 24393
7743 4680
7743 8436
7743 9821
7743 10010
7743 10032
7751 2194
7754 9555
7759 2091
7759 2318
7759 4795
7759 5489
7759 7186
7759 7292
7759 8232
7759 8239
7759 8321
7759 9275
7759 9405
7759 9836
7759 9870
7759 9907
7759 9963
7759 10046
7759 10055
7759 10084
7759 10149
7778 252
7778 726
7778 2864
7778 4547
7778 5310
7778 6038
7778 9405
7778 9866
7778 10099
7778 10129
7778 10131
7797 11503
7798 9405
7798 9989
7811 8421
7888 1215
7888 9759
7893 2592
7894 10156
7894 17293
7894 24451
7905 19730
7921 533
7921 14595
7921 24451
7990 1584
7990 3255
7990 4982
7990 7486
7990 9405
7990 13786
7990 18602
7990 18919
8005 3957
8005 5127
8005 5311
8005 6666
8005 8295
8005 8421
8005 9543
8005 10086
8005 18684
8005 19181
8005 20512
8005 22276
8102 2091
8102 5311
8102 6124
8102 9984
8102 15406
8107 9883
8127 9984
8155 24531
8175 44
8202 24579
8208 10059
8209 6662
8209 10259
8232 1409
8232 5695
8232 9859
8232 9860
8232 9869
8232 11579
8232 16892
8232 21800
8232 24451
8252 10138
8274 5892
8284 12198
8284 20285
8295 9356
8295 9895
8297 6666
8297 9022
8297 9954
8297 11700
8305 9738
8305 18689
8311 20
8364 9165
8369 10014
8369 10054
8369 10077
8369 10088
8403 4920
8403 9539
8415 10063
8421 5155
8421 5310
8421 6612
8421 6937
8421 8664
8421 9405
8421 9447
8421 9822
8421 9878
8421 9927
8421 9954
8421 9975
8421 9985
8421 10043
8421 10045
8421 10121
8421 12848
8421 14387
8421 20534
8421 23389
8436 358
8436 1904
8436 4920
8436 6505
8436 8232
8436 9355
8436 9881
8436 9904
8436 9998
8436 10127
8436 10163
8436 14969
8436 15237
8436 15714
8436 18602
8452 1312
8540 14195
8611 9232
8657 5409
8664 255
8664 4123
8664 6773
8664 10095
8664 11130
8664 14806
8664 16282
8672 16581
8681 9853
8705 194
8705 10147
8705 12629
8787 8930
8816 9239
8816 9882
8842 3172
8842 22208
8842 24154
8842 24734
8874 358
8874 10043
8874 15450
8885 546
8895 9405
8895 9549
8895 9871
8921 9933
8921 10010
8921 10032
8930 10038
8930 17066
8930 17946
8930 20817
8935 4196
8935 5159
8935 6593
8935 8013
8935 9875
8935 9978
8935 9988
8935 9996
8935 10075
8935 12519
8935 22513
8939 9057
8966 358
8966 4242
8966 4399
8966 8232
8966 8632
8966 8662
8966 9800
8966 10133
8966 10135
8966 13431
8966 22466
8966 22708
8969 5311
8984 567
8984 8232
8984 9092
8984 11579
8993 3415
8993 9025
8993 18056
8995 2104
8996 252
8996 600
8996 1658
8996 2086
8996 4215
8996 4567
8996 5310
8996 6098
8996 6773
8996 7022
8996 7097
8996 7326
8996 7890
8996 8032
8996 9025
8996 9259
8996 9459
8996 9774
8996 9849
8996 9878
8996 9886
8996 9888
8996 9920
8996 9923
8996 9933
8996 10018
8996 10023
8996 11700
8996 11722
8996 12090
8996 13204
8996 14414
8996 15450
8996 15688
8996 17299
8996 18689
8996 20021
8996 20242
8996 21110
8996 21954
8996 22438
9005 9363
9005 15940
9011 3944
9025 3172
9025 4242
9025 5325
9025 7326
9025 7923
9025 10019
9025 10113
9025 11700
9025 13786
9025 18689
9026 2254
9026 10307
9057 1013
9057 1921
9057 2053
9057 2349
9057 2497
9057 2953
9057 3657
9057 3874
9057 3951
9057 5152
9057 5325
9057 5409
9057 6937
9057 6995
9057 7668
9057 8232
9057 8364
9057 9859
9057 9923
9057 9962
9057 9986
9057 10034
9057 10113
9057 10791
9057 12539
9057 13181
9057 13184
9057 13270
9057 14961
9057 17675
9057 19730
9057 22276
9093 9363
9093 14595
9093 20285
9100 6937
9100 8821
9120 8047
9120 10997
9151 2184
9177 7266
9177 8611
9177 9165
9177 9232
9177 10075
9177 10119
9177 18602
9177 23926
9185 906
9185 3452
9185 4439
9185 5310
9185 8147
9185 9738
9185 16488
9185 23235
9232 6010
9232 6937
9232 9158
9232 9939
9232 10025
9239 20
9239 1842
9239 3172
9239 6773
9239 7754
9239 9275
9239 9859
9239 9898
9239 9989
9239 10077
9239 10106
9239 10791
9239 12900
9239 14969
9239 18169
9239 24226
9251 9026
9251 10156
9251 16102
9268 11680
9275 3203
9275 7014
9275 9892
9275 24409
9325 14414
9349 9092
9349 9986
9363 1842
9363 2034
9363 2318
9363 2602
9363 4215
9363 4879
9363 5519
9363 6124
9363 6790
9363 6806
9363 7797
9363 9088
9363 10052
9363 10077
9363 10088
9363 10103
9363 10125
9363 11669
9363 13684
9363 14595
9363 20893
9363 24428
9377 4928
9384 44
9384 252
9384 358
9384 929
9384 4242
9384 6049
9384 6505
9384 6528
9384 6773
9384 7852
9384 8232
9384 8773
9384 9092
9384 9871
9384 9875
9384 9946
9384 9962
9384 10019
9384 10037
9384 11955
9384 13969
9384 21336
9384 23472
9384 24313
9384 24393
9392 15450
9392 24226
9405 8232
9405 8821
9405 9002
9405 10862
9405 16018
9405 19159
9413 22276
9434 1846
9434 4242
9434 6049
9434 6505
9434 7387
9434 7852
9434 11955
9447 5892
9447 18917
9450 7921
9450 8632
9450 9384
9519 1137
9519 5325
9519 8232
9519 16067
9519 17880
9519 18689
9539 2194
9539 9873
9540 6773
9540 8591
9540 11700
9540 20512
9540 24675
9540 24718
9543 9831
9544 764
9544 2959
9544 6917
9544 7387
9544 7852
9544 9751
9544 9865
9544 9889
9544 10018
9544 13694
9544 19172
9544 24393
9553 115
9553 6619
9553 10104
9553 13065
9555 1409
9555 4242
9555 4331
9555 4567
9555 6557
9555 6773
9555 6790
9555 9950
9555 9978
9555 15714
9555 23926
9639 255
9641 2194
9641 6773
9679 4795
9679 10113
9724 6961
9724 19149
9733 9879
9736 348
9736 399
9736 1312
9736 3874
9736 9025
9736 9845
9736 9957
9736 10026
9736 10119
9736 10162
9736 13271
9736 14969
9736 23235
9736 24518
9742 13518
9744 11725
9794 8232
9812 5345
9819 6773
9824 6773
9833 24531
9842 141
9842 2416
9842 6773
9842 21110
9842 24393
9848 10811
9852 5539
9859 6961
9859 9092
9859 9873
9859 13574
9859 19149
9859 24226
9864 9092
9865 1846
9865 6049
9865 7395
9865 7852
9865 13969
9869 13518
9885 21868
9887 11926
9888 9886
9889 1899
9890 9958
9899 19138
9911 1015
9912 13204
9914 662
9914 6656
9914 8147
9914 16581
9919 255
9928 15391
9933 13969
9938 5661
9939 10094
9942 16018
9944 5079
9947 929
9951 9952
9953 11727
9955 6285
9957 22276
9957 23235
9962 4242
9965 21786
9969 6285
9972 441
9973 19178
9977 7670
9981 15237
9983 4343
9983 24275
9983 24404
9985 9405
9991 22513
9995 2682
10001 11955
10003 14969
10015 4920
10018 804
10023 13684
10024 1015
10027 10079
10034 21336
10035 14920
10035 21786
10041 14976
10042 9405
10042 16488
10043 11680
10048 13027
10050 4021
10050 10027
10052 24492
10058 24226
10066 13969
10067 10080
10072 14805
10075 15057
10078 285
10082 23348
10085 13196
10101 9025
10107 5480
10112 15848
10113 19730
10117 18602
10119 24518
10120 13684
10121 3874
10121 4154
10121 7921
10121 9405
10121 9923
10121 13574
10121 22513
10128 7332
10131 10129
10132 23389
10134 18602
10138 18401
10142 6038
10143 13673
10145 18602
10146 4749
10147 3484
10154 10150
10155 11130
10174 24442
10180 7874
10182 8921
10259 13518
10259 13786
10292 3113
10292 6124
10292 9985
10566 9092
10811 399
10811 9903
10811 9923
10811 10031
10811 10086
10811 18602
10844 15187
11076 10056
11076 20893
11361 4683
11361 13431
11405 21690
11406 4406
11406 5819
11503 4196
11503 4242
11503 8662
11503 9224
11503 10018
11503 14355
11503 16900
11503 22438
11536 502
11536 1403
11536 2086
11536 4343
11536 6773
11536 9848
11536 9861
11536 22536
11579 9092
11657 1842
11657 19172
11657 22438
11680 20
11680 3702
11680 4567
11680 4685
11680 6124
11680 6270
11680 6790
11680 7514
11680 8874
11680 9405
11680 9892
11680 9922
11680 9940
11680 10086
11680 10142
11680 11157
11680 20355
11680 22598
11684 8321
11698 8773
11698 13684
11698 16018
11698 24393
11700 1351
11700 8364
11700 9207
11700 9980
11700 18169
11715 21699
11725 3415
11756 5867
11790 1318
11817 8996
11819 1639
11819 5888
11819 5946
11819 6157
11819 7209
11819 8310
11819 19876
11868 8232
11899 4160
11899 4406
11967 22513
12025 642
12025 929
12025 4795
12025 10051
12135 320
12135 546
12135 1318
12135 6270
12135 6773
12135 8421
12135 9859
12135 9860
12135 9940
12135 10019
12135 10026
12135 10082
12135 10145
12135 10167
12135 14224
12135 14969
12135 22276
12135 24033
12135 24176
12198 7921
12242 6773
12242 7292
12242 9962
12242 21110
12358 9224
12358 9921
12375 10034
12539 929
12539 5155
12539 9072
12539 13270
12539 18056
12539 23085
12658 21919
12670 3944
12670 7106
12670 7720
12670 11361
12670 14595
12720 3591
12789 3101
12789 24365
12870 1221
12870 4794
12894 6937
12894 7759
12900 572
12900 3415
12900 4242
12900 6773
12900 8821
12900 8921
12900 9405
12900 9738
12900 9871
12900 9886
12900 9933
12900 10082
12900 13518
12900 15638
12900 21954
13003 3823
13027 2361
13027 9447
13027 11680
13027 23389
13065 40
13065 10040
13066 8852
13066 13786
13099 10175
13103 9930
13141 4242
13181 5819
13181 9871
13181 18689
13184 14888
13191 7369
13191 11698
13196 5397
13196 10140
13196 24451
13204 1658
13204 5176
13204 10259
13204 21800
13270 4683
13270 5155
13270 8821
13270 10042
13270 17262
13270 17675
13270 20512
13270 21699
13370 10164
13379 7309
13424 18602
13431 11130
13518 8107
13518 9863
13518 13204
13518 24313
13574 5345
13673 20
13684 533
13684 3428
13684 6049
13684 9857
13684 9896
13684 19886
13684 24451
13694 9953
13694 13019
13786 193
13786 630
13786 4406
13786 5340
13786 6662
13786 7369
13786 7811
13786 8107
13786 9057
13786 9405
13786 9910
13786 9929
13786 10030
13786 10086
13786 10087
13786 10100
13786 10102
13786 10116
13786 11698
13786 15196
13786 15450
13786 23929
13800 9198
13810 671
13845 10791
13929 8232
13969 1676
13969 5600
13969 6531
13969 6917
13969 7547
13969 7852
13969 8289
13969 8842
13969 8993
13969 9363
13969 9774
13969 9881
13969 9891
13969 10139
13969 12198
13969 12900
13969 14401
13969 19915
13969 20038
13969 20512
13969 22208
13969 24313
13969 24393
13969 24734
13989 7946
14054 14401
14142 5140
14142 10174
14221 21699
14224 44
14224 3610
14224 20638
14295 7797
14295 8232
14295 9916
14355 1949
14355 22438
14387 503
14387 9405
14401 19149
14414 4406
14469 8107
14500 9269
14595 1781
14595 6049
14595 8107
14595 9934
14595 10047
14595 10052
14595 10065
14595 10088
14595 10170
14713 18056
14805 5140
14805 12473
14806 44
14806 10044
14806 22513
14835 6773
14888 5152
14888 6937
14888 7720
14888 9751
14888 13066
14888 18056
14920 2425
14920 3874
14920 4121
14920 4439
14920 5891
14920 6937
14920 7289
14920 7539
14920 8239
14920 8509
14920 8664
14920 8821
14920 9185
14920 9538
14920 9850
14920 10072
14920 10107
14920 10113
14920 10131
14920 10791
14920 16488
14920 23235
14920 24226
14920 24393
15057 2953
15057 3874
15057 4502
15057 5616
15057 9926
15116 10044
15116 11657
15161 8935
15181 369
15229 4928
15229 10114
15229 11422
15229 11698
15229 12977
15251 4794
15251 5953
15259 6917
15277 1842
15277 6806
15277 8209
15277 9857
15361 10002
15361 24428
15406 4928
15406 7656
15406 9864
15406 9913
15406 10043
15406 10174
15406 15116
15447 10113
15450 5229
15450 5518
15450 9025
15450 12090
15450 18689
15450 20242
15450 24531
15570 9539
15688 3874
15688 4094
15688 4928
15688 7682
15714 6557
15714 17840
15935 9950
16018 13066
16018 15450
16018 19730
16018 20021
16067 8232
16163 1842
16163 9275
16163 22276
16186 503
16186 8505
16186 8871
16186 9120
16186 9674
16377 6049
16377 10140
16581 1904
16581 2416
16581 6124
16581 6545
16581 6773
16581 6790
16581 8935
16581 9355
16581 9854
16581 9944
16581 9978
16581 10075
16581 12519
16581 19901
16581 23926
16581 24275
16581 24393
16601 19730
16601 21690
16609 364
16613 8632
16613 10140
16613 24451
16742 18619
16775 5325
16775 7326
16859 6049
16859 15406
16859 21800
16880 8421
16880 9985
16897 546
16897 8232
16976 4735
17058 20
17058 2831
17058 19802
17076 2250
17157 287
17157 4920
17290 3702
17290 9363
17293 4928
17299 4242
17299 20242
17300 9751
17300 13204
17332 24451
17338 8232
17338 8464
17349 5409
17675 2134
17675 3874
17675 4094
17675 6937
17675 8232
17675 9349
17675 9975
17675 10113
17675 18602
17675 18917
17706 3702
17706 4795
17706 8232
17706 9914
17706 10039
17742 15057
17809 9899
17830 4639
17830 5946
17830 8289
17830 10019
17830 21913
18005 9910
18034 503
18034 9165
18034 10025
18056 6937
18056 8107
18056 10065
18056 21913
18138 1430
18385 6937
18385 13786
18385 20285
18401 54
18401 503
18401 966
18401 9025
18401 9239
18401 10011
18401 24670
18420 9363
18420 11657
18449 6773
18449 7874
18449 9047
18449 9898
18472 3080
18515 4154
18574 9092
18574 9519
18574 9539
18574 9827
18574 10107
18602 4607
18602 7266
18602 8794
18602 9810
18602 9822
18602 9903
18602 9959
18602 10103
18602 11684
18602 14976
18602 17332
18602 23235
18602 24518
18619 3055
18619 6773
18619 7185
18619 9859
18619 9877
18619 9894
18619 10035
18619 15450
18619 18689
18619 24226
18689 287
18689 3055
18689 5776
18689 5892
18689 6773
18689 6937
18689 7292
18689 9949
18689 18169
18689 19861
18689 20534
18689 23434
18689 24354
18689 24451
18764 9923
18917 386
18917 3049
18917 4788
19059 1137
19059 7326
19059 23235
19105 23389
19138 726
19138 4738
19138 10064
19149 1951
19172 764
19172 7224
19172 9812
19328 1382
19328 2239
19328 4844
19328 6098
19328 6811
19328 9057
19328 9405
19328 9549
19328 10111
19328 22341
19328 24537
19379 10002
19421 7648
19438 1409
19438 1842
19438 4567
19438 5867
19438 8232
19438 8935
19438 9950
19438 10019
19438 10037
19438 10148
19438 14969
19438 20242
19438 20893
19454 24156
19554 4242
19554 5600
19554 10038
19554 10126
19554 13969
19554 14401
19554 18056
19683 5519
19683 19730
19730 115
19730 1846
19730 3874
19730 5616
19730 5658
19730 8996
19730 10018
19730 11698
19730 13969
19730 16488
19730 18034
19730 18619
19730 20021
19730 21786
19730 22225
19730 24537
19861 610
19861 8232
19870 13103
19870 24393
19871 231
19901 929
19901 3874
19901 4920
19901 6773
19901 6937
19901 9384
19901 13553
19901 18619
19901 22603
19901 24320
19915 5535
19915 5660
19938 18056
19946 10177
20242 1949
20242 2384
20242 3564
20242 4094
20242 5079
20242 6937
20242 7326
20242 11698
20242 22513
20285 1401
20285 1842
20285 4242
20285 5660
20285 6937
20285 8993
20285 9564
20285 9844
20285 17584
20285 19181
20285 19946
20355 1842
20355 3049
20355 5658
20355 7442
20355 9175
20355 9497
20355 9871
20355 10019
20355 14905
20355 22598
20387 6937
20387 10027
20387 10113
20424 4683
20429 358
20512 4683
20512 6125
20512 14147
20638 6270
20638 9872
20638 23434
20721 24722
20803 2811
20817 503
20817 878
20817 3130
20817 5746
20817 6545
20817 8232
20817 9539
20817 10102
20817 10107
20817 14583
20817 17695
20817 18619
20817 18689
20817 21786
21079 1639
21079 12834
21110 320
21110 1632
21110 3988
21110 4125
21110 4639
21110 5711
21110 6773
21110 6937
21110 6955
21110 8664
21110 9259
21110 9543
21110 10082
21110 19421
21110 21876
21240 6549
21240 7668
21240 9857
21240 10148
21240 16900
21336 4242
21336 4406
21336 6027
21336 7921
21336 8232
21336 9026
21336 9539
21336 10111
21336 15450
21336 15688
21336 20817
21336 23348
21336 24537
21356 18034
21584 10002
21584 10042
21699 1904
21699 2842
21699 4280
21699 4439
21699 4794
21699 6125
21699 6356
21699 6773
21699 7266
21699 8005
21699 8013
21699 8047
21699 8289
21699 9641
21699 9859
21699 9931
21699 9954
21699 9975
21699 10011
21699 10019
21699 10038
21699 10042
21699 10064
21699 10071
21699 10113
21699 10119
21699 10141
21699 10164
21699 15361
21699 24252
21699 24393
21699 24573
21739 149
21786 287
21786 546
21786 601
21786 3874
21786 5616
21786 6010
21786 6133
21786 8232
21786 9057
21786 9356
21786 9805
21786 9975
21786 11868
21786 14805
21786 19149
21786 23929
21800 252
21800 8632
21800 10018
21800 10047
21800 16892
21800 21240
21800 22438
21872 10151
21876 5711
21899 9497
21899 10054
21911 9872
21911 9959
21911 10031
21913 4406
21913 9941
21913 10100
21954 1901
21954 7326
21954 8436
21954 9239
21954 9946
21954 10167
21985 3702
22134 12198
22134 15406
22160 4928
22160 15406
22208 9865
22276 502
22276 814
22276 1403
22276 3874
22276 4343
22276 5032
22276 5446
22276 8288
22276 9275
22276 9349
22276 9848
22276 9914
22276 9918
22276 9940
22276 9951
22276 10011
22276 19181
22283 4683
22283 8935
22315 23389
22341 10111
22341 11569
22373 6002
22412 9739
22412 10167
22452 6505
22452 9756
22452 14387
22452 15450
22513 308
22513 833
22513 1401
22513 1658
22513 4215
22513 4439
22513 9405
22513 10071
22513 10136
22513 11698
22513 16018
22513 19328
22513 24154
22536 16608
22598 503
22598 644
22598 3591
22598 5325
22598 6937
22598 8879
22598 10102
22598 10343
22598 14583
22598 17695
22598 18034
22708 1676
22708 6124
22708 8147
22708 9925
22708 10152
22807 9923
22882 6047
22882 9895
22882 9985
22882 20292
23085 9072
23130 9988
23235 194
23235 265
23235 454
23235 2416
23235 2831
23235 3192
23235 3428
23235 4160
23235 4439
23235 5449
23235 6874
23235 7116
23235 8311
23235 8421
23235 8821
23235 8874
23235 9285
23235 9497
23235 9538
23235 9979
23235 10043
23235 10068
23235 11698
23235 15594
23235 16488
23235 18034
23235 18719
23235 23511
23272 22276
23298 8540
23348 4885
23348 7923
23348 8288
23348 9758
23348 9789
23348 9903
23348 10026
23348 10900
23348 18169
23348 18401
23348 19181
23473 2864
23535 929
23535 2207
23535 2307
23535 6773
23535 9268
23535 24393
23707 9914
23921 10164
23921 18401
23929 3874
23929 6773
23946 4735
23946 8305
23966 9104
24033 7265
24033 7923
24033 24675
24132 5488
24132 7489
24132 9605
24132 13358
24133 252
24133 5489
24133 6666
24133 10997
24142 7141
24150 7338
24150 10043
24156 2184
24167 5866
24167 9869
24167 17338
24174 5178
24176 6773
24191 6124
24224 9467
24226 287
24226 348
24226 4343
24226 6613
24226 6773
24226 7266
24226 8005
24226 9269
24226 10076
24226 10081
24226 10167
24226 10900
24226 18602
24226 19181
24226 21528
24226 24282
24233 17300
24252 20
24252 503
24252 929
24252 1934
24252 2104
24252 3101
24252 3334
24252 3428
24252 3452
24252 3702
24252 4567
24252 4794
24252 5257
24252 5446
24252 5960
24252 6038
24252 6124
24252 6125
24252 6139
24252 6545
24252 6557
24252 6666
24252 6773
24252 6811
24252 6937
24252 7352
24252 8232
24252 8321
24252 8540
24252 9239
24252 9268
24252 9315
24252 9384
24252 9641
24252 9808
24252 9848
24252 9850
24252 9859
24252 9922
24252 9923
24252 9944
24252 9978
24252 9982
24252 9986
24252 10019
24252 10038
24252 10040
24252 10043
24252 10082
24252 10086
24252 10113
24252 10137
24252 10142
24252 10177
24252 11698
24252 12365
24252 12539
24252 13989
24252 15450
24252 17290
24252 18619
24252 18689
24252 20355
24252 22598
24252 23348
24252 24313
24252 24393
24266 4042
24310 1384
24310 2416
24322 6049
24365 630
24365 2207
24365 3130
24393 167
24393 1084
24393 1899
24393 4196
24393 4920
24393 6049
24393 6192
24393 6773
24393 7410
24393 8118
24393 8346
24393 10126
24393 14969
24393 15450
24393 23472
24393 24579
24442 2497
24442 8871
24442 10141
24451 476
24451 533
24451 2225
24451 2602
24451 3506
24451 7656
24451 10178
24451 21800
24460 358
24460 1658
24460 4242
24460 10019
24460 12198
24460 24167
24474 9026
24479 7116
24492 9916
24492 9933
24492 14595
24518 9914
24526 4274
24530 15661
24530 18689
24530 21786
24531 8232
24555 13518
24555 15406
24568 9639
24568 12078
24568 15450
24570 6806
24570 8773
24573 8787
24579 386
24579 8682
24579 10253
24584 14414
24591 255
24682 2034
24682 10088
24707 673
24707 6270
24707 6593
24707 24573
24710 7648
24734 320
24734 3172
24734 5535
24734 6049
1 275
1 800
1 1137
1 1547
1 5633
1 9256
21 1582
44 5311
44 6049
44 6282
44 6285
44 6806
44 6917
44 9941
44 10190
44 10198
44 10264
44 10331
44 10368
44 10493
44 16892
44 21240
44 24492
49 6592
49 13196
54 8421
97 1949
115 1947
115 3452
115 5660
115 10445
115 15450
115 16900
115 22513
130 4242
155 23912
156 2455
156 8935
172 7203
172 9191
194 10226
201 9177
201 9713
213 3271
213 9268
213 20021
230 6773
230 10120
231 1013
231 1312
231 1899
231 2440
231 2679
231 3620
231 4370
231 5517
231 5690
231 6961
231 7682
231 8289
231 9319
231 10428
231 10430
231 13211
231 13518
231 13786
231 24393
252 8504
252 8753
252 10290
252 10495
255 3667
255 4537
255 5311
255 24161
269 8581
269 13141
271 10506
271 11405
271 14835
271 15450
271 21690
285 7878
285 8289
285 9853
287 44
287 1658
287 4920
287 5682
287 6662
287 7811
287 8484
287 9360
287 10197
287 10255
287 10300
287 10311
287 10389
287 10393
287 10463
287 10479
287 15410
287 19888
287 20893
287 22598
320 5428
320 10196
320 10231
320 10344
320 14882
343 8944
344 10396
344 18169
348 10360
348 10535
348 18602
349 44
349 10368
349 13196
386 231
386 287
386 1105
386 3610
386 5615
386 6036
386 8047
386 8984
386 9005
386 9774
386 9860
386 10006
386 10234
386 10238
386 10311
386 10352
386 12900
386 13673
386 21954
394 4844
401 6937
412 8464
412 8504
412 11929
417 2980
438 10430
438 19439
454 40
454 386
454 830
454 2497
454 4406
454 5178
454 8858
454 9561
454 18005
454 21336
540 1281
560 2416
572 8252
596 662
596 2318
596 5960
596 6124
596 10226
596 10290
596 10310
596 10367
596 10478
596 10535
596 16513
596 20355
597 8984
600 6838
623 1430
623 4502
623 6053
623 7619
623 9025
623 9929
623 10225
623 10262
623 10441
623 10490
623 11149
623 11929
623 13141
623 13337
623 13756
623 22283
623 24409
640 10259
640 18056
644 20916
673 4547
684 386
701 471
701 1318
701 4937
701 7001
701 8858
701 9609
701 10444
701 10462
701 10475
701 10515
701 10539
701 15814
701 21878
701 21911
726 9924
726 24393
737 10196
753 1741
753 2134
753 6735
776 4242
776 24108
782 7292
800 9256
810 18955
830 386
830 4439
830 6598
830 7305
830 7648
830 8939
830 9157
830 9268
830 9853
830 10047
830 10104
830 10157
830 10241
830 10390
830 13270
830 13786
866 7759
876 1137
876 5660
876 8939
876 9573
876 14888
876 16018
876 16900
876 17276
878 4920
878 6247
878 9025
878 10508
895 7720
906 10284
907 8421
929 223
929 830
929 5519
929 8944
929 9191
929 9733
929 10047
929 10185
929 11872
929 14888
929 14920
929 16560
929 21336
929 24173
929 24393
934 5311
934 15688
935 10229
935 10319
935 10348
935 10364
935 10367
935 10528
946 10234
1001 2361
1013 5371
1013 10148
1013 10224
1013 10286
1013 10311
1013 10414
1013 24342
1018 5686
1018 10499
1018 14224
1105 753
1105 1137
1105 1899
1105 2104
1105 4621
1105 4717
1105 7759
1105 7878
1105 8353
1105 8656
1105 8759
1105 9239
1105 9405
1105 9963
1105 9970
1105 10291
1105 10347
1105 10363
1105 10392
1105 10487
1105 17801
1105 24161
1105 24215
1116 4113
1116 9984
1116 10405
1137 287
1137 1001
1137 1312
1137 1949
1137 4343
1137 4844
1137 4928
1137 5633
1137 9057
1137 9256
1137 9360
1137 12588
1137 15688
1137 17050
1140 2419
1140 5159
1140 10195
1158 471
1158 6937
1194 22598
1221 7727
1221 8858
1221 10050
1221 10264
1221 10278
1221 14189
1230 22598
1235 2736
1244 7923
1244 10313
1244 10428
1244 10450
1244 15360
1244 19915
1244 24313
1264 49
1281 14806
1312 1318
1312 10532
1312 21089
1312 22276
1313 8434
1316 8421
1317 10441
1346 4406
1346 5660
1346 9268
1346 21634
1377 9384
1377 10487
1384 866
1403 2018
1403 6528
1403 8815
1403 10191
1403 10219
1403 10231
1403 10254
1403 10324
1403 10354
1403 10369
1403 10495
1403 10530
1407 2831
1409 16336
1409 17843
1430 172
1430 2679
1430 5311
1430 6960
1430 7459
1430 8944
1430 10246
1430 10251
1430 10281
1430 10338
1430 10340
1459 6575
1486 240
1486 441
1495 701
1495 6666
1495 7326
1495 9791
1520 280
1520 10040
1520 11149
1538 471
1538 6497
1538 9791
1538 10217
1538 10531
1538 10544
1547 13191
1551 800
1551 1037
1551 1157
1551 8664
1551 9256
1582 24173
1632 3452
1639 4607
1639 9405
1658 10335
1658 10389
1658 10409
1658 10482
1658 16182
1667 2497
1667 19946
1692 4731
1692 5311
1692 7175
1692 7338
1728 1291
1740 1
1740 49
1740 1448
1740 7794
1740 9005
1740 9239
1740 9356
1740 10412
1740 10456
1740 10484
1740 10492
1740 10526
1740 11722
1740 13673
1740 15406
1740 16909
1740 17051
1741 255
1741 386
1741 4029
1741 5519
1741 6139
1741 6547
1741 6735
1741 7682
1741 7727
1741 7811
1741 8421
1741 8891
1741 9306
1741 9405
1741 10132
1741 10347
1741 10387
1741 10398
1741 10431
1741 10449
1741 10475
1741 10496
1741 14595
1741 16892
1741 18390
1741 18440
1741 19915
1741 21457
1780 4450
1788 10539
1822 5686
1842 5311
1842 7123
1846 231
1846 271
1846 386
1846 2134
1846 2387
1846 2953
1846 8657
1846 8858
1846 10287
1846 10342
1846 10489
1846 14142
1846 14387
1846 15450
1846 19437
1846 19946
1846 20355
1846 20440
1861 929
1861 7770
1861 24173
1888 9549
1899 2592
1899 4242
1899 6852
1901 4537
1913 10138
1921 7759
1947 8921
1949 9356
1949 10347
1949 16900
1949 21634
1951 2158
1951 3113
1951 5106
1951 5364
1951 7001
1951 8442
1951 9177
1951 10008
1951 10196
1951 10324
1951 10381
1951 10387
1951 10446
1951 12320
1951 15814
1951 19915
1951 24284
1951 24568
1952 9549
2038 10187
2065 24161
2091 12135
2104 1038
2104 5311
2104 8939
2104 10167
2104 10352
2104 14387
2104 24226
2134 59
2134 1105
2134 3055
2134 4029
2134 4683
2134 5776
2134 5808
2134 6053
2134 6282
2134 6735
2134 8344
2134 9829
2134 10120
2134 10152
2134 10332
2134 10407
2134 10497
2134 10523
2153 8858
2158 8935
2158 24710
2194 2104
2194 2497
2194 5311
2194 5682
2194 9224
2194 10333
2194 11725
2194 14211
2194 19888
2194 22598
2197 2497
2197 3172
2197 4735
2197 5519
2197 6762
2197 6975
2197 9842
2197 10036
2197 10111
2197 10410
2197 10485
2197 14414
2197 23912
2220 1015
2225 8436
2225 24722
2233 14387
2239 929
2239 10264
2242 20512
2281 9392
2281 9957
2281 10249
2281 10379
2324 5995
2324 8361
2361 8421
2361 10318
2384 4406
2384 6421
2384 8788
2384 10208
2384 10380
2384 13191
2384 13270
2384 14414
2384 19736
2384 24161
2387 1947
2387 5400
2387 8288
2387 8656
2387 8921
2387 10294
2387 10356
2387 10377
2387 10387
2387 12236
2387 13969
2387 14386
2387 18602
2392 2591
2392 6735
2392 8288
2411 10395
2411 20907
2413 1235
2413 5519
2413 6167
2413 9242
2413 9540
2413 9834
2413 10202
2413 10217
2413 10294
2413 10313
2413 10352
2413 15450
2413 23912
2413 24393
2413 24707
2424 5887
2455 6027
2467 5508
2484 10062
2487 4920
2487 6247
2487 6735
2487 8134
2487 8858
2487 9833
2487 10202
2487 10266
2487 10352
2487 10364
2487 10490
2487 10530
2487 15450
2487 16893
2487 20355
2497 275
2497 907
2497 1221
2497 3055
2497 3301
2497 4094
2497 6331
2497 7759
2497 8344
2497 8421
2497 8650
2497 8657
2497 8858
2497 8944
2497 9306
2497 9677
2497 10027
2497 10132
2497 10217
2497 10238
2497 10273
2497 10278
2497 10317
2497 10342
2497 10380
2497 10389
2497 10441
2497 11817
2497 18440
2497 19946
2499 280
2499 5127
2499 10374
2508 3610
2508 10419
2508 11722
2508 12670
2508 21634
2508 24313
2583 2158
2591 9405
2592 642
2592 1913
2592 4141
2592 4832
2592 5658
2592 6356
2592 7258
2592 8102
2592 8939
2592 9057
2592 9177
2592 9239
2592 9497
2592 10340
2592 10478
2592 10493
2592 11929
2592 21240
2592 24707
2594 11076
2594 21911
2599 10221
2629 24173
2633 1312
2655 3452
2700 4343
2700 10082
2736 5310
2736 10319
2748 3395
2748 5776
2748 10477
2748 10500
2748 12432
2748 14414
2797 4844
2831 673
2831 5657
2831 10394
2864 10337
2886 10440
2939 6937
2948 7442
2953 117
2953 4255
2953 5658
2953 8442
2953 8504
2953 13181
2953 16182
2966 269
2997 231
2997 1899
2997 2594
2997 5159
2997 6638
2997 6735
2997 6885
2997 6937
2997 12933
3023 10416
3035 7878
3035 13459
3049 8421
3049 10111
3049 14142
3049 19946
3055 9924
3096 21110
3101 929
3101 1888
3101 8858
3101 9733
3101 17157
3101 21110
3101 22598
3113 2540
3113 3101
3113 5690
3113 8442
3113 8464
3113 8504
3113 8935
3113 9772
3113 10167
3113 10225
3113 10246
3113 10288
3113 10300
3113 10322
3113 10349
3113 10350
3113 10360
3113 10392
3113 10544
3113 12123
3143 24498
3153 6937
3168 10375
3172 287
3172 4121
3172 5523
3172 5658
3172 5682
3172 6247
3172 8858
3172 9242
3172 10100
3172 10273
3172 10306
3172 10317
3172 10410
3172 24252
3203 21881
3227 9256
3227 10052
3227 12670
3256 22513
3288 10479
3301 10229
3302 7816
3302 9878
3379 7213
3425 4450
3425 8657
3425 10441
3425 10533
3425 24480
3439 7826
3452 4121
3452 4567
3452 6549
3452 8421
3452 10296
3452 11680
3452 14221
3452 19901
3468 8289
3506 1221
3523 4639
3528 7811
3620 10269
3662 20355
3679 21336
3757 10290
3757 10379
3760 6129
3760 6885
3760 10268
3760 10270
3771 6634
3771 10530
3824 10418
3825 8664
3825 15116
3843 10304
3843 15410
3874 8005
3874 14086
3921 5152
3982 24579
3986 10478
3986 14189
4094 6845
4121 4920
4121 5311
4121 10157
4121 10318
4121 24365
4158 8935
4158 18602
4186 9853
4187 5282
4187 18940
4191 2811
4191 17675
4196 1105
4196 3398
4196 9356
4196 9774
4234 1403
4242 1038
4242 1377
4242 1841
4242 2497
4242 3113
4242 3825
4242 4274
4242 4552
4242 5508
4242 5600
4242 6531
4242 7986
4242 8147
4242 8664
4242 8803
4242 9256
4242 9853
4242 10144
4242 10207
4242 10293
4242 10356
4242 10371
4242 10414
4242 10452
4242 10469
4242 10510
4242 10532
4242 10539
4242 10546
4242 10556
4242 11698
4242 12320
4242 12670
4242 13196
4242 14221
4242 16900
4242 17675
4242 18940
4242 20721
4242 24108
4242 24492
4255 8252
4255 9392
4255 18574
4255 24226
4280 9157
4331 10414
4343 5311
4343 5660
4343 6247
4343 6519
4343 9177
4343 10369
4343 23307
4350 5446
4360 5946
4406 5660
4407 10367
4407 10418
4407 12320
4407 18401
4407 19772
4439 10390
4439 10508
4440 1403
4440 9226
4440 9853
4440 10132
4440 10495
4440 10514
4440 13141
4440 14387
4440 22598
4442 13969
4482 287
4482 4976
4482 20355
4482 21926
4547 10224
4547 10246
4547 14920
4567 8363
4567 8944
4567 10271
4567 10377
4567 10500
4567 10532
4567 13518
4578 1504
4578 2906
4578 4976
4607 2104
4607 5127
4607 5448
4607 6186
4607 7036
4607 9242
4607 10040
4607 10161
4607 10317
4607 10349
4607 10437
4664 8944
4665 10532
4667 13211
4681 23348
4683 8871
4683 23707
4685 2413
4685 4440
4685 7459
4685 8939
4685 10463
4685 24033
4712 13337
4712 21954
4719 10052
4730 5639
4735 10207
4737 3825
4737 8935
4737 9524
4737 19882
4737 22211
4781 10304
4879 8288
4879 10047
4890 13379
4920 223
4920 596
4920 2158
4920 4641
4920 6960
4920 8944
4920 9307
4920 9549
4920 9733
4920 9853
4920 9893
4920 10194
4920 10202
4920 10240
4920 10343
4920 10346
4920 10393
4920 10440
4920 10508
4920 12789
4920 14920
4920 23630
4920 24226
4928 9356
4928 10419
4928 22469
4976 10052
4976 16377
5052 1312
5052 6519
5052 13337
5072 11488
5094 21699
5112 263
5127 1312
5127 7759
5127 10384
5152 287
5152 1137
5152 2384
5152 5660
5152 11967
5152 13786
5158 23348
5159 24342
5176 1949
5178 386
5178 2387
5178 2739
5178 4664
5178 5311
5178 5615
5178 6247
5178 9842
5178 9957
5178 10232
5178 10508
5178 10520
5178 10550
5178 16513
5178 17157
5178 18764
5178 24173
5178 24252
5178 24365
5181 7107
5189 10196
5192 8939
5261 1846
5261 10276
5261 14387
5261 14882
5282 14888
5282 20242
5284 1409
5284 14224
5304 6773
5304 8075
5304 8921
5304 8935
5304 10150
5304 10322
5304 10381
5304 16864
5304 20038
5304 21699
5311 533
5311 1137
5311 4242
5311 4360
5311 5615
5311 6282
5311 6937
5311 9306
5311 10065
5311 10241
5311 10278
5311 11929
5311 13684
5311 14387
5325 15447
5326 1741
5326 8858
5345 1038
5345 6811
5345 24393
5346 16067
5364 20638
5364 24393
5400 9772
5409 8497
5409 8650
5409 9306
5409 21954
5411 5816
5411 7213
5411 8944
5411 10278
5411 14361
5429 8421
5448 8364
5459 8018
5459 23841
5477 9256
5485 24445
5489 2467
5489 8041
5504 5867
5504 9976
5504 10371
5504 10419
5519 662
5519 907
5519 1312
5519 2158
5519 3425
5519 3667
5519 6247
5519 8815
5519 8858
5519 8944
5519 8995
5519 9306
5519 10111
5519 10203
5519 10223
5519 10258
5519 10317
5519 10441
5519 11062
5519 13099
5519 15057
5519 15450
5519 16163
5519 21336
5519 24393
5519 24451
5523 5372
5523 7947
5523 9842
5539 22882
5544 10366
5600 9363
5615 20021
5625 10221
5632 21954
5639 6351
5639 6937
5639 6961
5639 10361
5639 10385
5644 6512
5645 6218
5658 1865
5658 3627
5658 5304
5658 9239
5658 10254
5658 10375
5658 19454
5658 20638
5658 21699
5658 24226
5658 24284
5660 1001
5660 1741
5660 4191
5660 6687
5660 7682
5660 7720
5660 7727
5660 8912
5660 10380
5660 19999
5660 24710
5677 3055
5677 5856
5677 8874
5677 14361
5677 16076
5682 6598
5684 10451
5686 8935
5686 10456
5686 10499
5686 10522
5690 10507
5690 19882
5696 10499
5795 10364
5801 7036
5801 8858
5801 10060
5801 19434
5801 20292
5801 20892
5801 21192
5801 21457
5808 6282
5808 10062
5816 12135
5892 8102
5946 231
5946 907
5946 2438
5946 2594
5946 3452
5946 4029
5946 4094
5946 5400
5946 6284
5946 6937
5946 7527
5946 7759
5946 8229
5946 10111
5946 10287
5946 10372
5946 10389
5946 10408
5946 10410
5946 10432
5946 13059
5946 14414
5946 15450
5946 15688
5946 16186
5946 17092
5946 21954
5946 22513
5946 24435
5946 24737
5993 7727
6002 2361
6047 5488
6047 10217
6047 10296
6047 10336
6047 14361
6049 21800
6053 18401
6124 10216
6167 16900
6236 10261
6236 24707
6240 6747
6247 830
6247 1312
6247 2739
6247 8812
6247 8858
6247 8996
6247 10157
6247 10263
6258 6282
6278 7266
6278 10295
6282 13684
6285 24492
6310 15057
6318 5856
6318 6049
6318 10255
6369 1899
6369 5600
6369 7893
6369 7921
6369 9256
6369 10352
6369 13786
6413 2197
6442 24502
6476 10120
6480 16076
6485 4920
6485 5192
6485 8939
6512 24518
6528 10362
6531 9834
6547 9497
6547 10485
6547 24215
6549 194
6549 20355
6557 7036
6557 10340
6557 22469
6557 24180
6575 11967
6589 3301
6589 5274
6592 15688
6598 115
6598 3982
6598 8664
6598 8996
6598 10111
6598 11955
6598 15116
6660 13763
6666 9549
6666 9791
6666 10327
6666 10426
6666 10439
6666 23707
6735 1899
6735 2592
6735 2748
6735 3379
6735 6762
6735 7213
6735 7410
6735 7682
6735 8288
6735 8996
6735 9418
6735 9450
6735 10036
6735 10404
6735 13673
6735 20638
6736 10535
6736 24695
6755 3725
6773 9025
6773 23348
6836 4795
6836 10215
6836 10418
6850 4343
6869 13485
6874 10375
6874 22205
6917 2158
6917 4567
6917 8288
6917 8737
6917 9256
6917 10047
6917 13673
6917 18602
6917 24313
6934 18602
6937 8005
6937 8939
6937 10045
6937 10418
6961 5615
6961 20038
6961 20638
6975 10157
6975 10339
6975 10538
6976 7759
7001 10388
7036 16581
7038 7630
7107 10337
7123 642
7123 20889
7129 9791
7187 15688
7258 9808
7326 4242
7326 19901
7336 6634
7338 23707
7351 18689
7352 454
7410 3627
7410 10433
7410 24570
7470 8239
7470 10257
7470 10385
7514 9665
7514 10293
7516 2594
7516 10352
7527 8321
7527 10441
7579 10248
7601 560
7601 2048
7601 10215
7601 10418
7630 2540
7630 9772
7630 16909
7630 19901
7648 4242
7648 4737
7648 6549
7648 8344
7648 10555
7648 11929
7648 12473
7648 13181
7648 13810
7648 20355
7648 21881
7656 10304
7656 10477
7668 10198
7682 3395
7717 18005
7720 1
7720 4343
7720 4844
7720 6937
7720 7852
7720 8996
7720 9812
7720 13118
7720 13684
7720 14835
7720 18056
7727 19730
7727 24451
7743 10267
7743 10315
7759 255
7759 929
7759 2594
7759 4029
7759 4141
7759 4242
7759 4567
7759 8147
7759 8229
7759 8939
7759 8944
7759 9646
7759 10152
7759 10191
7759 10236
7759 10241
7759 10254
7759 10316
7759 10392
7759 10395
7759 10418
7759 10469
7759 10504
7759 12090
7759 19946
7778 662
7778 2736
7778 8364
7778 10244
7778 10319
7778 10385
7816 7759
7816 9878
7848 10955
7894 6049
7894 9356
7894 10243
7940 5600
7940 16900
7986 11657
7990 968
7990 2997
7990 3711
7990 5615
7990 6885
7990 6937
7990 7759
7990 10385
7990 10431
7990 21786
8005 2413
8005 4607
8005 6047
8005 6103
8005 6124
8005 6497
8005 8858
8005 9140
8005 9605
8005 10216
8005 10327
8005 10363
8005 10431
8005 10486
8005 16186
8006 10193
8102 9791
8102 10168
8102 10291
8102 10398
8102 10418
8102 10431
8102 10496
8102 18440
8105 1504
8127 2419
8208 3301
8228 502
8228 7459
8229 5856
8232 10210
8232 13196
8252 6452
8252 8045
8252 10515
8274 3737
8274 6852
8274 10212
8295 9140
8297 10263
8297 24174
8305 4920
8305 17342
8305 20907
8311 8743
8321 14211
8321 24490
8342 17840
8344 10008
8344 10449
8353 8102
8353 10291
8364 8374
8369 6036
8421 2053
8421 2318
8421 3528
8421 3607
8421 3715
8421 5127
8421 5776
8421 6036
8421 7106
8421 7682
8421 8344
8421 9295
8421 10008
8421 10197
8421 10254
8421 10349
8421 10428
8421 14304
8421 14361
8421 16909
8421 18602
8421 18619
8496 24498
8520 4094
8520 4844
8520 10171
8565 10273
8656 22283
8657 4126
8657 9911
8657 17297
8657 20292
8664 115
8664 1312
8664 11751
8664 17041
8664 20355
8705 9177
8707 14361
8743 6356
8802 10303
8802 11680
8813 5127
8813 8464
8821 13518
8842 21336
8874 830
8874 22276
8874 22559
8877 23348
8879 18574
8912 213
8912 19730
8921 10172
8921 10249
8921 10436
8921 21699
8921 21881
8928 9057
8930 6497
8930 9140
8933 9812
8935 2540
8935 9834
8935 9853
8935 10375
8935 10437
8935 18602
8939 19328
8944 2467
8944 3039
8944 7514
8944 11872
8944 14371
8944 16186
8944 24393
8966 7682
8966 13786
8966 17824
8984 5400
8984 10243
8984 10331
8984 10366
8984 11704
8984 12209
8984 19438
8984 20789
8984 24393
8995 10211
8995 10441
8996 287
8996 640
8996 2739
8996 4343
8996 5615
8996 7990
8996 8984
8996 9360
8996 9450
8996 10052
8996 10171
8996 10368
8996 17276
8996 17675
8996 18602
8996 21800
8996 22276
8996 22598
8996 24365
8996 24584
9005 3725
9005 11722
9011 1
9011 1846
9011 1949
9011 7878
9011 9356
9011 10428
9011 10506
9011 11076
9011 24393
9025 54
9025 1947
9025 2739
9025 4370
9025 5140
9025 8288
9025 10047
9025 10291
9025 10459
9025 13211
9025 19946
9025 21336
9050 263
9057 115
9057 2430
9057 4160
9057 4920
9057 5400
9057 6885
9057 7770
9057 8289
9057 9360
9057 9405
9057 9853
9057 10171
9057 10194
9057 10472
9057 11149
9057 11872
9057 11881
9057 20292
9057 23348
9057 24173
9057 24252
9057 24393
9067 597
9067 7894
9067 10487
9067 11722
9067 13694
9157 4439
9157 10318
9177 596
9177 3113
9177 5523
9177 8344
9177 8361
9177 8464
9177 10172
9177 10230
9177 10246
9177 10314
9177 10348
9177 10360
9177 10399
9177 10441
9177 10505
9177 10535
9177 10553
9177 11922
9177 14309
9177 18390
9177 18574
9177 21233
9177 22205
9177 24670
9177 24710
9185 6975
9185 9677
9185 10423
9185 10566
9185 24174
9191 22598
9224 21240
9239 3627
9239 10262
9239 10532
9239 10782
9239 24393
9256 14595
9261 10410
9275 10478
9295 5311
9325 8996
9325 18396
9363 1784
9363 8737
9378 20355
9384 231
9384 1018
9384 1383
9384 1899
9384 2455
9384 2467
9384 3452
9384 4442
9384 5400
9384 5523
9384 8342
9384 8442
9384 8496
9384 8759
9384 9860
9384 10239
9384 10331
9384 10355
9384 10371
9384 10409
9384 10414
9384 10479
9384 10487
9384 11922
9384 13786
9384 17824
9384 18940
9384 19946
9384 20021
9384 20721
9384 23912
9384 24365
9392 2467
9398 1235
9398 2158
9398 10144
9398 10161
9398 10255
9398 20638
9405 6139
9405 7107
9405 9935
9405 10269
9418 13969
9450 4408
9516 7720
9516 8812
9524 7619
9524 10782
9524 21881
9539 9957
9539 19149
9539 22598
9540 10348
9544 2194
9544 3620
9544 13211
9544 13337
9544 13518
9544 14295
9544 14414
9544 21913
9549 24365
9553 2748
9553 3055
9553 9191
9553 10232
9553 10269
9553 10297
9553 10477
9553 24142
9555 22675
9672 18602
9677 10533
9679 2185
9679 5127
9679 7001
9679 7601
9679 9226
9679 10215
9679 10418
9679 12320
9724 10782
9724 13337
9733 5178
9733 10338
9733 24173
9736 1063
9736 2592
9736 14882
9764 10254
9764 23085
9781 929
9814 10249
9827 3725
9833 4607
9833 9773
9833 10348
9842 2104
9842 9191
9842 10376
9842 10418
9842 13786
9842 18764
9842 21192
9853 10509
9859 20
9859 285
9859 4920
9859 5801
9859 9549
9859 13196
9859 18293
9859 19434
9859 23085
9865 10193
9893 10285
9929 10321
9960 7893
9960 10371
9970 275
9983 10138
9983 10290
10007 10108
10008 23348
10013 5086
10047 16377
10050 3395
10050 10264
10055 8229
10060 19915
10121 7759
10121 10278
10121 10291
10124 19901
10132 24445
10168 4406
10168 5409
10168 10264
10168 22341
10173 21899
10186 9100
10186 14387
10188 12242
10189 14387
10189 14882
10192 10121
10196 24445
10202 6167
10202 6773
10202 10226
10202 10233
10202 19901
10202 21739
10202 24519
10202 24639
10206 9978
10207 11819
10211 5951
10218 5931
10220 6054
10222 3468
10228 3537
10232 18034
10243 1949
10243 10438
10243 10443
10243 13786
10244 10099
10246 14920
10249 12012
10252 12720
10255 236
10259 2584
10259 21634
10265 10263
10265 20021
10273 830
10273 5867
10273 10485
10274 24402
10286 16581
10287 6823
10289 24660
10292 1013
10298 18602
10302 11911
10303 3469
10305 22452
10307 5140
10307 10249
10309 6591
10328 5488
10329 1140
10330 1140
10336 10327
10341 269
10343 6960
10343 10338
10346 5325
10355 14295
10356 13059
10357 9924
10358 24191
10359 10350
10364 23707
10365 1221
10366 11569
10366 24180
10370 10932
10373 24226
10382 9022
10385 23707
10385 24195
10387 19454
10393 22276
10396 4667
10400 12933
10403 23348
10405 13027
10408 24555
10410 1946
10410 2194
10410 7211
10410 10547
10410 15450
10410 24442
10411 24445
10414 18940
10414 19438
10420 22559
10422 24695
10429 16163
10433 19438
10440 10535
10440 24252
10441 14969
10445 21786
10447 6282
10450 2304
10451 5995
10451 10539
10451 18602
10453 635
10455 22513
10457 4343
10464 10463
10465 24224
10470 10471
10472 24026
10481 2318
10481 14583
10486 2318
10486 8464
10486 10517
10486 12320
10488 5176
10490 22283
10498 8321
10501 8944
10502 10414
10506 19438
10511 471
10512 23350
10514 23348
10523 5145
10524 13694
10525 22598
10528 9342
10531 28
10532 22276
10534 16591
10536 9207
10538 21699
10542 2467
10547 20512
10554 18574
10566 287
10566 2594
10566 6549
10566 8921
10566 10269
10566 13969
10566 20355
10566 22469
10566 24393
10811 1140
10811 2194
10811 3725
10811 4607
10811 5325
10811 9827
10811 10195
10811 10426
10811 10496
10811 11725
10811 24215
10856 3890
10856 6869
11062 13059
11076 5867
11130 533
11152 9842
11313 10243
11313 20242
11361 1038
11361 7852
11361 9224
11361 24498
11577 23307
11657 9224
11657 10190
11657 13065
11680 287
11680 560
11680 2540
11680 4607
11680 6476
11680 10398
11680 10509
11680 14882
11680 14920
11680 14976
11680 18602
11680 21192
11684 10152
11684 14976
11698 10306
11698 10322
11698 14920
11700 10240
11715 2455
11715 7619
11756 20
11756 10414
11819 2455
11819 4567
11819 5448
11819 10040
11819 10317
11819 10410
11819 20893
11840 10389
11861 10452
11861 13191
11881 10208
11904 6598
11922 10520
11922 18390
11922 24695
11967 830
11971 10350
12053 2419
12053 2679
12135 2158
12135 3113
12135 5364
12135 5639
12135 5690
12135 6129
12135 8288
12135 9853
12135 10065
12135 10195
12135 10200
12135 10262
12135 10275
12135 10303
12135 10322
12135 10350
12135 10416
12135 10462
12209 8656
12242 3101
12242 3302
12242 9405
12242 13518
12320 10385
12320 14361
12320 18401
12358 1377
12411 2053
12531 255
12634 7273
12634 24734
12670 533
12670 4215
12670 5776
12670 9941
12670 10408
12670 14806
12670 21954
12720 18574
12870 2384
12870 3271
12870 5176
12870 17050
12894 8996
12900 1403
12900 1740
12900 3737
12900 4343
12900 5690
12900 10197
12900 10249
12900 10278
12900 10304
12900 10398
12900 10811
12900 13204
12900 15406
12900 19946
12900 24313
12933 10249
12954 8321
12954 10027
12964 2134
13003 1741
13003 6036
13027 2318
13027 6282
13027 6937
13027 8102
13027 10186
13027 10284
13065 2387
13065 9100
13065 10451
13065 13099
13065 18602
13110 804
13110 4407
13110 5855
13110 10215
13110 10418
13110 12572
13118 22513
13131 2392
13181 2811
13181 14387
13181 24722
13191 5633
13191 10202
13196 2225
13196 7794
13196 10262
13196 11718
13211 21913
13214 1250
13238 255
13270 6681
13270 7720
13270 10349
13270 14888
13270 21336
13270 21884
13337 20292
13343 4406
13343 21634
13370 3113
13370 6236
13370 10261
13370 21699
13379 18602
13431 8996
13466 7266
13466 9207
13518 7727
13518 8288
13518 14595
13604 4121
13633 642
13673 7878
13684 753
13684 4920
13684 6531
13684 9224
13684 10198
13684 10243
13684 10280
13684 10368
13684 10383
13684 10545
13743 14595
13786 2594
13786 3101
13786 5143
13786 10236
13786 10265
13786 11955
13786 13184
13786 14835
13810 3271
13934 1137
13969 231
13969 280
13969 1741
13969 6186
13969 8288
13969 8921
13969 9234
13969 9834
13969 10212
13969 10356
13969 10477
13969 12933
13969 13211
13969 24498
14142 1784
14147 1221
14147 7481
14147 24246
14189 2184
14189 10062
14189 24368
14195 21194
14224 1822
14224 5686
14224 11704
14224 17843
14232 10275
14355 21800
14361 2361
14361 7326
14361 9829
14361 10372
14361 10442
14361 10486
14387 6975
14387 8944
14387 10431
14401 5690
14414 19730
14414 22341
14595 1
14595 5633
14595 10304
14595 10410
14595 11077
14595 11718
14595 16601
14595 19915
14595 20721
14805 1316
14806 7759
14806 9853
14806 10368
14888 1377
14888 9268
14888 10487
14920 1658
14920 2158
14920 3627
14920 4402
14920 5127
14920 5400
14920 8147
14920 8289
14920 8321
14920 8944
14920 9268
14920 9853
14920 10196
14920 10240
14920 10256
14920 11700
14920 21786
14920 23707
14920 24173
14976 9970
15024 8363
15057 3425
15057 5304
15057 5523
15057 7266
15057 7969
15057 13756
15229 4242
15229 7648
15229 8996
15229 19946
15282 269
15282 5995
15282 9983
15282 10341
15282 24174
15332 1312
15332 3301
15332 10047
15332 24404
15404 12789
15406 6095
15406 9641
15406 10304
15406 14691
15406 16892
15447 9191
15447 10479
15447 13141
15450 503
15472 9561
15610 11488
15688 9224
15688 10306
15688 10424
15688 10492
15688 17824
15698 4186
15814 5052
15822 13196
15888 9177
15888 21878
15935 8232
15935 9860
15935 14224
15940 5855
16047 12774
16076 2134
16076 10519
16087 10475
16102 8461
16182 2831
16182 6331
16182 24274
16186 4407
16186 12078
16336 5867
16336 9860
16377 6917
16377 7107
16377 10263
16377 10276
16377 12900
16513 24518
16581 917
16581 5159
16581 5517
16581 5960
16581 8858
16581 9853
16581 10006
16581 10275
16581 10340
16581 10476
16581 10520
16581 10532
16581 14920
16581 21233
16581 24342
16581 24365
16613 4937
16613 10331
16742 623
16859 1377
16859 4242
16859 6592
16859 16892
16867 21336
16892 3325
16892 6845
16892 15940
17051 21240
17058 7413
17058 8321
17058 24517
17157 22598
17291 24313
17299 10188
17299 22598
17312 7759
17312 8935
17333 726
17333 2679
17333 10261
17333 24393
17338 5519
17349 386
17349 14835
17576 7759
17675 386
17675 2497
17675 10047
17675 10248
17675 11698
17675 16182
17675 24710
17695 9191
17809 7459
17824 9800
17824 16591
17969 10121
18056 2514
18056 8996
18088 8984
18385 7682
18396 8803
18401 623
18401 1403
18401 5697
18401 8464
18401 9177
18401 9268
18401 10261
18401 10288
18401 10525
18438 10120
18449 348
18449 1312
18449 2027
18449 10350
18574 6
18574 929
18574 5400
18574 14920
18602 7601
18602 10245
18602 10360
18602 10399
18602 10415
18602 10441
18602 19915
18602 20355
18602 24707
18619 4141
18619 10008
18689 503
18689 1741
18689 5519
18689 6497
18689 6883
18689 8102
18689 9140
18689 9306
18689 10045
18689 10152
18689 10449
18689 16892
18689 18440
18917 9306
19087 3711
19087 9418
19087 10337
19105 386
19138 2373
19138 3627
19138 10301
19172 287
19172 7921
19172 9774
19172 17824
19266 21457
19328 14094
19379 2739
19437 3049
19438 623
19438 2467
19438 2540
19438 5284
19438 9177
19438 18602
19438 24180
19450 10229
19454 3302
19454 4242
19454 7036
19454 9025
19454 9772
19454 10185
19454 11722
19454 21786
19554 16076
19554 19915
19554 22364
19554 24161
19683 3256
19730 1
19730 386
19730 833
19730 3982
19730 5159
19730 10380
19730 10432
19730 11929
19730 13059
19730 14189
19730 18602
19736 20242
19802 6356
19802 6549
19802 10224
19871 1383
19871 3667
19871 4937
19882 10230
19901 878
19901 4641
19901 5304
19901 5448
19901 6512
19901 8228
19901 9191
19901 9539
19901 9957
19901 10232
19901 10297
19901 10402
19901 10431
19901 20259
19901 22283
19901 24226
19915 1913
19915 5284
19915 10347
19915 14189
19946 8984
20021 14835
20242 115
20242 482
20242 833
20242 1784
20242 6421
20242 7720
20242 8842
20242 8912
20242 9025
20242 10104
20242 10380
20242 12900
20242 13270
20242 15406
20242 16018
20242 19730
20242 22341
20355 4607
20355 6512
20355 10317
20355 10410
20355 10479
20355 10544
20355 11929
20355 19437
20355 22283
20355 24435
20422 5658
20512 10120
20512 19915
20517 7107
20517 10352
20638 6790
20638 9982
20817 630
20817 6278
20817 9957
20817 10194
20817 10232
20817 24173
20861 704
20861 2647
20861 22276
20883 10519
20884 5519
20884 8464
20916 1388
20916 12167
21079 1781
21079 1842
21079 10278
21110 287
21110 2134
21110 6638
21110 6961
21110 7648
21213 10393
21225 20638
21233 22276
21240 6592
21240 10221
21240 10493
21240 22265
21336 934
21336 5311
21336 7598
21336 9256
21336 9268
21336 11861
21336 15116
21336 21634
21584 23912
21699 287
21699 830
21699 1116
21699 1947
21699 2104
21699 2739
21699 3620
21699 4215
21699 4920
21699 5519
21699 6247
21699 6549
21699 6735
21699 6885
21699 7923
21699 8288
21699 8364
21699 8944
21699 8996
21699 9360
21699 10191
21699 10269
21699 10319
21699 10337
21699 10363
21699 10387
21699 10430
21699 10431
21699 10542
21699 10551
21699 19915
21699 20292
21699 22598
21699 24173
21699 24313
21739 3049
21739 4920
21786 320
21786 830
21786 7481
21786 8102
21800 1781
21800 9026
21872 9968
21899 10508
21911 9177
21913 230
21913 8107
21913 8812
21913 10333
21926 115
21954 5615
21954 8939
21954 10441
21954 20292
22092 10225
22092 10277
22092 13141
22134 8006
22134 8342
22134 11722
22276 704
22276 2540
22276 3627
22276 5801
22276 6356
22276 10354
22276 10505
22276 10548
22276 10550
22283 40
22283 4442
22283 9853
22283 10040
22283 10374
22283 18602
22283 19432
22412 2487
22412 9924
22412 10440
22412 10509
22412 10548
22412 20801
22452 9
22452 2318
22513 1001
22513 8812
22513 10278
22513 10389
22598 4641
22598 6589
22598 8858
22598 9549
22598 10311
22598 10376
22598 10478
22598 10479
22598 10551
22598 12123
22708 23912
22882 7001
22882 9297
22882 10413
22882 10418
23235 141
23235 18574
23348 673
23348 701
23348 1240
23348 1411
23348 6937
23348 10138
23348 10191
23348 10204
23348 10431
23348 10446
23348 10448
23348 10465
23348 10466
23348 10495
23348 13191
23348 21542
23360 1221
23360 1934
23360 9025
23360 11276
23455 15406
23473 2736
23535 601
23535 2384
23535 5311
23535 5677
23535 7231
23535 7759
23535 11872
23535 13786
23535 18689
23535 24247
23707 2487
23707 8361
23707 10367
23707 10530
23707 15282
23846 4482
23929 14976
23933 9924
23946 386
23946 10331
24033 1038
24033 1221
24033 1312
24033 5304
24033 8581
24033 10008
24033 10082
24033 10324
24033 10403
24033 24718
24108 10477
24133 2413
24133 10036
24133 10177
24133 10215
24150 10045
24150 10254
24161 9113
24161 21954
24191 24284
24224 10236
24226 1846
24226 2487
24226 5304
24226 5523
24226 8743
24226 9494
24226 9536
24226 10200
24226 10203
24226 10256
24226 10300
24226 10384
24226 10386
24226 21699
24250 9573
24252 917
24252 1140
24252 1235
24252 1951
24252 2387
24252 2540
24252 2679
24252 2736
24252 3627
24252 4094
24252 4920
24252 5523
24252 5892
24252 6549
24252 6961
24252 7036
24252 7107
24252 7258
24252 8289
24252 8504
24252 8935
24252 9405
24252 9860
24252 9935
24252 10171
24252 10185
24252 10224
24252 10254
24252 10255
24252 10271
24252 10294
24252 10295
24252 10313
24252 11149
24252 11955
24252 13337
24252 16581
24252 18602
24252 20292
24252 21192
24252 22276
24252 22469
24252 23912
24252 24226
24252 24365
24252 24409
24266 2134
24276 24601
24322 10243
24365 1388
24365 5615
24365 6589
24365 7036
24365 9191
24365 9893
24365 10107
24365 10173
24393 230
24393 2467
24393 4664
24393 7648
24393 7759
24393 10202
24393 10271
24393 10350
24393 21786
24393 23912
24409 10271
24442 1784
24442 5409
24442 10508
24451 3101
24451 4832
24451 8944
24451 10399
24451 10458
24452 6937
24454 269
24460 122
24460 533
24460 10330
24460 13336
24460 19946
24463 5446
24474 3471
24480 20292
24492 6917
24492 10198
24517 8321
24518 10478
24530 2361
24555 9224
24555 20721
24568 5539
24568 10082
24568 15814
24570 3610
24572 12933
24579 4370
24579 9025
24579 10377
24620 9025
24634 320
24634 9494
24634 10217
24634 10476
24634 16076
24652 4920
24682 753
24707 10256
24710 9025
24710 14414
24737 14221
