24740 6979
20 287
20 514
20 2592
20 8921
20 9239
20 12367
20 12600
20 15447
20 20638
20 24226
21 22598
44 14353
44 21502
44 21718
63 6167
156 2387
156 2467
156 11819
156 21493
156 24588
162 8921
213 21665
215 11700
252 9238
252 9351
271 10028
275 21720
287 11848
287 24226
320 6961
320 8665
320 8921
320 12046
320 12777
320 16807
320 17358
320 20066
320 21432
320 21517
320 21597
320 21709
320 23795
331 20817
344 20147
386 1018
386 20222
386 21541
386 24570
394 14023
394 19499
401 11607
401 13238
401 21591
401 21692
496 596
496 4242
496 9978
496 10414
496 10566
496 16116
496 21743
512 130
512 13483
525 1407
572 15980
574 17358
593 11861
596 642
596 2962
596 3452
596 12367
596 12560
596 13954
596 15814
596 18602
596 18631
596 18999
596 19557
596 21432
596 21542
596 21759
596 22188
596 23795
601 866
601 12797
601 21530
601 21545
613 1447
622 8242
630 4920
630 8151
630 8403
630 13851
630 21586
642 1227
642 1312
642 3452
642 9351
642 10010
642 11819
642 12046
642 12079
642 12189
642 12600
642 15758
642 16167
642 16758
642 16761
642 16786
642 17566
642 17941
642 18602
642 19048
642 19505
642 19807
642 19920
642 20264
642 20421
642 20599
642 20646
642 21256
642 21486
642 21505
642 21569
642 21570
642 21581
642 21602
642 21628
642 21640
642 21727
642 21758
642 21763
642 21771
644 4920
644 5447
644 8151
644 8403
644 13851
644 20817
666 20674
674 21593
687 17682
701 20
701 2362
701 4340
701 4495
701 5267
701 8148
701 13840
701 16695
701 18128
701 18211
701 18527
701 21121
701 21432
701 21463
701 21473
701 21604
701 21719
726 21533
764 4242
776 17462
804 21336
810 9356
830 1868
830 4411
830 7478
830 12868
830 14023
830 14888
830 16656
830 20242
830 21663
866 7759
866 8403
866 12797
866 18061
876 830
876 1868
876 2207
876 3677
876 5192
876 7478
876 8031
876 13855
876 14023
876 16656
876 20068
876 21698
895 12820
895 13486
929 4530
929 7566
929 8665
929 13965
929 21336
929 21678
934 5625
934 7759
934 24588
1013 1018
1013 1140
1013 1913
1013 1934
1013 8289
1013 9239
1013 12734
1013 14227
1013 14822
1013 19527
1013 21167
1013 21570
1013 21675
1013 23795
1018 7759
1018 14581
1018 14920
1018 16761
1018 17682
1018 18729
1018 21489
1018 21665
1018 21781
1018 23272
1105 2794
1105 12079
1105 17139
1105 21503
1105 21741
1116 7657
1116 13229
1116 14858
1126 13639
1137 4406
1137 6598
1137 7089
1137 14197
1137 16406
1137 16656
1137 19533
1137 21954
1137 24386
1140 496
1140 1913
1140 23795
1141 12135
1141 12874
1141 14370
1141 18619
1176 13570
1188 1740
1188 14232
1221 1573
1221 18761
1221 19533
1221 21762
1230 19347
1230 21558
1312 20
1312 4567
1312 10292
1312 14370
1312 14969
1312 21779
1312 24518
1313 7759
1313 15569
1313 21430
1317 20
1379 3337
1403 21771
1407 21524
1411 8403
1411 20066
1411 20564
1430 9839
1430 14878
1430 17871
1430 18323
1430 21615
1430 23795
1466 9239
1520 23795
1538 12797
1538 21726
1543 2947
1543 15758
1543 21559
1547 9025
1547 21881
1573 13744
1581 9405
1610 13003
1610 15639
1632 15895
1658 4242
1658 14367
1665 2629
1665 12874
1665 16132
1665 18611
1667 20
1667 7082
1667 10027
1667 13570
1667 14142
1667 18333
1667 19723
1667 20597
1667 20638
1667 21651
1716 16601
1740 156
1740 2423
1740 4242
1740 4719
1740 4819
1740 9239
1740 10761
1740 10793
1740 11715
1740 12998
1740 13570
1740 14382
1740 14691
1740 15987
1740 16328
1740 17136
1740 19988
1740 20425
1740 20787
1740 20845
1740 21144
1740 21202
1740 21240
1740 21430
1740 21493
1740 21541
1740 21545
1740 21557
1740 21681
1740 21718
1740 21734
1740 21770
1740 21782
1740 22513
1740 24342
1741 16684
1800 9213
1846 2794
1846 10207
1846 14142
1846 14370
1846 16085
1846 19386
1846 24442
1899 12884
1934 496
1934 13305
1934 19527
1951 601
1951 8102
1951 10010
1951 12046
1951 13613
1951 14858
1951 16398
1951 16415
1951 18449
1951 20421
1951 21302
1951 21432
1951 21498
1951 21506
1951 21558
1951 21606
1971 4920
2091 17711
2134 1116
2134 2388
2134 7657
2134 7869
2134 15418
2134 15987
2134 21616
2134 21637
2134 21652
2134 21655
2134 21684
2194 63
2194 13003
2194 21578
2197 642
2197 2794
2197 3293
2197 7869
2197 9842
2197 12465
2197 13099
2197 13969
2197 14370
2197 15702
2197 17026
2197 19554
2197 20421
2197 21294
2197 21503
2197 21631
2197 21662
2197 21696
2197 21717
2197 22188
2197 22598
2197 23795
2197 24386
2225 12677
2230 24322
2307 1913
2307 4242
2307 10253
2307 13346
2307 16183
2307 21432
2355 3301
2361 3292
2361 6417
2361 14370
2361 16167
2361 16786
2361 17026
2361 21564
2361 21628
2362 2491
2362 9312
2387 1188
2387 2794
2387 2947
2387 13392
2387 16227
2387 18602
2387 20421
2387 21432
2387 21493
2387 21640
2413 4667
2413 21503
2423 18781
2423 19988
2424 6417
2424 12079
2424 21430
2442 18152
2455 6047
2487 2794
2487 3425
2487 4735
2487 14370
2487 17358
2487 18467
2487 21496
2497 19730
2592 1543
2592 1692
2592 1951
2592 2134
2592 4242
2592 12777
2592 15758
2592 19443
2592 20564
2592 21167
2592 21508
2592 21640
2592 21684
2592 21718
2594 2467
2629 4920
2629 6666
2629 15702
2629 21336
2629 21620
2629 23795
2633 20
2633 5267
2633 12189
2633 14232
2633 20599
2633 20646
2633 21388
2633 23795
2655 8031
2736 4982
2748 21430
2750 662
2750 18684
2767 17358
2864 21747
2872 12903
2872 18273
2872 18811
2872 21432
2872 21512
2872 21721
2931 2828
2933 606
2947 9239
2962 23956
2997 1013
2997 2362
2997 3528
2997 4242
2997 4920
2997 5120
2997 8289
2997 8421
2997 16695
2997 19347
2997 20222
2997 21643
2997 21689
3007 20
3023 21771
3049 3292
3049 21512
3049 21792
3049 22598
3051 13065
3078 17358
3172 3452
3172 13441
3172 13954
3172 21508
3172 21578
3172 21603
3227 14054
3292 2134
3292 17358
3292 21637
3293 13969
3420 21954
3425 14370
3425 20223
3425 21696
3433 1140
3452 13954
3452 23795
3496 21538
3515 9113
3519 4530
3519 23795
3528 4920
3528 14920
3528 21721
3591 4920
3620 21503
3701 18527
3704 16167
3760 9238
3824 4340
3909 21691
3954 4242
3954 20095
4086 21618
4094 7089
4121 23795
4173 21430
4217 21627
4242 642
4242 701
4242 1105
4242 1846
4242 2134
4242 2794
4242 5267
4242 5544
4242 9312
4242 9842
4242 11056
4242 13346
4242 13524
4242 13639
4242 13684
4242 13694
4242 14367
4242 15387
4242 16227
4242 17358
4242 17539
4242 18847
4242 19432
4242 19533
4242 19988
4242 20105
4242 20564
4242 21240
4242 21256
4242 21477
4242 21489
4242 21506
4242 21513
4242 21557
4242 21588
4242 21673
4242 21699
4242 21728
4242 21738
4242 21740
4242 23795
4242 24480
4280 644
4312 23956
4343 14738
4343 18211
4343 21792
4406 14023
4406 20048
4406 21336
4406 23795
4440 12600
4440 16959
4459 21507
4549 13786
4567 13639
4567 15174
4567 20425
4567 21202
4567 23795
4578 21307
4667 7759
4667 11848
4685 20
4685 16318
4685 21463
4716 20220
4735 20
4735 6953
4735 21640
4794 18696
4871 349
4871 14353
4920 4495
4920 5447
4920 8151
4920 9842
4920 12573
4920 14920
4920 17358
4920 20128
4920 21336
4920 21525
4920 21586
4920 21612
4920 22598
4928 12789
4952 21281
5052 13121
5052 18602
5127 4685
5152 1346
5152 6742
5160 14195
5160 21536
5160 23407
5178 13786
5261 495
5267 24226
5282 8211
5282 21532
5282 21663
5284 1140
5312 17338
5325 15758
5345 5887
5345 7648
5345 18128
5345 21686
5364 9239
5387 18211
5408 21730
5409 21564
5447 9025
5447 15949
5447 22598
5448 2387
5485 282
5506 21240
5516 9839
5516 14583
5519 1913
5523 20225
5530 3452
5639 3292
5660 20845
5660 21167
5677 17181
5677 20273
5689 630
5750 4920
5753 5639
5762 20105
5795 14920
5795 17076
5801 9839
5801 18602
5887 1667
5887 2467
5887 7089
5887 19533
5887 20845
5887 21611
5887 21701
5933 16227
6049 11577
6095 401
6095 21692
6104 21336
6125 3214
6167 3528
6167 12079
6167 13965
6167 20068
6167 21336
6167 21663
6247 0
6247 2629
6247 3496
6247 12182
6247 12903
6247 19901
6247 21336
6247 21536
6247 21538
6247 21625
6247 21653
6247 21678
6247 23795
6310 5127
6318 24480
6403 1999
6413 13065
6417 642
6417 18761
6417 19920
6417 21549
6417 21684
6528 18128
6557 11813
6557 21202
6589 12046
6598 1188
6598 7442
6598 15361
6598 15702
6598 16406
6598 20599
6598 21343
6653 2491
6666 4340
6666 9213
6666 10253
6666 15569
6666 17885
6666 20407
6666 21620
6666 21731
6735 993
6735 19822
6736 20961
6850 12172
6850 22513
6869 4217
6869 20914
6869 21536
6961 11678
6961 18602
6961 21647
7022 11313
7022 14224
7082 19379
7082 21336
7113 215
7113 2629
7113 4920
7113 15747
7123 2197
7186 12079
7211 20421
7410 19443
7410 21602
7410 21643
7424 1221
7442 9497
7470 12465
7493 24183
7499 8906
7499 17358
7499 21662
7510 9239
7514 20
7514 4242
7514 4667
7514 20354
7514 21473
7566 16018
7601 17358
7601 21767
7630 1520
7630 13003
7630 16761
7630 17181
7630 17830
7630 18527
7630 20633
7630 21432
7648 63
7648 929
7648 3172
7648 8174
7648 8665
7648 9025
7648 10010
7648 15145
7648 17358
7648 18033
7648 18729
7648 21336
7648 21548
7648 21591
7648 21594
7648 24033
7680 3292
7717 20836
7743 10627
7743 20066
7743 21514
7743 23795
7759 495
7759 1038
7759 10936
7759 12903
7759 14204
7759 14581
7759 14920
7759 16415
7759 16850
7759 17358
7759 19266
7759 21537
7759 21670
7778 4982
7778 12079
7778 12465
7778 13011
7778 20220
7778 21302
7778 21747
7778 21773
8100 4567
8100 20425
8100 21202
8102 701
8102 21473
8102 21567
8102 21707
8211 17675
8232 642
8232 1140
8232 1913
8232 17085
8232 17476
8252 15814
8252 19149
8304 12843
8403 4920
8403 12819
8403 17888
8403 21586
8421 18128
8421 19149
8421 21651
8452 4829
8452 18602
8452 18698
8657 9057
8657 10027
8657 18602
8906 9025
8921 495
8921 2700
8921 11378
8921 13392
8921 16227
8921 21517
8921 21548
8935 1296
8935 2947
8935 11813
8935 12600
8935 13750
8935 14822
8935 21432
8935 21506
8935 21638
8935 23795
8935 24404
8980 15969
9005 17139
9022 4340
9025 642
9025 5887
9025 7478
9025 8031
9025 16406
9025 17181
9025 18602
9025 18696
9025 19499
9025 19533
9025 19723
9025 21643
9025 21954
9026 5544
9030 1667
9030 2361
9057 5604
9057 8665
9057 12079
9057 19440
9057 20914
9057 21336
9057 21508
9057 21585
9057 21599
9057 21623
9057 23795
9157 6247
9177 11966
9177 16167
9177 16183
9177 21737
9213 21699
9238 642
9238 21486
9239 866
9239 4567
9239 8921
9239 12829
9239 14691
9239 17675
9239 18355
9239 18761
9239 20322
9239 20425
9239 21202
9239 21432
9239 21548
9239 21569
9239 21602
9239 21623
9239 21664
9239 21665
9239 21737
9275 13639
9278 24588
9312 3292
9312 5980
9312 21498
9312 21510
9312 21699
9320 701
9320 18033
9320 20421
9361 12211
9361 21922
9365 20225
9365 21643
9398 4667
9398 10793
9420 117
9453 4920
9453 6278
9453 9978
9453 18602
9453 21775
9453 24206
9461 22276
9553 15569
9553 18602
9553 19920
9553 21349
9553 21508
9553 21671
9600 15946
9677 24442
9679 7657
9679 14992
9679 19920
9684 12356
9713 21432
9713 23795
9724 929
9724 8665
9724 20540
9800 19554
9839 19901
9842 6660
9842 7356
9842 9239
9842 13786
9842 13965
9842 19533
9842 19920
9842 20066
9842 21586
9893 9320
9893 10253
9893 18323
9920 4048
9957 16959
9957 18602
9957 20564
9978 18568
10021 1951
10021 12829
10021 13639
10021 14401
10021 16398
10021 19082
10021 21520
10021 21527
10107 630
10121 929
10121 4667
10121 7759
10121 10253
10121 11848
10121 19347
10121 21577
10168 16406
10207 12829
10207 13065
10273 1667
10273 10168
10292 496
10292 642
10292 929
10292 6666
10292 9978
10292 12560
10292 12600
10292 12668
10292 12777
10292 13954
10292 13965
10292 14878
10292 16132
10292 17842
10292 18602
10292 19149
10292 19920
10292 20564
10292 20638
10292 21167
10292 21375
10292 23795
10410 13750
10429 5795
10429 15450
10429 19920
10486 19047
10566 13684
10566 18128
10566 19920
10566 21520
10566 21557
10646 6869
10718 4920
10731 5147
10761 14232
10770 14871
10811 1013
10811 10292
10811 18401
10811 21167
10811 21395
10811 21525
10936 16579
11040 16786
11055 630
11062 4242
11238 8665
11313 16856
11378 2467
11393 11727
11393 20407
11393 23795
11406 642
11406 1667
11406 16949
11406 17449
11406 20322
11547 20421
11579 8421
11579 21775
11607 6499
11629 9113
11629 16636
11629 19266
11629 24246
11657 14353
11684 1221
11684 4242
11684 14232
11684 21717
11700 19566
11715 16406
11725 8289
11725 21432
11743 5980
11743 12091
11743 15198
11743 18631
11744 21691
11756 18761
11757 21881
11758 11841
11758 14101
11758 19807
11758 21744
11767 2633
11767 5267
11767 9978
11767 10292
11767 12600
11767 16132
11767 21533
11767 21536
11767 24226
11806 5052
11819 1188
11819 2387
11819 2794
11819 4735
11819 13965
11819 21583
11819 21638
11819 21640
11826 3980
11861 8906
11861 16856
11861 21578
11861 21691
11896 8665
11896 9839
11896 14785
11896 20990
11896 21586
11967 16406
11985 6480
12013 12789
12013 20105
12020 21742
12022 12079
12025 1018
12025 1038
12025 12797
12025 19266
12037 17166
12046 21735
12074 12789
12074 20836
12079 7454
12079 14387
12079 19815
12079 21572
12079 22598
12079 23795
12091 21648
12135 156
12135 1013
12135 1913
12135 2362
12135 8403
12135 9025
12135 10292
12135 12046
12135 12777
12135 13965
12135 14227
12135 17941
12135 18602
12135 19347
12135 19920
12135 20407
12135 21167
12135 21202
12135 21643
12135 21694
12135 21705
12135 21735
12135 21771
12135 21775
12135 22598
12135 24707
12190 16478
12211 21524
12220 14806
12272 903
12298 21336
12343 5795
12343 21262
12367 4829
12367 9978
12367 12560
12531 18346
12556 14195
12588 21486
12600 18602
12633 20597
12637 5677
12659 5516
12659 22598
12665 19293
12668 13954
12668 16227
12670 12820
12670 13684
12685 13524
12712 9461
12720 5447
12734 9978
12734 14822
12734 16581
12734 17566
12734 18602
12734 21775
12777 22742
12789 20105
12798 21682
12820 13684
12822 14359
12853 630
12855 16478
12868 21954
12870 876
12870 5887
12870 11744
12870 11861
12870 14101
12870 16675
12870 23039
12874 16069
12878 8984
12894 642
12894 7759
12894 16675
12894 17449
12894 24386
12900 18058
12900 19704
12910 20485
12964 5345
12964 14204
12964 21792
12986 4094
12986 7089
12986 13238
12986 21715
12991 19030
13003 2424
13003 3292
13003 3528
13003 8148
13003 9025
13003 13750
13003 21486
13003 21736
13065 18602
13065 21640
13121 5617
13121 8211
13121 14015
13121 18602
13126 21772
13184 16018
13191 10273
13196 21513
13270 4411
13270 14023
13270 16675
13270 21551
13270 21565
13305 2423
13305 4242
13305 12998
13305 14691
13305 17139
13305 18058
13305 19224
13305 20425
13305 21507
13305 21590
13305 21703
13343 5311
13343 21719
13346 24452
13370 20
13379 12829
13383 12797
13392 19730
13418 21658
13470 16949
13486 16895
13492 23039
13524 13954
13560 19499
13570 19499
13570 20845
13584 21640
13603 21771
13639 642
13639 3505
13639 3705
13639 6167
13639 7123
13639 10028
13639 12326
13639 14920
13639 17539
13639 19664
13639 21663
13639 21954
13639 23795
13651 3714
13684 4567
13684 21513
13684 21531
13684 21541
13684 21718
13694 21639
13723 1934
13723 17358
13750 17358
13750 24265
13772 15024
13786 630
13786 642
13786 1296
13786 2207
13786 3420
13786 4217
13786 4667
13786 5267
13786 6247
13786 7759
13786 8031
13786 8665
13786 9057
13786 11469
13786 11896
13786 13003
13786 13951
13786 13965
13786 14023
13786 18128
13786 19901
13786 20242
13786 21432
13786 21538
13786 21563
13786 21575
13786 21578
13786 21585
13786 21754
13885 13284
13885 13681
13954 966
13954 21336
13958 18619
13959 20530
13969 993
13969 1188
13969 2491
13969 6735
13969 7211
13969 7478
13969 12834
13969 16328
13969 17972
13969 18497
13969 20421
13969 21343
13969 21441
13969 21504
13969 21705
13969 21720
13969 22208
14015 20322
14023 5282
14023 11577
14023 13243
14023 16656
14023 20088
14023 21336
14023 21538
14023 21551
14023 21913
14059 21578
14101 23348
14113 9320
14142 10027
14142 20322
14142 24442
14162 10566
14189 5915
14197 21353
14206 987
14219 764
14219 8289
14219 8935
14219 15387
14219 20021
14219 21710
14227 1913
14227 14832
14227 18761
14227 19440
14227 21167
14227 21432
14227 21705
14232 20
14232 11469
14232 13896
14232 19216
14232 20564
14232 21533
14232 21600
14293 18696
14293 21619
14295 21590
14301 630
14355 125
14355 24393
14370 503
14370 20369
14370 24480
14387 2997
14387 19347
14387 21792
14401 7478
14401 20970
14401 21558
14401 21617
14414 21793
14500 20
14534 4685
14583 21725
14583 21732
14609 2491
14609 21602
14616 14054
14710 23795
14738 19082
14738 21774
14781 13065
14785 4735
14787 6499
14787 7082
14787 13392
14787 14015
14787 14353
14787 18527
14787 19347
14787 19920
14787 20322
14787 21576
14787 21623
14787 21625
14787 21643
14787 21670
14787 21707
14787 21781
14787 21954
14881 20113
14920 34
14920 117
14920 2362
14920 10627
14920 12903
14920 17682
14920 18467
14920 21432
14948 15814
14969 10292
14973 8681
15024 21565
15071 1312
15117 18211
15117 21336
15160 1907
15172 1109
15198 11152
15229 2794
15229 21240
15229 23039
15251 19499
15254 21567
15332 16786
15332 21709
15450 701
15450 9405
15450 19421
15450 21432
15610 18128
15755 9025
15758 14227
15758 14878
15758 21506
15814 8102
15814 8403
15814 9213
15814 12465
15814 12875
15814 17568
15814 18211
15814 19347
15814 19640
15814 21294
15814 21302
15814 21471
15814 21537
15814 21538
15814 21571
15814 21648
15814 21721
15819 642
15819 21256
15839 13840
15853 2591
15853 5345
15866 1411
15866 8403
15866 9177
15866 16167
15904 1841
15969 17861
15969 21385
15971 642
15971 2997
15971 12020
15971 14583
15971 16415
15971 16695
15971 17358
15971 17711
15971 17885
15971 21209
15971 21553
15971 21648
15971 21704
15971 21741
15978 18346
16018 1868
16018 9025
16018 19894
16021 496
16021 18729
16085 19505
16085 21675
16085 21764
16132 20638
16186 12600
16227 662
16227 804
16227 20825
16247 20234
16323 830
16323 21430
16336 21544
16348 20421
16406 16656
16453 9025
16478 21503
16478 24718
16488 3496
16512 17358
16557 18128
16579 20145
16581 1913
16581 4530
16581 14969
16581 19527
16581 21202
16609 10331
16609 21718
16648 17358
16656 21532
16656 21691
16675 4794
16675 16406
16675 21686
16701 12091
16744 6417
16761 17830
16859 4242
16859 16609
16859 21240
16904 1018
16940 16183
16949 21715
17016 5107
17076 20626
17085 20103
17121 18602
17123 642
17152 21626
17166 16404
17166 19439
17180 21954
17180 23085
17191 9742
17203 23272
17262 20198
17262 21435
17290 14318
17291 21701
17299 14227
17333 18211
17358 4667
17358 14147
17358 14204
17358 14581
17358 14858
17358 16415
17358 18644
17358 19992
17358 20042
17358 21209
17358 21369
17358 21553
17358 21564
17358 21571
17358 21593
17358 21608
17358 21640
17358 21655
17358 21658
17358 23795
17368 13681
17414 8813
17449 20710
17449 22513
17474 7648
17675 866
17682 7172
17682 21538
17830 6735
17830 16786
17830 18497
17888 2629
17888 4920
17929 21336
17929 21525
17972 701
17972 9851
17972 11861
18033 22276
18034 16209
18058 1740
18093 2019
18095 18333
18152 20883
18153 20057
18211 19347
18211 21705
18211 21709
18249 14871
18260 17323
18323 929
18323 19901
18333 4585
18333 16711
18335 643
18364 17358
18369 11819
18401 12560
18401 18211
18401 21369
18401 21510
18401 21626
18401 21651
18449 496
18449 4242
18533 12034
18574 3528
18574 4920
18574 5447
18574 5516
18574 8403
18574 12573
18574 19901
18574 21525
18574 22598
18602 495
18602 2361
18602 2947
18602 12777
18602 16209
18602 16758
18602 16850
18602 18811
18602 21522
18602 21552
18602 21587
18602 21668
18602 21749
18619 12020
18644 21294
18689 5639
18689 12079
18689 17358
18689 18152
18689 18273
18689 19047
18689 21538
18692 21786
18729 24707
18761 21520
18761 21718
18761 21762
18944 15895
19047 24568
19059 21954
19063 3032
19066 9553
19080 7258
19080 16656
19105 12789
19118 19527
19149 5639
19149 8921
19149 17358
19149 20485
19165 21638
19172 21144
19192 11841
19277 21486
19293 804
19328 21698
19328 21954
19379 21784
19438 1913
19438 4242
19438 14227
19440 960
19440 4667
19440 12829
19443 2633
19443 10566
19443 12189
19443 13524
19443 21477
19443 21508
19498 6961
19528 540
19528 10566
19554 7478
19554 10844
19554 13211
19554 14367
19554 20421
19554 21701
19560 21494
19640 21471
19644 20225
19664 21471
19683 11884
19685 4920
19686 12843
19726 13418
19726 21601
19726 21744
19730 5617
19730 5639
19730 13570
19730 17449
19730 20105
19730 20845
19730 21642
19730 21686
19780 21657
19871 19527
19871 21767
19901 4920
19901 5447
19901 5516
19901 7571
19901 12326
19901 13392
19901 13744
19901 14583
19901 17181
19901 21508
19901 21575
19901 21774
19901 22598
19915 2134
19920 1038
19920 2467
19920 21560
19949 21503
19949 21771
20021 9025
20021 21613
20021 21663
20057 0
20057 18644
20128 21525
20147 8174
20170 12998
20242 833
20242 19533
20242 21578
20242 24108
20273 19920
20320 21770
20352 1667
20352 11406
20370 16306
20421 24033
20439 5604
20535 18520
20535 21656
20599 495
20599 5178
20599 8403
20599 21503
20599 23795
20633 2053
20633 2197
20633 3049
20633 3293
20633 4242
20633 6735
20633 8665
20633 12556
20633 14293
20633 14355
20633 16613
20633 17139
20633 18761
20633 20021
20633 20320
20633 20836
20633 21500
20633 21520
20633 21578
20633 21589
20633 21639
20633 21673
20633 21681
20633 21770
20633 24435
20638 6961
20638 21568
20676 14969
20676 18602
20710 2178
20710 6638
20710 6651
20710 7215
20710 9405
20721 18602
20728 21501
20733 19499
20817 2629
20817 4920
20817 8151
20817 9839
20817 21661
20869 21500
20886 8232
20924 21548
20935 10021
21038 5980
21038 20485
21038 21426
21038 21543
21038 21802
21074 5282
21074 23039
21076 16581
21103 3452
21167 20
21167 12874
21167 16649
21192 16888
21202 496
21209 24157
21213 6417
21213 18761
21213 21549
21228 5409
21237 2580
21237 4459
21240 19988
21240 21623
21263 21262
21301 21553
21336 20
21336 642
21336 2207
21336 3496
21336 5639
21336 12600
21336 13099
21336 13900
21336 16406
21336 16656
21336 16666
21336 17675
21336 19533
21336 19723
21336 20242
21336 21508
21336 21532
21336 21538
21336 21578
21336 21591
21336 21653
21336 21661
21336 21675
21336 21682
21336 21954
21336 22598
21336 23795
21336 24033
21435 2997
21435 5120
21435 7266
21435 20677
21468 21503
21470 21530
21471 2997
21471 14858
21471 18510
21471 20042
21471 20485
21471 21484
21471 21601
21486 9541
21486 12833
21486 21419
21486 21510
21486 21745
21499 20512
21503 21583
21513 804
21513 5762
21513 9461
21513 14054
21513 19988
21513 21623
21513 21705
21516 5604
21519 24033
21521 20551
21525 22598
21526 5267
21529 21527
21533 24707
21536 9022
21536 14785
21536 16724
21536 16775
21536 18505
21536 21625
21536 23795
21538 3292
21538 17262
21538 18152
21538 21302
21538 21435
21546 19149
21547 7664
21561 21565
21572 18602
21573 10033
21574 11056
21583 2947
21588 13533
21588 13951
21594 8665
21595 5783
21621 8321
21624 18323
21629 19878
21633 15798
21635 13747
21638 10793
21646 21644
21650 7081
21654 7966
21660 2400
21666 24404
21671 21349
21676 20564
21683 21486
21687 1116
21688 16311
21689 16695
21693 22807
21695 1139
21698 8031
21699 642
21699 1313
21699 3292
21699 7082
21699 8421
21699 14387
21699 14401
21699 15569
21699 15814
21699 15895
21699 16478
21699 17682
21699 19149
21699 19347
21699 20264
21699 21468
21699 21503
21699 21533
21699 21603
21699 21605
21699 21651
21699 21663
21699 21670
21699 21731
21699 21784
21710 16328
21710 18211
21710 21706
21710 21713
21712 6047
21712 21520
21714 13121
21717 9275
21717 11342
21724 10231
21726 496
21728 14503
21747 20220
21753 19840
21765 2154
21769 23795
21775 12812
21776 20420
21781 21432
21785 7869
21786 642
21786 1126
21786 1140
21786 1227
21786 4242
21786 6638
21786 9351
21786 12091
21786 14457
21786 14858
21786 17358
21786 20599
21786 21375
21786 21432
21786 21581
21786 23795
21786 24226
21789 22412
21791 2583
21795 7686
21800 44
21800 5762
21878 12367
21899 23795
21926 5160
21926 13441
21926 21699
21954 5282
21954 8665
21954 11840
21954 14023
21954 14293
21954 16656
21954 18611
21954 21585
22208 21343
22276 14992
22276 19768
22276 21432
22283 642
22283 2387
22283 2794
22283 10793
22412 20
22412 12046
22412 15814
22412 17203
22412 18033
22412 20935
22412 21548
22412 21643
22412 23795
22412 24518
22513 1137
22513 20845
22513 21531
22513 21662
22592 3452
22598 7082
22598 12777
22598 14583
22598 19347
22598 21725
22708 24033
22906 17181
23235 7648
23348 7657
23348 9239
23348 12600
23348 16256
23348 16404
23348 17166
23348 18211
23348 19030
23348 19439
23348 20407
23348 20420
23348 21527
23348 23272
23576 7648
23707 2962
23707 12875
23795 9025
23795 21625
24033 8403
24033 11469
24133 4377
24133 19557
24133 21581
24150 21626
24183 21510
24224 6689
24226 701
24226 4242
24226 10021
24226 12600
24226 16183
24226 17566
24226 18602
24226 20225
24226 21388
24226 21486
24226 21741
24226 24579
24252 4667
24252 5506
24252 19347
24252 21240
24252 23795
24281 17449
24322 1188
24322 21640
24393 701
24404 642
24404 12600
24404 13346
24409 1227
24419 630
24435 15569
24442 10121
24442 21563
24452 14124
24460 16609
24460 21240
24460 21524
24460 21623
24472 12034
24492 15387
24492 17136
24492 19988
24492 21513
24492 21766
24568 21722
24588 11715
24588 12037
24588 19355
24588 21638
24591 18602
24591 21638
24682 21782
24707 21506
20 642
20 8077
20 15648
20 16816
20 18602
20 20924
20 24518
34 714
34 21954
44 3292
44 21468
44 22003
139 1934
139 5516
156 15702
156 21640
156 21699
213 642
213 4406
213 21682
213 22131
215 8996
257 5261
276 20915
287 10410
287 15483
287 19946
320 2831
320 5769
320 12189
320 14983
320 18939
320 20728
320 21752
320 21881
320 22080
320 22108
331 14301
331 22126
344 8996
344 21640
348 7759
389 16087
395 21612
401 11378
401 16847
406 1913
477 9239
491 7656
491 18535
491 19443
491 21991
495 7116
496 16816
496 22077
525 21829
525 21832
545 6450
556 213
556 21698
560 4706
572 716
574 7315
574 21430
596 477
596 5795
596 5912
596 6961
596 11056
596 12091
596 12505
596 13042
596 13392
596 14792
596 20728
596 20970
596 21752
596 22099
596 22107
596 22108
596 22116
596 22118
596 22144
623 11819
623 13786
623 22050
630 6960
630 12819
630 22083
640 21240
642 1018
642 1913
642 3292
642 4567
642 4667
642 5519
642 5639
642 6047
642 8237
642 9957
642 10566
642 10731
642 12829
642 13121
642 13141
642 13327
642 14339
642 14698
642 15648
642 17667
642 17992
642 18033
642 18745
642 18818
642 19598
642 20407
642 21202
642 21243
642 21801
642 21835
642 21837
642 21851
642 21937
642 21940
642 21970
642 21987
642 22022
642 22065
642 22090
642 22118
642 22149
642 22210
642 24226
644 686
644 21778
644 22054
684 3496
701 9022
701 10196
701 12025
701 18438
701 20800
701 22068
701 22102
701 22103
701 22129
701 22132
726 24183
776 16656
776 22050
814 16492
830 1157
830 6049
830 8996
830 9087
830 13492
830 13855
830 14564
830 21972
830 22029
830 22039
830 23795
833 608
866 11629
866 19904
866 21983
876 213
876 6167
876 7305
876 8665
876 12326
876 12650
929 13184
929 21640
929 23795
943 2419
993 10410
1013 20
1013 642
1013 4086
1013 6487
1013 9453
1013 13107
1013 13634
1013 14878
1013 18034
1013 19871
1013 21643
1013 22043
1013 22137
1018 496
1018 1312
1018 1913
1018 3739
1018 10761
1018 12829
1018 13212
1018 14264
1018 20924
1018 21640
1018 21809
1018 21933
1018 21942
1018 21954
1018 22050
1018 22137
1018 23795
1038 16666
1105 34
1105 10725
1105 13639
1105 13786
1105 16018
1105 17462
1105 19080
1105 19815
1105 20421
1105 21832
1105 21862
1105 21944
1105 22004
1105 22121
1105 22128
1126 4086
1126 14232
1126 21942
1133 13750
1133 22063
1137 1157
1137 1632
1137 5805
1137 8665
1137 14032
1137 15332
1137 19059
1137 21662
1137 21944
1137 21972
1137 22061
1137 22082
1140 14232
1141 2467
1141 2831
1141 7630
1141 9602
1141 16069
1165 4567
1197 22131
1204 11378
1215 20
1215 22076
1221 2497
1221 18528
1242 1658
1281 16173
1312 496
1312 1740
1312 6961
1312 14787
1312 20576
1312 21752
1312 22042
1312 23795
1333 2831
1346 876
1346 13492
1354 847
1354 21752
1382 19059
1403 5178
1403 8352
1403 12189
1403 17614
1403 21999
1430 642
1430 1018
1430 9957
1430 13296
1430 18813
1430 22010
1430 24206
1477 24224
1486 11378
1486 11607
1530 470
1538 13236
1543 4355
1632 7037
1632 12079
1632 21801
1632 21881
1658 20689
1665 2416
1665 4567
1665 4781
1665 20877
1665 21640
1665 21752
1665 21826
1667 1901
1667 11698
1667 19224
1667 22127
1692 884
1692 5892
1740 642
1740 1784
1740 1836
1740 2197
1740 2984
1740 4567
1740 7367
1740 7648
1740 7892
1740 9724
1740 9751
1740 10515
1740 11792
1740 13327
1740 13560
1740 13694
1740 13744
1740 14295
1740 14325
1740 16110
1740 16388
1740 16706
1740 17393
1740 18755
1740 18761
1740 19355
1740 20196
1740 20285
1740 20407
1740 20689
1740 21524
1740 21602
1740 21640
1740 21694
1740 21821
1740 21845
1740 21935
1740 21942
1740 21944
1740 21958
1740 21977
1740 22004
1740 22014
1740 22044
1740 22085
1740 24555
1741 7681
1800 21784
1846 1913
1846 12665
1846 14698
1846 19224
1901 16816
1913 22074
1934 14713
1934 15738
1951 2091
1951 2419
1951 13634
1951 13954
1951 18033
1951 19149
1951 19807
1951 20407
1951 21443
1951 21855
1951 21968
1951 21971
1951 22118
1951 23956
1971 21819
2018 8665
2097 3292
2097 5311
2097 9239
2097 12079
2099 14147
2099 14483
2099 14807
2099 21430
2099 23581
2134 287
2134 477
2134 2091
2134 2097
2134 6937
2134 7681
2134 12079
2134 13387
2134 13712
2134 13738
2134 15203
2134 16492
2134 16706
2134 18602
2134 18993
2134 21949
2134 22010
2134 22071
2134 22104
2134 22513
2134 23348
2194 3143
2194 4242
2194 9713
2194 17675
2197 993
2197 1913
2197 2487
2197 3620
2197 7878
2197 16388
2197 20650
2197 20915
2197 21640
2197 21824
2197 21996
2197 22197
2197 24393
2307 22010
2307 22598
2361 2134
2361 3620
2361 5261
2361 7657
2361 14227
2361 15203
2361 18153
2361 18363
2361 22010
2361 22120
2361 22132
2362 15848
2384 2854
2384 19499
2387 1486
2387 1913
2387 13744
2387 13969
2387 14264
2387 16880
2387 16904
2387 17736
2387 18568
2387 21942
2387 22138
2419 15738
2419 18568
2423 21590
2424 15203
2424 16415
2442 12079
2442 21622
2442 21736
2487 11678
2487 21937
2487 21960
2497 63
2497 1901
2497 11841
2497 13750
2497 14332
2497 16675
2497 16753
2497 18602
2497 19543
2497 21430
2497 21987
2497 22131
2499 21942
2549 21336
2592 320
2592 1740
2592 4738
2592 5446
2592 9025
2592 13203
2592 13370
2592 14509
2592 15868
2592 16656
2592 19554
2592 20147
2592 21168
2592 21845
2592 22080
2592 24555
2629 12326
2633 2419
2633 9022
2633 18405
2633 18989
2633 19598
2633 22050
2668 642
2736 3496
2736 7082
2736 12079
2736 12456
2736 21503
2736 21948
2794 19554
2830 20887
2831 4121
2831 11704
2831 11841
2831 12135
2831 18602
2831 21876
2831 23926
2845 5795
2845 12060
2872 14189
2872 17262
2920 15332
2931 17393
2934 24183
2947 12734
2984 19554
2997 934
2997 14227
2997 22000
2997 22050
2997 24593
3007 19829
3021 2438
3049 642
3049 20057
3049 21662
3078 20728
3168 14920
3172 4567
3172 13744
3172 21824
3172 22039
3214 19066
3292 7759
3425 7657
3425 12757
3433 15653
3433 16816
3452 10640
3496 6167
3506 15206
3519 4920
3519 12271
3528 4952
3528 7778
3535 15118
3535 21640
3620 3292
3620 3528
3620 23795
3679 7478
3701 9312
3704 21859
3704 21997
3714 14332
3739 4685
3739 12046
3739 19554
3760 19560
3760 19772
3771 21555
3843 21770
3909 16675
3909 21975
3986 496
3986 4706
3986 4735
3986 5127
3986 11342
3986 15868
3986 15932
3986 16603
3986 20678
4066 20576
4086 4242
4086 9010
4086 15868
4086 21232
4094 6095
4125 13560
4125 16388
4143 16318
4154 17290
4158 1382
4173 19118
4173 21460
4196 18761
4196 22091
4217 11577
4242 1197
4242 6944
4242 12273
4242 12829
4242 12998
4242 13327
4242 13786
4242 14509
4242 14763
4242 16603
4242 17342
4242 17941
4242 18602
4242 19499
4242 19554
4242 20304
4242 20689
4242 21640
4242 21834
4242 21845
4242 21944
4242 21970
4242 21986
4242 22082
4242 22124
4242 24183
4242 24393
4255 3989
4271 13634
4271 24480
4324 2361
4343 344
4343 2194
4343 21328
4406 556
4406 8996
4406 13750
4406 17675
4440 7717
4440 7759
4440 9239
4440 17992
4440 19560
4440 21232
4459 7656
4465 18978
4547 2664
4547 8820
4567 4242
4567 6450
4567 9320
4567 12829
4567 14264
4567 16173
4567 17614
4567 20638
4567 21103
4578 3143
4685 9312
4685 12025
4685 15738
4685 19118
4685 20945
4685 21861
4685 21947
4685 22105
4685 23235
4685 23348
4704 2491
4743 21079
4781 22043
4794 19499
4794 22513
4829 3528
4829 15716
4829 18602
4829 22020
4829 22118
4920 1197
4920 6167
4920 6247
4920 8031
4920 9057
4920 10173
4920 10731
4920 12025
4920 12367
4920 17560
4920 18323
4920 19149
4920 20951
4920 21778
4920 22095
4920 23795
5056 19946
5123 12079
5123 12964
5127 2831
5127 20225
5127 21432
5127 21943
5127 21999
5127 23795
5152 9713
5152 20650
5152 24627
5178 17462
5178 21336
5178 21555
5178 23795
5192 23617
5261 320
5261 5448
5261 14500
5261 15738
5261 22065
5267 19118
5282 1157
5282 6167
5282 13060
5284 12829
5284 13969
5284 21640
5311 1913
5311 3292
5311 12079
5311 22035
5345 213
5387 21503
5408 7740
5408 17262
5408 22074
5446 18602
5447 7947
5447 21778
5448 1913
5448 11678
5448 13634
5516 15738
5516 21536
5516 21778
5516 22132
5516 23991
5519 20650
5519 21640
5519 21799
5639 7759
5639 19047
5639 21948
5639 21994
5645 16744
5645 18593
5658 9957
5658 20242
5658 22137
5660 2091
5686 496
5686 21240
5750 12326
5750 21525
5753 1913
5753 13738
5762 21602
5795 17706
5795 22592
5801 1887
5801 11841
5801 15738
5801 17260
5801 22217
5805 1157
5805 7478
5805 13855
5887 18993
5887 21968
5892 11357
6006 1382
6006 2207
6074 1658
6074 22029
6121 8184
6167 642
6167 3519
6167 6202
6167 7082
6167 9057
6167 9239
6167 11607
6167 13060
6167 14023
6167 16018
6167 19196
6167 20147
6167 21824
6167 21829
6167 21938
6167 23535
6247 2962
6247 12367
6247 21980
6284 2361
6319 2467
6319 17992
6319 18452
6319 20800
6485 4685
6485 20147
6493 21054
6528 23944
6557 496
6557 642
6557 1543
6557 2416
6557 14743
6557 21829
6557 22013
6557 22137
6575 15653
6589 4567
6598 1740
6598 1951
6598 3143
6598 9239
6598 12273
6598 14509
6598 16540
6598 19080
6598 19505
6598 21060
6598 21598
6598 21977
6598 21990
6598 22140
6598 22276
6598 23956
6660 22132
6666 7630
6666 11226
6666 12079
6666 12326
6666 20424
6666 21443
6666 21784
6666 21811
6666 21938
6666 22019
6666 22035
6736 4685
6736 5519
6736 5795
6736 9541
6736 21486
6736 22592
6874 20147
6955 13969
6955 15259
6955 16540
6955 17736
6955 17840
6955 19118
6955 19443
6955 21640
6955 23235
7081 21432
7113 6747
7113 8109
7113 8403
7113 17155
7113 23795
7142 5795
7186 16666
7305 344
7305 21640
7305 22088
7470 596
7481 22132
7493 20638
7499 63
7499 13211
7507 2831
7510 10013
7514 320
7514 2831
7514 9022
7514 13295
7514 18033
7514 21797
7514 21845
7630 2831
7630 5892
7630 7560
7630 9549
7630 12079
7630 14444
7630 16816
7630 21694
7630 21815
7630 21933
7630 21946
7630 22100
7648 491
7648 2831
7648 9320
7648 13560
7648 13639
7648 14361
7648 16173
7648 17393
7648 17742
7648 18602
7648 21228
7648 21881
7648 22077
7648 22098
7648 23926
7657 16323
7657 24579
7717 5769
7717 12665
7740 15738
7740 19118
7743 20
7743 11342
7743 12189
7743 13634
7743 14564
7743 21536
7747 13027
7747 15444
7759 762
7759 11698
7759 11841
7759 16786
7759 20238
7759 20728
7759 21155
7759 21851
7759 21855
7759 21983
7759 22000
7759 22016
7759 22040
7759 22074
7778 3255
7778 12099
7785 14691
7785 16525
8031 14805
8097 7762
8100 14509
8102 7747
8102 12111
8102 12153
8102 12343
8102 13684
8102 16122
8102 16648
8102 17262
8102 18761
8102 19739
8102 20407
8102 21126
8102 21657
8102 21778
8102 21806
8102 21822
8102 22136
8232 1018
8232 1312
8232 6695
8232 12829
8232 13212
8232 21847
8232 24033
8238 2831
8238 19443
8305 4343
8363 20
8403 6247
8452 12650
8452 16415
8452 19901
8452 22140
8452 24266
8549 20835
8657 19224
8657 19539
8657 21054
8921 2831
8921 18535
8921 21881
8935 4735
8935 8470
8935 17560
8935 17992
8935 22093
8983 19118
8996 7442
8996 14763
8996 17462
8996 19059
8996 19528
8996 21240
9018 19118
9022 19432
9022 21975
9025 1784
9025 2018
9025 2387
9025 7326
9025 8049
9025 8665
9025 9057
9025 9365
9025 10785
9025 11980
9025 12271
9025 13211
9025 14023
9025 16037
9025 17667
9025 17682
9025 19080
9025 20147
9025 21640
9025 21824
9025 21829
9025 21997
9025 22051
9030 12079
9030 14807
9042 21397
9057 810
9057 1901
9057 2202
9057 5912
9057 7334
9057 7630
9057 8996
9057 10013
9057 11078
9057 11678
9057 12874
9057 13492
9057 16853
9057 18684
9057 19059
9057 19554
9057 20439
9057 21536
9057 21640
9057 21938
9057 21946
9057 21947
9057 21980
9057 22100
9057 22131
9057 24127
9057 24156
9177 18989
9177 20638
9177 21155
9177 22010
9238 12292
9239 839
9239 1913
9239 2467
9239 5912
9239 9461
9239 12079
9239 12215
9239 13211
9239 14232
9239 14792
9239 17121
9239 19149
9239 20320
9239 20421
9239 21824
9239 21876
9239 22118
9239 22708
9275 14232
9312 15738
9392 4685
9392 11819
9392 19149
9398 2419
9398 12271
9398 17690
9453 20817
9553 4685
9553 5447
9553 21784
9573 13184
9600 12025
9679 12079
9679 21938
9679 21939
9679 22002
9713 4735
9713 17675
9713 19080
9713 24518
9724 13211
9733 16018
9742 13305
9751 21177
9827 22010
9842 5446
9842 12135
9842 13295
9842 17342
9842 19118
9842 19149
9842 22010
9957 2361
9957 14920
9960 21963
9964 2352
10006 22708
10021 2831
10021 22592
10021 23434
10121 2794
10121 12188
10173 644
10173 19149
10173 22054
10207 2790
10253 13744
10253 20638
10253 21682
10273 20291
10273 21997
10292 6247
10292 7326
10292 13838
10292 18989
10292 21536
10292 21796
10292 24183
10307 13211
10410 4829
10410 13639
10429 9022
10429 13013
10459 15738
10483 2392
10486 11278
10566 4567
10566 12135
10566 12829
10566 14360
10566 20703
10566 22050
10566 22592
10676 11120
10676 21432
10718 19167
10718 21778
10761 15648
10811 11056
10811 15261
10811 22016
11019 19730
11048 8248
11055 22083
11062 21976
11082 11724
11082 21939
11087 21591
11180 12874
11226 21443
11230 2831
11230 6961
11230 18405
11257 13588
11257 20836
11342 13042
11342 14500
11342 18602
11378 6319
11393 18602
11393 18993
11406 17667
11406 19224
11406 22513
11419 7082
11419 21443
11419 21784
11577 21862
11657 44
11657 6714
11657 12998
11684 21430
11684 23795
11686 7648
11700 22127
11705 5519
11709 19196
11726 16173
11733 5805
11733 9025
11743 21415
11743 21740
11744 7478
11744 20897
11744 21686
11744 21790
11748 23795
11758 2097
11758 16646
11758 20678
11772 15738
11819 7878
11819 13786
11819 17736
11819 20225
11819 20915
11819 21940
11841 17358
11848 24284
11861 15332
11861 19499
11896 15021
12012 21640
12025 4407
12025 7759
12025 13184
12025 18813
12025 19904
12025 22016
12025 23795
12046 21572
12046 22144
12079 1836
12079 6850
12079 13553
12079 21829
12086 22137
12091 10179
12091 16579
12099 2736
12135 642
12135 4242
12135 4704
12135 5446
12135 5519
12135 6047
12135 10761
12135 11714
12135 13838
12135 15868
12135 17690
12135 19149
12135 20638
12135 21796
12135 21845
12135 21942
12135 21957
12135 22055
12135 22098
12135 22592
12135 23795
12135 24406
12171 10307
12179 7778
12211 14743
12211 20836
12217 23235
12271 13744
12271 22042
12273 15299
12282 24033
12343 21806
12351 23235
12367 23795
12392 12829
12411 20728
12505 21471
12505 22078
12519 642
12519 6047
12519 21643
12539 11881
12560 16608
12587 6901
12587 17690
12600 13295
12637 19138
12665 642
12665 14232
12685 20
12685 21202
12712 596
12734 642
12734 4086
12734 14232
12734 15653
12734 17690
12734 21533
12734 21643
12734 22047
12734 22708
12757 20650
12812 21942
12813 23348
12813 24601
12820 1515
12829 6487
12829 13744
12829 16021
12829 16656
12829 22007
12870 5805
12870 21698
12894 21829
12900 22091
12964 22034
12986 21809
13003 16492
13003 21962
13003 21973
13003 22132
13013 17978
13027 15444
13027 16415
13034 2831
13034 4685
13034 21835
13042 4706
13042 21771
13049 11056
13065 21536
13099 21783
13121 19499
13121 22149
13184 18978
13184 23707
13196 1312
13196 20285
13196 21524
13211 13387
13211 17637
13211 21826
13211 21945
13212 15702
13247 15206
13247 24033
13270 19739
13305 2794
13305 13327
13305 17690
13305 18194
13305 20421
13305 20836
13305 21300
13305 22124
13305 23795
13327 988
13327 22086
13337 320
13337 7514
13337 10021
13337 13639
13343 11704
13343 21973
13370 7657
13370 9312
13370 12037
13370 20485
13370 21155
13431 21770
13442 15702
13442 21638
13444 4685
13444 23235
13470 22131
13477 19443
13492 0
13492 762
13492 18128
13584 17818
13601 1018
13639 34
13639 215
13639 2831
13639 5633
13639 6714
13639 13392
13639 14227
13639 16018
13639 17323
13639 21849
13662 22058
13684 3292
13684 7656
13684 20836
13684 22123
13687 21939
13694 13744
13694 13969
13694 21976
13694 22051
13744 477
13744 7657
13744 8049
13744 20048
13744 20906
13744 21640
13744 21826
13744 21960
13744 21996
13744 22197
13744 23795
13750 4829
13750 18602
13750 19554
13750 19730
13786 2831
13786 4920
13786 5447
13786 6167
13786 9724
13786 11577
13786 13492
13786 13750
13786 14332
13786 16018
13786 20835
13786 21598
13786 21778
13786 21816
13786 21818
13786 21944
13786 21972
13786 21997
13786 22000
13786 22110
13885 2097
13885 20945
13885 21041
13885 21790
13954 13212
13954 21979
13969 7878
13969 8097
13969 13181
13969 16492
13969 18880
13969 21640
13969 22004
13969 22283
14023 213
14023 1887
14023 22217
14214 21430
14219 1312
14227 1934
14227 7334
14227 20945
14232 596
14232 642
14232 1312
14232 1934
14232 2134
14232 2361
14232 2831
14232 3771
14232 4567
14232 4738
14232 8921
14232 12091
14232 13634
14232 14227
14232 15932
14232 16173
14232 16334
14232 16579
14232 16816
14232 17306
14232 19560
14232 20924
14232 21555
14232 21643
14232 21979
14232 22098
14232 22592
14232 22708
14232 24033
14232 24518
14271 4920
14271 13065
14271 13296
14271 22598
14271 23795
14293 4406
14293 11019
14293 16675
14293 17719
14293 19362
14293 19499
14293 19505
14293 21694
14293 22088
14295 12998
14301 8403
14331 16786
14360 19901
14370 11678
14370 20650
14387 7717
14387 8352
14387 18602
14387 18755
14387 19739
14387 21938
14387 22132
14401 10207
14414 19505
14490 17155
14550 22131
14598 21640
14609 642
14685 1934
14743 22022
14757 20285
14757 21847
14781 14267
14787 3292
14787 5980
14787 22017
14787 22064
14787 22090
14787 23795
14822 13034
14822 21243
14920 1951
14920 12829
14920 14171
14920 22074
15021 22058
15117 19167
15117 23956
15161 11704
15161 13969
15162 1934
15206 14331
15229 3021
15229 4242
15229 22513
15324 9600
15324 22315
15332 491
15332 8996
15342 11914
15399 10942
15399 19737
15454 24265
15494 23164
15594 115
15640 21694
15648 17690
15702 1913
15702 21536
15738 7498
15738 24183
15750 11278
15758 309
15758 1312
15758 6487
15758 23795
15758 24033
15814 2962
15814 3528
15814 6247
15814 11724
15814 13885
15814 14360
15814 19047
15814 21866
15814 23795
15848 21973
15868 13835
15868 22056
15895 2349
15895 6049
15895 19888
15955 23235
15971 16122
15971 19047
15971 21443
15971 21866
15971 21933
15971 22114
15971 22118
15980 12834
15980 16609
16018 929
16018 9057
16018 21884
16018 23535
16021 20924
16021 22026
16037 17342
16037 19554
16058 18755
16069 7759
16110 18452
16186 14171
16186 22147
16209 20993
16227 4685
16246 21939
16256 19498
16318 20432
16318 24033
16323 14232
16323 18813
16334 2831
16337 21861
16344 5088
16348 4685
16388 13744
16391 21778
16453 19047
16525 642
16525 4343
16525 15332
16525 19118
16579 24265
16581 9957
16581 21726
16609 15275
16649 12091
16675 213
16675 22513
16744 496
16744 1312
16748 9057
16786 13095
16816 20924
16856 5147
16856 8665
16895 2202
16907 7759
16945 22082
16949 4109
16949 11744
16949 21987
16954 24442
17016 14806
17121 10410
17155 18769
17157 18323
17157 21778
17260 22018
17272 19059
17291 21770
17338 14370
17338 20817
17342 20638
17358 12079
17358 15203
17358 19118
17358 22009
17358 22011
17374 15577
17414 21881
17424 19118
17539 213
17568 21154
17568 21471
17674 20198
17675 491
17675 2202
17682 21336
17683 2831
17683 4121
17683 14969
17742 20
17742 320
17742 17690
17742 22019
17830 677
17830 1197
17830 2831
17830 4829
17830 18769
17830 21640
17830 22136
17835 8996
17888 630
17888 21778
17941 8017
17951 9239
17951 17690
17951 22283
17977 4920
17977 21778
18033 20638
18034 20
18034 2361
18034 20817
18169 4343
18169 21625
18317 22132
18323 24206
18335 2036
18335 2194
18347 21815
18354 4154
18373 2416
18401 13634
18401 21838
18438 12079
18438 12177
18438 22132
18438 24480
18452 1015
18452 9459
18452 19432
18452 22050
18458 17460
18458 23348
18505 5645
18505 6598
18505 20976
18528 21572
18568 12829
18574 644
18574 20259
18602 5519
18602 7657
18602 11698
18602 11841
18602 15932
18602 16730
18602 17690
18602 18438
18602 19807
18602 20993
18602 21856
18602 22010
18602 22120
18604 12271
18689 2091
18689 3292
18689 7657
18689 7681
18689 13027
18689 18438
18689 19543
18689 21744
18696 19499
18729 5686
18731 20638
18745 1140
18745 21855
18761 22026
18769 12441
18769 16302
18813 13296
18917 19720
18944 2997
18991 21863
19047 1654
19047 21471
19048 11684
19062 22091
19062 22124
19082 18939
19089 9453
19093 2831
19093 7657
19093 12037
19093 20225
19093 21388
19106 804
19118 15738
19118 22132
19118 23795
19118 24033
19130 23235
19149 6450
19167 21778
19224 16368
19224 24442
19244 9781
19264 20572
19299 22080
19355 1846
19355 2134
19355 13694
19355 16706
19379 11378
19401 19118
19426 20238
19426 22050
19443 2349
19443 9312
19443 15738
19443 15895
19443 17690
19443 19118
19443 19822
19443 22050
19480 14023
19498 9629
19498 21979
19508 10738
19516 15021
19528 1934
19528 3947
19528 8999
19528 13270
19528 23795
19554 7037
19554 9724
19554 13786
19554 20285
19554 20935
19554 22043
19683 23144
19720 12665
19720 15203
19726 21807
19730 2361
19730 21832
19730 22070
19739 2134
19739 19901
19810 16946
19829 21572
19883 14904
19901 6714
19901 13295
19901 15117
19901 20225
19901 20599
19901 20951
19901 21778
19901 21980
19901 22100
19901 22126
19901 23795
19901 24127
19904 2134
19915 13003
19915 13969
19915 18602
19949 22100
19996 11488
20057 18363
20057 22057
20062 22099
20198 7074
20198 21939
20198 22101
20198 22116
20242 2549
20242 13492
20242 19499
20242 21818
20259 14301
20285 4242
20285 15980
20285 21468
20285 21863
20387 12188
20407 22634
20407 24265
20424 3496
20424 7082
20424 16478
20439 14806
20439 22100
20485 22113
20535 13296
20535 22094
20599 19149
20599 21899
20633 525
20633 4719
20633 7367
20633 9239
20633 11657
20633 12215
20633 12998
20633 13211
20633 14295
20633 20147
20633 21602
20633 21832
20633 21976
20633 21989
20633 22004
20633 22028
20638 2831
20638 4242
20638 7630
20638 13212
20638 16173
20638 21046
20638 21752
20638 21942
20638 22093
20638 22592
20650 1901
20650 10731
20650 21432
20676 2592
20676 5446
20676 21778
20710 5892
20710 8820
20710 9025
20728 21432
20728 21804
20728 21878
20729 20737
20729 21471
20817 686
20817 1318
20817 2831
20817 2962
20817 4121
20817 5447
20817 6167
20817 6319
20817 8031
20817 8403
20817 14301
20817 17357
20817 18535
20817 20259
20817 21778
20836 21336
20836 23795
20861 21861
20945 701
20976 3997
21022 13011
21074 1209
21074 22003
21089 4685
21089 10429
21096 21415
21103 14232
21103 16816
21182 15738
21240 16949
21240 21797
21240 22028
21240 23795
21243 11357
21243 21752
21243 22122
21247 22124
21300 495
21336 3519
21336 5912
21336 9239
21336 17462
21336 19554
21336 19949
21336 20924
21336 21810
21336 21853
21336 21968
21361 8383
21361 19421
21361 24710
21377 309
21377 642
21377 1934
21377 12829
21377 19443
21377 23944
21468 13184
21471 15321
21471 18095
21471 21542
21471 21744
21471 21790
21471 21807
21471 21836
21471 21947
21471 22412
21486 10196
21486 13346
21486 20729
21513 1018
21513 1913
21513 18128
21513 22044
21536 5530
21536 9320
21536 12326
21536 12367
21536 13744
21536 21833
21536 22100
21536 23711
21538 63
21538 3528
21538 4982
21538 6651
21538 8102
21538 11180
21538 16666
21538 22127
21542 23348
21572 2134
21598 18919
21611 19833
21687 23235
21694 20836
21699 1934
21699 3496
21699 7113
21699 15738
21699 19066
21699 19901
21699 21336
21699 21778
21699 21866
21699 21938
21699 22000
21699 22136
21710 21815
21728 21524
21733 12057
21753 2497
21757 22017
21780 9312
21780 21861
21783 21859
21784 17306
21784 18033
21784 20737
21786 1013
21786 9239
21786 12734
21786 12797
21786 13639
21786 15653
21786 21778
21786 21806
21786 21834
21786 22071
21786 23956
21803 17922
21808 15816
21816 9113
21831 4760
21839 2419
21841 2361
21847 12829
21852 4481
21860 15738
21861 15738
21863 21944
21865 2419
21876 9022
21878 34
21881 13560
21884 6167
21884 21972
21898 1209
21898 7405
21898 8470
21898 10836
21898 16323
21898 22276
21913 1105
21913 13744
21926 2549
21934 10459
21939 2091
21939 6319
21939 22002
21939 22034
21943 626
21952 2419
21954 7478
21954 13492
21954 21698
21954 22050
21959 19118
21965 4685
21966 5980
21966 22107
21966 24183
21967 5516
21969 9025
21981 16447
21982 4685
21984 19196
21986 24393
21993 11841
22019 23795
22022 1013
22022 1312
22022 2592
22022 5446
22022 10566
22022 13107
22022 19871
22022 20924
22033 22028
22052 2831
22058 22065
22061 22513
22073 9842
22084 20204
22097 3192
22098 2831
22101 22116
22106 1430
22110 3212
22110 3471
22112 4343
22115 8353
22134 14743
22148 22146
22208 21842
22210 15404
22276 19149
22276 22056
22283 13786
22283 14264
22412 642
22412 2091
22412 4685
22412 14232
22412 20407
22412 20924
22412 21752
22412 21833
22412 21834
22412 21861
22412 22056
22412 22149
22412 24707
22513 19505
22513 20057
22513 21945
22521 18788
22592 545
22592 6450
22598 34
22598 644
22598 22095
22598 23956
22634 11120
22634 18033
22634 22127
22708 4735
22708 21937
22906 701
22906 13409
22906 19118
22906 20800
22906 22315
22906 23795
22990 4685
23032 15738
23130 14264
23144 1901
23144 7352
23144 8025
23144 9953
23235 4920
23235 15738
23298 17342
23348 320
23348 2419
23348 2831
23348 7510
23348 9312
23348 12111
23348 13954
23348 20945
23348 21806
23348 21815
23348 21933
23348 22023
23348 22071
23348 23926
23376 19443
23535 1204
23535 9057
23707 596
23795 8031
23926 18033
23926 22077
23956 16186
24033 320
24033 2467
24033 12117
24033 21640
24033 21790
24133 12505
24133 21202
24183 12316
24226 1312
24226 6961
24226 11714
24226 18033
24226 19082
24226 19149
24226 21471
24226 21836
24226 21837
24226 21950
24226 22046
24226 22125
24226 24518
24252 1934
24252 14878
24252 15738
24252 17560
24252 22094
24265 17388
24265 19057
24322 21054
24386 24579
24393 7082
24404 16209
24442 1243
24442 4567
24442 4920
24442 11406
24442 17719
24442 18917
24442 19720
24460 18452
24460 18761
24492 21829
24492 21845
24568 3292
24568 5333
24568 12091
24568 14232
24568 17262
24568 18715
24568 19901
24707 4086
24707 5448
20 20449
90 16323
97 9239
155 6666
155 16010
155 22260
162 1658
197 1740
197 13305
213 701
213 1140
213 2384
213 8665
213 11313
213 11744
213 11861
213 11909
213 13570
213 14202
213 16579
213 18696
213 19499
213 21540
213 21643
213 21752
213 22286
213 22326
213 22345
213 22397
213 22399
213 22439
287 4667
287 9957
287 17742
287 22098
287 22423
320 287
320 1913
320 3986
320 4735
320 5115
320 7759
320 13003
320 13694
320 15698
320 15702
320 16944
320 18602
320 21974
320 22098
320 22367
320 22431
320 22476
331 644
331 6167
337 8709
344 17265
348 11930
348 18602
348 20408
386 714
386 22280
401 1382
406 16486
496 10811
496 17602
496 21752
525 20592
525 22259
530 14224
545 18602
546 13639
572 7022
572 17742
596 320
596 1934
596 3986
596 9957
596 12079
596 15702
596 17268
596 17682
596 18742
596 20337
596 20408
596 20465
596 21167
596 21716
596 21938
596 22078
596 22154
596 22273
596 22278
596 22281
596 22319
596 22395
596 22598
596 22634
601 9239
601 12998
601 16944
601 21524
613 14325
623 1403
623 5115
623 9022
623 19267
623 22173
623 22181
623 24226
630 644
630 21778
642 701
642 820
642 830
642 1665
642 2134
642 2633
642 2831
642 3954
642 4685
642 5539
642 7760
642 8321
642 9022
642 9177
642 9207
642 10325
642 10811
642 12152
642 13605
642 14370
642 14836
642 16209
642 17682
642 18761
642 18900
642 19020
642 19069
642 19499
642 19915
642 21514
642 21752
642 21805
642 21941
642 22146
642 22168
642 22169
642 22179
642 22286
642 22310
642 22319
642 22335
642 22360
642 22386
642 22391
642 24393
642 24480
674 11607
674 14292
674 17904
674 21110
701 1018
701 1141
701 1836
701 2091
701 2611
701 8852
701 9207
701 9541
701 14270
701 17738
701 17742
701 20841
701 21534
701 21752
701 21941
701 22153
701 22183
701 22241
701 22250
701 22259
701 22266
701 22327
701 22415
701 22446
701 22634
726 11776
776 18602
776 19721
804 6598
804 8709
804 14436
804 18761
810 10307
810 14171
810 14805
830 833
830 1312
830 3256
830 7305
830 10012
830 11909
830 16388
830 18525
830 19106
830 22178
830 22376
833 5805
833 9025
833 10790
833 19480
866 5946
866 9157
866 12025
876 1665
876 1861
876 5682
876 6869
876 7516
876 9057
876 13639
876 17788
876 18525
876 18611
876 20147
876 22124
876 22178
876 22357
907 21470
929 1582
929 14583
929 16656
929 22348
934 13305
943 18602
959 213
975 22411
993 22208
1013 830
1013 1312
1013 1665
1013 2794
1013 2831
1013 3774
1013 3954
1013 4242
1013 6058
1013 13212
1013 20449
1013 21341
1013 21752
1013 22071
1013 22119
1013 22142
1013 22146
1013 22442
1018 20
1018 1141
1018 1973
1018 2794
1018 8921
1018 9239
1018 9275
1018 17602
1018 17742
1018 20407
1018 21167
1018 22281
1018 22369
1018 22408
1105 545
1105 1312
1105 3705
1105 7292
1105 13236
1105 17268
1105 20841
1105 21075
1116 22249
1126 9957
1126 21752
1126 22442
1133 8197
1133 19499
1137 833
1137 6049
1137 6074
1137 7478
1137 9367
1137 10168
1137 11861
1137 13855
1137 16638
1137 18057
1137 22159
1137 22245
1137 22397
1140 642
1140 7666
1140 7760
1141 1235
1141 1913
1141 5892
1141 6961
1141 9177
1141 9842
1141 13181
1141 13905
1141 14599
1141 14969
1141 15888
1141 18424
1141 20892
1141 21954
1141 22161
1157 7410
1157 14106
1157 18194
1157 22341
1168 5856
1173 7759
1197 18602
1221 7082
1221 16160
1221 21941
1221 22286
1235 820
1235 20465
1235 21498
1235 22409
1235 24391
1244 22087
1244 22408
1266 19554
1312 2611
1312 4406
1312 4417
1312 4667
1312 6557
1312 9275
1312 9957
1312 10811
1312 12734
1312 12829
1312 16579
1312 17738
1312 19048
1312 20556
1312 22274
1312 22310
1312 22456
1312 22476
1312 24393
1313 21752
1317 20485
1346 6049
1354 3452
1380 22332
1393 2318
1393 17262
1393 21744
1403 17936
1403 22173
1411 9842
1430 9453
1430 12152
1430 16074
1430 16816
1430 16907
1430 21352
1430 21752
1430 24226
1538 8262
1538 11114
1538 11724
1538 22475
1543 1951
1547 21443
1582 596
1582 8665
1582 19277
1582 19989
1631 5178
1632 5892
1654 9957
1658 642
1658 4343
1658 8996
1658 9022
1658 14691
1658 20147
1665 6278
1665 8115
1665 8996
1665 9025
1665 14227
1665 20068
1665 21534
1665 22184
1665 22348
1667 2091
1667 8650
1667 16656
1740 934
1740 2794
1740 5856
1740 8949
1740 9742
1740 12079
1740 13218
1740 13305
1740 14988
1740 16613
1740 16744
1740 19011
1740 19499
1740 20592
1740 20836
1740 21214
1740 21447
1740 22028
1740 22257
1740 22270
1740 22326
1740 22399
1740 22400
1740 22419
1741 20572
1788 14202
1846 2275
1846 2831
1846 8650
1846 12829
1846 13738
1846 16486
1846 19441
1846 20650
1846 22445
1861 5682
1861 6869
1861 20147
1934 2831
1934 3774
1934 4242
1951 8921
1951 16074
1951 16209
1951 18602
1951 22254
1952 8407
1989 22285
2018 1957
2018 2831
2018 22291
2091 13027
2097 17262
2097 22120
2099 22241
2134 2194
2134 7082
2134 11698
2134 13750
2134 14145
2134 16085
2134 22320
2134 22379
2169 20519
2194 198
2194 20561
2194 24480
2197 2275
2197 2592
2197 12829
2197 19949
2197 20337
2197 22423
2197 22708
2274 22296
2307 22098
2329 8403
2361 2997
2361 10292
2361 16186
2361 19927
2361 24393
2370 16209
2384 6049
2384 6074
2384 10378
2384 16638
2384 17265
2384 22159
2387 642
2387 2194
2387 3921
2387 4735
2387 6742
2387 6874
2387 12484
2387 18034
2387 19554
2387 19721
2387 22468
2413 10012
2423 18420
2424 20572
2487 2767
2487 12757
2487 20650
2487 24442
2497 213
2497 2361
2497 8657
2497 10192
2497 12079
2497 13855
2497 17265
2497 19149
2497 22239
2581 198
2581 19720
2583 22098
2592 287
2592 623
2592 642
2592 2307
2592 2831
2592 3986
2592 7759
2592 10456
2592 11056
2592 11910
2592 12812
2592 12829
2592 13049
2592 13212
2592 16613
2592 18602
2592 20449
2592 20638
2592 21337
2592 21999
2592 22098
2592 24519
2594 11056
2629 630
2629 644
2629 21352
2629 22126
2629 23711
2633 623
2633 22352
2654 21493
2657 22357
2659 19604
2668 22262
2700 2831
2736 3051
2736 8477
2736 8996
2736 9213
2736 22277
2767 22336
2794 19949
2797 21461
2831 2819
2831 3921
2831 6278
2831 7510
2831 16323
2831 21752
2864 13735
2872 10517
2872 22329
2962 4920
2997 7326
2997 12041
2997 15895
2997 19915
2997 21110
3049 17262
3049 22445
3051 7778
3051 20743
3078 3452
3078 7717
3078 17449
3078 22598
3080 19011
3152 6528
3168 2387
3168 13723
3168 17742
3168 21483
3172 4066
3172 9022
3172 9239
3172 11676
3172 20915
3172 22708
3256 22305
3293 1170
3329 6278
3433 13049
3452 14490
3506 3292
3550 20389
3555 22404
3570 18696
3634 10836
3705 2134
3705 13305
3705 17876
3705 20689
3757 11743
3757 22099
3757 22260
3760 21938
3921 2307
3954 12734
3986 2387
3986 4567
3986 4712
3986 8361
3986 9275
3986 9957
3986 12797
3986 12829
3986 14232
3986 14706
3986 16833
3986 18602
3986 18619
3986 21155
3986 21233
3986 22356
3986 22474
3986 23795
4066 22208
4086 20
4086 22154
4086 22278
4121 18153
4121 22262
4121 22347
4125 5856
4154 7022
4158 8935
4158 9082
4158 11579
4158 16822
4158 18602
4191 12745
4237 7656
4237 9025
4237 11909
4237 14059
4237 18689
4237 22162
4242 1126
4242 4406
4242 4667
4242 4920
4242 6954
4242 7565
4242 7656
4242 8996
4242 9256
4242 12091
4242 13141
4242 14227
4242 14691
4242 16613
4242 19020
4242 20167
4242 20449
4242 20572
4242 21716
4242 21752
4242 21770
4242 22100
4242 22257
4242 22306
4271 13339
4280 13851
4343 9239
4343 22513
4406 833
4406 6049
4406 6095
4406 9745
4406 18086
4406 18876
4406 20147
4406 22332
4407 5795
4407 21524
4417 21471
4440 830
4440 2112
4440 16853
4459 18497
4465 17902
4549 20638
4567 12079
4567 21167
4567 22176
4578 5442
4578 12120
4667 18660
4667 21110
4667 23424
4685 9025
4685 9957
4685 12041
4685 17742
4781 21950
4794 833
4829 1846
4829 2197
4829 3055
4829 5854
4829 7082
4829 13003
4829 13738
4829 14325
4829 16550
4829 19362
4829 19499
4829 20561
4829 21075
4829 22241
4829 22307
4829 22318
4829 22372
4870 3921
4906 12900
4920 2329
4920 5178
4920 6104
4920 7326
4920 9022
4920 12249
4920 12326
4920 12863
4920 14219
4920 14583
4920 15814
4920 16388
4920 16907
4920 21058
4920 22231
4920 22354
5115 5769
5127 1312
5127 16388
5127 18602
5127 20647
5152 601
5152 20221
5152 22159
5152 22239
5178 8665
5178 9022
5178 13639
5178 14920
5178 18574
5178 22598
5178 22708
5232 13624
5261 21022
5261 21542
5282 6049
5282 13492
5282 20242
5311 4343
5311 4417
5311 5050
5311 5325
5311 6047
5311 7082
5311 12153
5311 12919
5311 13738
5311 14691
5311 18041
5311 19362
5311 20716
5311 20722
5311 21938
5311 22414
5311 22458
5345 16638
5345 18602
5408 20
5408 9957
5408 18978
5409 13726
5447 865
5447 8403
5447 9022
5447 9453
5509 623
5516 9957
5516 18199
5519 804
5519 8339
5519 9022
5519 9082
5519 13855
5614 2134
5615 2400
5639 1393
5639 12919
5639 17381
5639 22429
5639 22460
5658 12086
5658 12734
5658 13673
5658 21752
5658 22369
5689 16907
5689 22095
5753 4406
5753 22336
5753 22344
5769 22431
5795 6937
5795 21471
5801 701
5801 7747
5801 8852
5801 19872
5801 20147
5801 22286
5805 6049
5805 6485
5805 9367
5805 16656
5805 21027
5805 22513
5808 19499
5823 7759
5887 16744
5887 19499
5892 14412
5892 21954
5892 22355
5925 13065
5946 642
5946 8657
5946 12894
5946 12953
5946 16753
5946 16793
5946 20572
5946 21640
5946 24480
6047 22380
6049 1157
6049 7656
6049 11861
6049 21884
6058 6735
6095 5409
6104 20599
6125 6319
6125 15701
6167 6047
6167 7759
6167 8031
6167 13855
6167 16656
6167 18970
6167 21110
6167 22262
6247 22100
6267 4920
6278 642
6278 14232
6278 18033
6278 19087
6278 20485
6278 21514
6278 22411
6319 80
6417 13027
6417 14145
6417 19554
6417 19915
6417 22286
6481 15346
6481 17603
6485 4667
6485 8031
6485 9453
6485 17742
6485 19499
6485 21352
6485 21778
6528 14227
6528 15446
6528 17293
6528 17451
6528 17742
6528 21027
6531 13098
6545 6557
6557 3774
6557 4242
6557 8037
6557 12998
6557 13838
6557 14255
6557 17620
6557 18354
6557 18761
6557 19721
6557 20167
6557 20981
6557 21812
6557 22310
6557 22355
6557 22386
6557 22404
6589 22355
6589 23348
6598 3986
6598 8996
6598 12829
6598 22100
6598 22133
6598 22400
6666 4920
6666 14219
6666 18965
6666 21941
6666 23235
6735 11833
6735 14254
6735 19703
6735 20421
6735 22284
6735 22399
6736 20970
6742 19554
6850 9022
6850 19499
6850 19683
6851 17742
6869 9025
6869 16656
6869 20147
6869 21786
6874 1312
6954 9022
6955 2134
6955 5892
6955 13196
6955 20147
6955 20407
6961 198
6961 18033
6961 21812
6961 22146
6961 22355
6961 22431
7022 10862
7023 22412
7113 6666
7123 2794
7142 6047
7186 16209
7305 21524
7405 4920
7405 20638
7410 14227
7410 18761
7410 21493
7470 22099
7499 21074
7510 18355
7510 21514
7510 22176
7510 22439
7514 4920
7514 5409
7514 5856
7514 6278
7514 7630
7514 9842
7514 14599
7516 5805
7516 7478
7516 13492
7516 16944
7630 8921
7630 14401
7630 20817
7630 21858
7648 2349
7648 6961
7648 13406
7648 16771
7648 18323
7648 18761
7648 19720
7648 22159
7656 22379
7717 22278
7759 701
7759 2091
7759 10761
7759 17105
7759 17449
7759 17742
7759 19149
7759 20841
7759 22098
7759 22254
7759 22293
7778 1582
7778 13735
7778 15814
7778 16550
7778 23473
7934 9776
7973 14836
7973 21514
8005 18660
8031 1105
8102 287
8102 2091
8102 7759
8102 12079
8102 12289
8102 17785
8102 21938
8102 22153
8102 22320
8102 22339
8107 13969
8133 701
8232 1934
8232 1973
8232 2984
8232 4242
8232 6735
8232 9555
8232 12191
8232 12734
8232 12998
8232 13723
8232 13899
8232 14145
8232 14254
8232 17602
8232 18354
8232 18761
8232 21202
8232 21493
8232 21645
8232 21752
8232 22405
8235 12090
8235 13634
8235 18761
8235 20689
8235 22374
8238 8996
8238 21524
8238 21752
8238 22172
8252 14141
8262 16478
8289 804
8305 8235
8305 20836
8305 22159
8403 2962
8403 9453
8403 19989
8421 13750
8421 22407
8452 19825
8477 21538
8477 21699
8601 20387
8657 213
8665 642
8808 11909
8808 22245
8820 5345
8820 13786
8820 24033
8820 24579
8852 10681
8921 8996
8921 9275
8921 13034
8921 18602
8921 22098
8921 24033
8921 24480
8935 4920
8935 9868
8935 13049
8935 15702
8935 16822
8935 20638
8935 21341
8935 22233
8935 22257
8935 22259
8995 21566
8996 1382
8996 7499
8996 10566
8996 11579
8996 15161
8996 15512
8996 22345
9005 22396
9018 20638
9022 1384
9022 9057
9022 13327
9022 15332
9022 22285
9025 162
9025 2275
9025 2349
9025 2933
9025 2962
9025 6049
9025 11909
9025 12041
9025 12079
9025 12797
9025 13639
9025 13738
9025 16656
9025 17265
9025 20561
9025 21027
9025 21074
9025 22245
9025 22286
9025 22405
9025 22416
9025 22420
9025 22513
9057 642
9057 1312
9057 2489
9057 3168
9057 3336
9057 4567
9057 5545
9057 6485
9057 7326
9057 7987
9057 8140
9057 8238
9057 13003
9057 13212
9057 13346
9057 13855
9057 14403
9057 14668
9057 15332
9057 15702
9057 16388
9057 17620
9057 17682
9057 17742
9057 18323
9057 18602
9057 18761
9057 19467
9057 19920
9057 20225
9057 21419
9057 21752
9057 22257
9057 22261
9057 22337
9057 22346
9057 22400
9057 22406
9057 22420
9082 17742
9082 18602
9157 18153
9177 3777
9177 6210
9177 15702
9177 22049
9177 22311
9187 8262
9187 8564
9187 12467
9213 24718
9238 11776
9238 16074
9238 20408
9238 21938
9238 22291
9238 22356
9238 22365
9239 642
9239 701
9239 993
9239 2592
9239 2794
9239 3555
9239 4271
9239 6961
9239 8232
9239 17451
9239 18025
9239 18194
9239 18505
9239 19554
9239 21752
9239 21941
9239 22028
9239 22121
9239 22159
9239 22282
9239 22352
9239 22400
9239 22404
9275 19138
9392 503
9453 3774
9453 13212
9453 19901
9453 21778
9494 7759
9516 4406
9524 820
9553 12079
9553 17262
9553 21443
9600 2091
9600 13027
9679 18199
9679 18545
9713 14202
9713 18057
9833 13840
9842 2962
9842 9957
9842 10429
9842 14219
9842 14387
9842 16000
9842 16388
9842 16853
9842 18602
9842 21778
9842 22098
9842 24393
9920 3563
9920 20904
9920 22291
9957 12797
9957 15702
9964 12834
10021 1013
10021 13212
10028 22252
10121 19499
10121 22304
10133 19988
10168 1221
10168 4406
10168 15638
10168 16160
10168 16638
10168 16675
10168 22397
10207 13442
10273 11909
10292 320
10292 1013
10292 1018
10292 1140
10292 2831
10292 4280
10292 4417
10292 15261
10292 15702
10292 16822
10292 16907
10292 17195
10292 18449
10292 20485
10292 21161
10292 21341
10292 21752
10292 22068
10292 22152
10292 22171
10292 22355
10292 22598
10343 22598
10351 23348
10359 12829
10378 17897
10429 1913
10429 21941
10429 22318
10429 22325
10429 23348
10566 21752
10566 22319
10566 22476
10568 15282
10627 14232
10676 14270
10718 2387
10718 3051
10718 9022
10718 9453
10790 14023
10811 2592
10811 4417
10811 12734
10811 13049
10811 17268
10862 19938
11040 18153
11087 19554
11114 21471
11149 21542
11167 16388
11230 5516
11291 8361
11291 21742
11313 22245
11332 701
11342 8921
11342 12086
11342 24345
11406 1846
11406 5808
11406 21753
11507 17157
11579 18194
11579 18602
11607 17904
11684 2361
11684 2594
11684 3528
11684 5702
11684 8237
11684 9152
11684 12079
11684 13356
11684 13738
11684 15738
11684 16323
11684 18086
11684 18338
11684 18602
11684 19499
11684 21514
11684 21604
11684 22461
11698 15735
11700 4667
11705 22598
11730 12079
11733 17742
11733 24435
11739 8852
11743 16833
11743 17682
11743 18742
11743 21716
11743 22260
11744 1157
11744 14888
11744 16675
11758 21604
11776 15346
11776 15971
11785 15814
11785 22460
11819 12829
11819 22181
11819 22402
11819 22708
11848 14232
11848 17742
11848 20407
11848 21643
11861 14414
11861 20910
11870 11772
11909 1658
11909 13855
11909 18057
11909 22360
11918 386
11930 16541
11994 13034
12012 642
12025 2831
12025 3921
12025 5946
12025 7953
12025 21853
12025 22456
12046 22154
12063 22513
12091 642
12091 12465
12091 14067
12091 15814
12091 21716
12091 22318
12091 22335
12091 23434
12135 287
12135 623
12135 701
12135 2307
12135 7630
12135 11776
12135 16822
12135 17682
12135 21752
12135 22119
12135 22259
12135 22291
12135 24033
12141 19138
12239 21744
12239 22407
12272 16209
12343 820
12358 2933
12358 16613
12358 22416
12367 12829
12367 21752
12367 22157
12456 16550
12588 12998
12588 20836
12588 21447
12665 3921
12680 12091
12720 9453
12720 14301
12734 2831
12734 4242
12734 11819
12734 13639
12734 16076
12734 20609
12734 20638
12734 21752
12734 22165
12734 22319
12734 22439
12734 24393
12812 1013
12812 22098
12820 6354
12829 2487
12829 13212
12834 8235
12834 22167
12863 15117
12870 2384
12870 3921
12870 6049
12870 6074
12870 10168
12894 2275
12894 19069
12894 22304
12900 993
12900 1141
12900 7656
12900 12220
12900 18025
12900 19988
12900 20828
12900 21645
12900 22245
12900 24710
12907 7514
12919 21840
12960 17105
12960 21471
12964 13236
12964 15024
12991 22120
12998 23782
13003 22338
13011 14322
13011 16656
13026 23795
13027 16648
13027 17262
13027 20710
13027 22104
13027 22286
13027 22408
13049 804
13049 9025
13049 22423
13065 12079
13065 13109
13065 16816
13065 19020
13065 22100
13086 2594
13121 10168
13121 22159
13191 15277
13191 22275
13204 9239
13211 13750
13212 18449
13212 19721
13212 22319
13236 22249
13247 17358
13247 22414
13270 13758
13270 22364
13305 4406
13305 6557
13305 8262
13305 17742
13305 19703
13305 21447
13305 21694
13305 21770
13305 21812
13305 22344
13305 22389
13305 22416
13305 22464
13343 14888
13343 19499
13343 22239
13346 22098
13370 8921
13379 14370
13379 21294
13431 19011
13442 4735
13470 18086
13470 19499
13485 23711
13492 2384
13492 11313
13492 12998
13492 14888
13492 16656
13492 16944
13492 18696
13492 21524
13492 22124
13492 22364
13507 15282
13516 19499
13570 21665
13570 22351
13584 20981
13604 22455
13605 15024
13639 489
13639 1018
13639 2933
13639 2997
13639 4406
13639 4920
13639 5409
13639 6485
13639 6954
13639 7630
13639 8031
13639 8197
13639 9011
13639 9022
13639 14232
13639 14888
13639 15261
13639 16087
13639 16944
13639 17041
13639 17742
13639 18611
13639 19080
13639 19087
13639 19432
13639 19888
13639 21483
13639 22164
13639 22172
13639 22177
13639 22281
13639 22310
13639 22446
13665 20285
13684 14888
13684 19226
13684 21524
13684 21770
13684 22304
13684 22464
13723 4242
13723 17742
13723 21752
13735 17381
13735 23473
13744 2056
13744 20572
13744 22111
13750 4667
13750 22304
13786 701
13786 1018
13786 2134
13786 2182
13786 2933
13786 2962
13786 3705
13786 4406
13786 6589
13786 6869
13786 8632
13786 9022
13786 9207
13786 9453
13786 11056
13786 11910
13786 13431
13786 14888
13786 15369
13786 16944
13786 18574
13786 18602
13786 19069
13786 20817
13786 20841
13786 21493
13786 21534
13786 21752
13786 22259
13786 22338
13786 22355
13786 22364
13786 23424
13797 24579
13838 6961
13838 11779
13838 22276
13845 11994
13851 6167
13871 8852
13954 18602
13954 22436
13969 6742
13969 10378
13969 12209
13969 13337
13969 21447
13969 22309
14059 17706
14094 8031
14094 18525
14113 16863
14125 22426
14145 13204
14145 17830
14219 6557
14219 12998
14219 21770
14219 22030
14227 5545
14227 5892
14227 7292
14227 16613
14227 19069
14227 21419
14227 21752
14227 22439
14232 496
14232 1235
14232 5892
14232 6961
14232 6966
14232 7514
14232 11056
14232 12465
14232 12829
14232 13034
14232 13042
14232 13835
14232 15710
14232 17742
14232 18602
14232 18900
14232 20285
14232 20638
14232 21341
14232 22237
14232 22262
14232 22365
14232 22460
14232 22470
14232 24393
14239 21524
14270 22339
14292 8852
14292 22350
14293 213
14293 5617
14293 13639
14293 17265
14293 22159
14293 22286
14295 22314
14295 22419
14322 21471
14325 5854
14325 7656
14327 19948
14355 17891
14370 12829
14387 3921
14387 14270
14387 16656
14387 18041
14387 18199
14387 21753
14401 2018
14401 22136
14401 22159
14414 6049
14490 15702
14490 21432
14490 22262
14507 701
14583 15117
14599 2831
14678 9057
14678 22406
14743 22439
14749 9011
14806 287
14806 20147
14806 21665
14812 11929
14821 7215
14822 22098
14836 24226
14888 16656
14919 22257
14920 2318
14920 7326
14920 7717
14920 13855
14920 16388
14920 21167
15024 2194
15024 19499
15099 13838
15099 21752
15147 22386
15161 701
15198 21805
15229 20592
15259 13969
15259 21447
15261 471
15282 22099
15332 22171
15370 21498
15375 22329
15447 22286
15450 1221
15450 7759
15450 9239
15450 20147
15488 12220
15610 13797
15640 18505
15643 11342
15648 21752
15653 903
15698 3293
15698 18626
15698 22208
15702 2467
15702 4735
15702 17338
15702 21352
15758 17602
15814 3051
15814 3452
15814 5311
15814 7470
15814 7717
15814 8407
15814 14067
15814 16074
15814 17262
15814 18186
15814 18274
15814 20961
15814 21716
15814 22099
15814 22243
15814 22260
15814 22335
15814 22366
15814 22460
15868 24518
15879 22292
15888 20
15967 11929
15971 701
15971 1038
15971 6167
15971 7717
15971 17105
15971 22414
15971 24226
15978 4086
15978 22154
16067 22364
16076 20883
16076 22286
16159 24393
16186 18602
16186 22168
16316 14232
16316 20638
16323 2307
16323 5409
16334 9453
16336 8037
16336 21493
16348 12829
16348 22423
16388 2831
16388 3921
16388 12079
16388 22708
16410 10640
16525 2767
16579 7759
16579 20638
16581 16388
16609 14806
16613 212
16613 7656
16613 11378
16613 22389
16613 22439
16656 7305
16656 14698
16656 16944
16656 17265
16656 22088
16656 22177
16656 23795
16662 287
16675 22286
16684 21461
16730 1312
16762 5178
16771 2831
16816 22280
16859 14888
16859 22280
16859 22416
16884 287
16884 1973
16884 22423
16904 6735
16904 18602
16921 12876
16938 701
17041 22172
17113 12940
17113 14200
17121 6417
17155 11050
17155 17830
17179 21524
17180 22245
17262 2361
17290 7022
17290 22152
17290 22184
17291 22282
17293 2794
17293 17109
17300 19847
17300 22389
17358 22142
17358 22154
17449 19720
17491 11276
17566 21089
17603 252
17620 9025
17675 701
17675 6095
17675 22397
17683 15814
17739 4920
17742 18602
17742 21752
17810 2592
17829 9256
17829 20421
17829 22124
17830 993
17830 12829
17830 22436
17830 22440
17830 22455
17876 22460
17897 15251
17930 12829
17950 16074
17951 14227
17978 22243
18003 7759
18025 19988
18034 22598
18136 23707
18169 20147
18211 19720
18227 3130
18227 23348
18323 2467
18338 18602
18354 22405
18401 17449
18414 14301
18418 5801
18418 8852
18438 21941
18443 2594
18449 18602
18449 22157
18452 5856
18497 14888
18497 18194
18505 20689
18505 20836
18505 22121
18514 21830
18515 19825
18515 24033
18574 1430
18574 9453
18574 18414
18602 3954
18602 5539
18602 11507
18602 18689
18602 20599
18602 21330
18602 21716
18602 22163
18602 22342
18602 22411
18619 1913
18619 4920
18619 13580
18619 22407
18689 10517
18689 12991
18689 13236
18689 16478
18697 14386
18761 6874
18769 3452
18769 3704
18769 4242
18769 4920
18769 7454
18769 13735
18769 14888
18769 18029
18769 22347
18769 22377
18769 23235
18769 23795
18796 17742
18901 99
18939 5115
18939 14054
18939 21881
18939 22275
19010 19438
19011 20633
19020 22289
19048 1973
19048 24226
19059 19106
19069 22253
19080 13786
19080 19362
19080 22245
19087 21784
19093 2633
19106 23941
19118 6735
19118 17742
19118 19087
19138 22412
19149 19807
19240 16085
19264 5518
19264 5856
19264 18993
19264 22162
19264 22286
19266 22098
19277 14202
19328 16656
19354 23348
19355 11698
19355 16478
19379 20970
19421 993
19426 2831
19426 9461
19426 10856
19426 13316
19426 14538
19438 7410
19443 6487
19443 22098
19480 5805
19480 6049
19499 21471
19505 14888
19527 9392
19528 475
19528 1351
19528 13346
19528 14920
19528 16983
19553 138
19553 280
19553 601
19553 1116
19553 3591
19553 4913
19553 6681
19553 9177
19553 9842
19553 11313
19553 14045
19553 14920
19553 15407
19553 17801
19553 18195
19553 18940
19553 19957
19553 22167
19553 22634
19553 23360
19553 24568
19554 993
19554 14145
19554 22425
19554 22427
19560 21867
19632 4920
19632 14668
19632 22310
19632 24393
19683 5808
19683 7478
19683 10168
19683 11909
19683 16638
19683 16656
19683 18086
19683 22132
19683 22397
19685 644
19685 1013
19703 22399
19726 14797
19726 16478
19730 6049
19730 14888
19730 21945
19868 8665
19871 14227
19871 21752
19901 489
19901 644
19901 22347
19901 22348
19915 13027
19915 15488
19915 16579
19915 19554
19915 21876
19915 22285
19915 23348
19938 12079
19938 14609
19949 9022
19949 12829
19949 14490
19949 20963
19989 22598
20057 473
20057 24393
20062 21602
20198 22247
20242 4406
20242 22449
20259 16863
20276 14807
20285 22282
20291 16656
20369 20650
20387 22245
20389 22405
20413 22449
20449 3954
20449 20167
20449 21752
20449 22143
20490 6278
20532 16186
20535 1913
20556 16318
20572 6937
20572 13738
20599 4920
20609 20638
20633 1740
20633 6058
20633 6557
20633 9555
20633 15628
20633 18058
20633 20689
20638 642
20638 12091
20638 13034
20638 16209
20638 22098
20638 22165
20650 1913
20650 24033
20689 9555
20707 13855
20729 21974
20817 630
20817 1430
20817 9022
20817 12789
20817 14219
20817 22264
20817 22387
20886 13049
20957 23348
21038 12633
21038 16209
21038 16352
21038 16853
21038 21471
21038 21527
21038 21838
21038 22116
21038 22634
21074 17180
21074 20561
21074 22420
21089 2997
21089 15702
21110 496
21110 2831
21110 13885
21110 17454
21168 18602
21202 12829
21213 15738
21233 9842
21240 8949
21240 13634
21240 21812
21240 22416
21247 12998
21330 3777
21330 20638
21336 833
21336 866
21336 6485
21336 7326
21336 7740
21336 8031
21336 8996
21336 9157
21336 9842
21336 10168
21336 14490
21336 16160
21336 17449
21336 18219
21336 18999
21336 21184
21336 22100
21336 22133
21336 22208
21419 4417
21443 3130
21447 22399
21468 11980
21468 22121
21471 12633
21471 18186
21471 22149
21471 22155
21471 22248
21483 17742
21513 19847
21526 22319
21536 10566
21536 13639
21538 6047
21538 21971
21564 17184
21580 20337
21614 2194
21633 22237
21646 18034
21651 22267
21699 320
21699 3051
21699 3921
21699 6125
21699 7778
21699 9842
21699 11833
21699 13735
21699 13885
21699 15648
21699 16656
21699 17381
21699 18900
21699 18965
21699 20147
21699 20572
21699 21110
21699 22245
21699 22277
21699 22407
21752 3874
21752 6557
21752 13639
21752 18602
21752 22022
21752 22259
21752 22281
21752 22310
21784 8197
21784 14202
21784 18660
21784 20407
21784 20710
21784 21566
21784 22369
21784 22401
21784 22403
21784 22409
21784 22448
21784 22462
21786 1105
21786 1312
21786 6598
21786 19138
21786 20970
21786 22412
21800 9555
21800 12998
21876 9957
21876 10679
21878 1141
21878 13068
21913 4406
21913 14888
21913 18876
21926 22133
21954 162
21954 16492
22022 1658
22022 2611
22022 4242
22022 7410
22022 14227
22022 21643
22028 6385
22028 24252
22071 2592
22071 23795
22080 22182
22098 642
22098 6961
22098 9018
22098 11819
22098 12152
22098 14920
22098 20961
22098 24404
22098 24519
22112 19499
22155 22634
22156 8922
22164 3996
22165 24226
22166 23741
22173 24226
22174 8077
22175 6040
22177 17742
22208 8632
22208 10378
22208 21996
22233 24445
22236 21270
22248 22634
22255 1392
22255 5191
22257 14888
22257 20312
22258 14835
22261 18196
22263 2207
22264 3777
22265 19988
22269 21402
22276 14822
22277 3051
22280 22306
22280 22405
22281 22278
22283 2091
22283 20421
22283 22413
22284 7082
22287 8321
22288 9177
22299 22209
22300 1407
22301 21429
22314 16613
22316 6557
22321 21770
22322 21058
22333 11579
22340 17850
22341 5409
22343 5518
22359 12727
22363 22355
22364 22357
22367 21040
22370 21994
22372 13003
22372 22338
22376 9025
22383 6885
22401 2831
22403 705
22412 830
22412 8665
22412 13694
22412 16822
22412 17268
22412 20337
22412 21341
22412 21999
22412 22049
22412 22184
22412 22337
22412 22395
22412 22463
22412 22475
22421 13406
22428 7258
22430 701
22430 8921
22431 23348
22432 12841
22435 907
22443 18602
22444 9022
22446 24226
22451 21240
22453 21753
22459 9853
22467 5242
22473 17742
22475 3162
22477 20408
22513 4406
22513 6485
22513 12079
22513 13855
22513 16944
22513 19499
22513 21540
22513 24442
22536 11579
22536 20716
22536 21524
22598 6512
22598 9453
22598 18338
22598 22056
22634 155
22634 10991
22634 18136
22634 22260
22708 8709
22708 12829
22708 22266
22724 14232
22906 11378
23130 22413
23235 22262
23235 22310
23348 820
23348 2091
23348 6961
23348 7292
23348 8564
23348 9177
23348 9957
23348 12041
23348 12633
23348 13470
23348 14270
23348 14387
23348 16076
23348 19087
23348 19671
23348 20638
23348 20841
23348 21941
23348 22098
23348 22355
23348 22439
23348 22468
23348 24033
23782 17291
23782 22282
23926 4685
23956 23226
24033 2831
24033 3921
24033 22071
24133 21994
24133 22399
24150 2091
24150 2361
24150 18602
24183 21498
24195 22243
24226 12152
24226 13034
24226 14232
24226 16579
24226 21568
24250 4343
24252 1013
24252 1312
24252 10292
24252 16822
24252 17742
24252 22169
24252 23348
24310 18689
24322 12120
24354 13605
24386 21784
24393 9082
24393 20147
24393 22439
24393 22708
24442 6437
24442 11569
24442 19470
24442 22391
24460 804
24460 21786
24460 22408
24460 22420
24492 934
24492 2984
24492 15867
24492 16744
24492 18194
24518 4086
24518 4712
24518 17742
24519 1312
24526 3570
24555 12319
24568 9177
24568 12960
24568 18199
24568 22407
24579 7113
24579 12998
