24740 7293
1 7478
1 7656
20 3986
20 6557
20 12600
20 14500
34 540
57 5357
90 4242
90 5409
155 3951
155 21699
162 1632
162 10307
213 5953
213 6040
213 12178
213 18239
255 8421
255 15117
255 15872
255 17904
260 5105
271 4340
277 394
277 12829
287 642
287 929
287 18058
287 18463
287 19432
287 22276
320 642
320 6247
320 6478
320 10199
320 10227
320 10429
320 11342
320 11717
320 11936
320 11974
320 14427
320 16522
320 16652
320 17432
320 18264
320 18321
320 18347
320 18490
320 18501
320 18546
320 18552
320 18563
320 19554
344 8996
344 16557
344 16638
344 17004
344 17675
386 215
386 496
386 642
386 14427
386 14509
386 17472
386 18234
386 18521
386 18574
386 24033
401 6095
401 11378
406 15447
412 1141
412 1312
412 2304
412 3874
412 3995
412 8202
412 9057
412 14403
412 18253
412 18336
465 1878
496 4158
525 2225
525 9239
525 20285
540 1887
546 1318
546 5517
546 12367
546 12734
546 14232
570 3705
572 7427
596 642
596 2091
596 2134
596 7843
596 7955
596 8232
596 11717
596 12123
596 12665
596 15429
596 16052
596 16478
596 16794
596 18143
596 18264
596 18303
596 18342
596 18383
596 18384
596 18521
596 18635
596 23360
596 23424
601 287
601 9453
601 9842
601 14145
601 14806
623 1141
623 1549
623 12806
623 13624
623 15605
623 17566
623 18239
623 18602
627 20638
630 5447
630 6280
630 10543
630 13631
630 13851
630 14975
630 18471
630 20817
642 929
642 1951
642 3275
642 6247
642 7759
642 11717
642 11855
642 12079
642 12829
642 13099
642 13128
642 13245
642 13840
642 16069
642 16793
642 16810
642 17100
642 17534
642 17679
642 17885
642 18132
642 18162
642 18321
642 18382
642 18383
642 18581
642 18615
642 23360
642 23912
644 3591
644 7465
644 9453
674 1393
674 5639
687 12289
687 16773
687 23348
701 866
701 3172
701 4340
701 5950
701 7465
701 11881
701 12289
701 12806
701 13460
701 18314
701 18452
701 24404
702 15714
726 7266
726 17842
728 1632
728 2194
776 9025
804 15117
804 15427
804 20285
810 1230
830 10199
833 344
833 18028
833 21884
834 16134
847 18689
866 18286
866 24404
876 215
876 3143
876 6598
876 6869
876 13270
876 18386
876 22217
878 2736
895 14295
929 3168
929 6247
929 9453
929 10811
929 18283
929 23235
934 8127
934 10239
934 12178
934 18281
943 18311
949 11980
1013 934
1013 1934
1013 9415
1013 12985
1013 13754
1013 14822
1013 16522
1013 18486
1013 18563
1013 18576
1013 18613
1013 18652
1018 929
1018 2592
1018 10811
1018 13544
1018 15870
1018 17829
1018 18452
1050 14387
1057 5409
1105 320
1105 344
1105 2794
1105 3705
1105 4624
1105 6124
1105 7921
1105 8996
1105 9713
1105 11313
1105 14427
1105 16522
1105 17742
1105 17842
1105 18288
1105 18386
1105 20673
1105 23235
1116 12288
1116 14920
1116 17771
1116 18065
1116 18527
1126 6720
1137 1658
1137 3227
1137 5567
1137 6598
1137 6850
1137 11909
1137 12079
1137 17039
1137 17231
1137 18058
1137 18591
1137 18643
1137 22217
1141 701
1141 4578
1141 13639
1141 24404
1165 17680
1173 9494
1173 18211
1173 18513
1221 2497
1221 3425
1221 7082
1221 9025
1221 13639
1244 5812
1244 7315
1244 9957
1244 16134
1312 642
1312 1318
1312 1951
1312 2983
1312 3814
1312 14550
1312 14822
1312 17679
1312 17738
1312 17856
1312 18577
1312 18602
1313 3528
1313 14130
1317 14976
1317 18299
1318 9275
1346 6167
1346 18267
1354 929
1393 16478
1403 12172
1403 13460
1403 18452
1411 23795
1430 1312
1430 2983
1430 4920
1430 5178
1430 7843
1430 8232
1430 9160
1430 9453
1430 11866
1430 12326
1430 12812
1430 12903
1430 13492
1430 13708
1430 14975
1430 15117
1430 17218
1430 18247
1430 18329
1430 18346
1430 18520
1430 18608
1430 18619
1430 18642
1430 21240
1430 23235
1430 24033
1520 4125
1520 8659
1520 11819
1520 18259
1527 2134
1538 18013
1538 18256
1547 22601
1581 17358
1632 2194
1632 4829
1632 10410
1632 11855
1632 16256
1632 16522
1632 18513
1632 18602
1632 21954
1632 23795
1633 9025
1639 2158
1654 906
1654 11342
1654 14387
1657 1538
1658 412
1658 3292
1658 4274
1658 5539
1658 9126
1658 16557
1658 17675
1658 18512
1658 18520
1658 18609
1667 8650
1667 13639
1667 15117
1667 16323
1667 24150
1692 5892
1740 3705
1740 4355
1740 6557
1740 14295
1740 16613
1740 20285
1741 5409
1741 5892
1741 7648
1741 10719
1741 12079
1741 15710
1741 18086
1788 18607
1788 23360
1807 14147
1817 8632
1817 18505
1846 277
1846 394
1846 8305
1846 8650
1846 12172
1846 14387
1846 16134
1846 16323
1846 16589
1846 18278
1846 23912
1861 12665
1861 14414
1899 18517
1913 9025
1934 12367
1934 14806
1934 21786
1951 3016
1951 3874
1951 4350
1951 4441
1951 7465
1951 7843
1951 7923
1951 8232
1951 9275
1951 9957
1951 13245
1951 13460
1951 13553
1951 13840
1951 14062
1951 15975
1951 15980
1951 16850
1951 17218
1951 17557
1951 17711
1951 17856
1951 17904
1951 18246
1951 18264
1951 18275
1951 18320
1951 18321
1951 18358
1951 18570
1951 18577
1951 18579
1951 18602
1951 18617
1951 19915
1951 23235
1951 23360
1951 23933
1951 24404
1951 24568
2018 814
2018 14211
2091 17358
2134 285
2134 4966
2134 5303
2134 5892
2134 8102
2134 10429
2134 12319
2134 13712
2134 15710
2134 18325
2134 18447
2134 18602
2134 22882
2134 24310
2158 4920
2158 6557
2158 15117
2194 3292
2194 4829
2194 9011
2194 10410
2194 13684
2194 13900
2194 14401
2194 15610
2194 18513
2194 21336
2194 24722
2197 1817
2197 2421
2197 2920
2197 2997
2197 3803
2197 6054
2197 8949
2197 9664
2197 12090
2197 12829
2197 13109
2197 16388
2197 16458
2197 18216
2197 18300
2197 18363
2197 18503
2197 18605
2197 18651
2197 23912
2199 16363
2225 12153
2361 7803
2361 11758
2361 16186
2361 16924
2361 18226
2361 18584
2384 12315
2387 4125
2387 6310
2387 8935
2387 9834
2387 17651
2387 18523
2387 18621
2387 22283
2411 386
2411 1741
2411 1878
2411 17675
2423 12153
2424 7082
2424 12727
2424 13604
2424 15710
2424 16810
2424 18230
2440 24710
2442 5886
2442 6520
2455 5639
2455 7759
2487 5409
2487 8650
2487 12829
2487 14370
2487 18216
2497 3425
2497 3430
2497 4094
2497 8237
2497 8650
2497 9025
2497 9351
2497 11892
2497 12079
2497 13270
2497 13772
2497 14387
2497 14483
2497 15684
2497 16323
2497 16589
2497 16892
2497 18086
2497 18268
2497 18335
2497 18342
2497 18474
2497 18509
2497 18523
2497 18536
2497 24310
2499 17945
2583 4533
2592 242
2592 642
2592 3016
2592 6124
2592 6247
2592 8310
2592 9160
2592 9957
2592 13311
2592 13524
2592 15643
2592 17679
2592 18225
2592 18321
2592 18343
2592 18602
2594 14304
2622 16794
2622 17675
2659 5578
2736 7082
2736 7354
2736 7470
2736 17888
2736 18480
2736 18569
2790 12211
2851 19187
2872 15252
2872 18325
2886 14301
2931 12863
2931 15006
2983 18608
2997 2440
2997 2920
2997 9126
2997 12079
2997 13003
2997 13580
2997 13969
2997 14202
2997 15099
3049 642
3049 9542
3049 16810
3072 115
3078 2194
3080 12396
3143 11909
3168 1951
3168 11929
3168 14136
3168 18537
3172 642
3172 12829
3172 14785
3172 15461
3172 17793
3247 11579
3247 18315
3255 4242
3292 18512
3337 12079
3425 7759
3425 7760
3425 8305
3425 13270
3425 18065
3425 18245
3433 13524
3433 18576
3528 1410
3528 14691
3528 17262
3541 7778
3607 18602
3620 15499
3620 18041
3620 18565
3620 18601
3705 3292
3705 17504
3757 2592
3757 16377
3757 18624
3803 4920
3803 8949
3803 17487
3835 16443
3874 24226
3951 7470
3951 9160
3951 10544
3951 18619
3951 23360
3986 6104
3986 7266
3986 8422
3986 9160
3986 9957
3986 12829
3986 17358
3986 18041
3986 18546
3986 18602
3986 19177
3986 23991
4015 21240
4086 12863
4086 13406
4094 14787
4121 386
4121 1906
4121 8403
4121 10543
4121 15702
4121 18520
4121 23795
4125 9800
4126 18643
4158 1740
4158 17039
4191 4966
4191 8709
4191 11313
4191 12668
4191 17675
4196 188
4196 8996
4242 1126
4242 12198
4242 13639
4242 18235
4242 18263
4331 1887
4331 8996
4331 9005
4331 16684
4343 18264
4343 22225
4350 14067
4350 17557
4355 14295
4406 3143
4406 6598
4406 12539
4407 10811
4407 16396
4408 9842
4408 18240
4408 18478
4440 3425
4440 18211
4482 337
4533 8031
4567 8232
4567 11974
4567 17945
4567 18335
4567 18576
4624 1018
4685 8005
4685 9160
4685 11936
4685 15117
4685 17662
4685 17994
4685 18239
4685 18447
4685 18450
4685 18627
4685 18637
4712 13247
4828 12079
4829 4624
4829 5801
4829 18513
4871 9256
4920 386
4920 630
4920 2194
4920 2794
4920 5178
4920 5311
4920 5409
4920 5447
4920 6280
4920 8403
4920 9453
4920 11866
4920 12573
4920 13506
4920 14271
4920 14301
4920 14975
4920 16153
4920 16396
4920 17358
4920 17432
4920 17888
4920 18362
4920 18368
4920 18611
4920 20817
4920 22598
4920 23921
4920 24365
4926 2446
4926 13270
4928 7955
4928 18592
4989 2194
5052 18030
5105 15648
5105 22276
5150 18520
5152 1346
5178 804
5178 929
5178 9842
5178 10543
5178 12326
5178 13492
5178 15099
5178 15117
5178 15814
5178 18311
5261 6040
5261 9842
5261 9957
5261 16134
5261 18264
5261 18602
5261 21772
5311 4624
5311 5409
5311 7266
5311 9025
5311 12079
5311 13772
5311 14236
5311 14387
5311 15980
5311 16557
5311 17885
5311 18268
5311 18567
5311 24310
5345 3425
5345 5409
5345 8031
5408 9160
5408 11355
5408 13460
5408 14162
5408 16242
5408 17397
5408 18333
5408 23203
5409 4120
5409 6095
5409 8657
5409 8995
5409 9842
5409 16323
5409 16396
5409 17842
5409 18243
5409 18297
5411 18086
5446 545
5446 12045
5446 16522
5446 18355
5449 23795
5516 5409
5519 14387
5519 18245
5519 24480
5531 642
5539 15407
5539 17358
5567 22217
5639 3714
5639 5357
5639 7759
5639 12079
5639 12985
5639 14067
5639 14550
5639 15117
5639 18236
5639 18256
5660 6480
5660 9239
5660 24033
5677 596
5686 4158
5686 6815
5753 3335
5753 7082
5753 13900
5769 6961
5769 9524
5801 642
5801 5409
5801 17742
5801 18321
5892 12319
5892 18586
5931 6623
5946 18509
5992 3803
6006 22217
6049 13492
6049 16557
6049 18177
6095 814
6124 8005
6124 18599
6167 937
6167 4411
6167 12079
6167 18326
6167 18386
6167 18479
6247 630
6247 9057
6247 12079
6278 4685
6278 8921
6278 18602
6280 9842
6310 9834
6310 12090
6310 18335
6319 10199
6319 12041
6319 17986
6319 19181
6319 24409
6480 5409
6480 6811
6480 13131
6485 9057
6485 11866
6485 24518
6528 18517
6557 242
6557 934
6557 1312
6557 4158
6557 4355
6557 8935
6557 9160
6557 9275
6557 11717
6557 12135
6557 14509
6557 14822
6557 15870
6557 16613
6557 17573
6557 18157
6557 18319
6557 18387
6557 18550
6557 18576
6557 18609
6557 24707
6589 929
6589 24707
6598 7442
6598 12090
6598 13553
6598 18368
6598 18591
6634 9320
6660 8041
6660 12953
6666 18296
6735 642
6735 3275
6735 5218
6735 17039
6735 18622
6794 8127
6850 18509
6850 18643
6850 22225
6851 11167
6851 18215
6869 482
6869 4411
6961 4567
6961 15622
6961 17675
6961 19177
7081 14976
7081 16798
7081 20992
7082 20242
7097 18177
7107 20673
7123 14785
7152 12079
7152 13900
7152 15684
7152 18226
7261 3292
7266 12712
7266 18364
7266 24518
7305 14975
7315 18143
7367 15232
7367 22217
7367 24684
7405 12135
7410 2959
7410 17039
7410 18622
7424 5801
7470 23473
7470 24033
7481 5409
7481 18199
7493 18232
7514 2983
7516 18633
7567 269
7648 1632
7648 4191
7648 8996
7648 9842
7648 9957
7648 10566
7648 10937
7648 11684
7648 11855
7648 14271
7648 17895
7648 18253
7648 18610
7648 23348
7743 3814
7743 18264
7759 3835
7759 6124
7759 6247
7759 12381
7759 14202
7759 15431
7759 18266
7759 18275
7759 18488
7759 18565
7778 3951
7778 7470
7778 11634
7778 12560
7778 12910
7778 14232
7778 16868
7778 18340
7888 12079
7973 14976
8005 8600
8031 15407
8097 24393
8102 255
8102 2746
8102 6247
8102 9957
8102 11684
8102 11881
8102 12288
8102 18451
8127 10239
8127 12093
8127 12734
8127 19915
8184 12829
8228 5409
8228 5633
8232 11848
8232 12025
8232 12812
8232 14295
8238 18069
8252 18645
8274 18181
8305 17675
8332 18505
8363 17771
8403 8314
8403 18471
8403 22598
8421 11064
8421 12079
8421 13772
8421 17358
8421 18041
8421 18325
8436 15427
8452 701
8452 5635
8600 215
8600 2794
8600 12079
8600 18065
8600 22217
8600 22426
8657 16323
8657 18617
8681 1549
8681 8310
8681 24692
8921 5950
8921 10627
8921 18228
8921 18320
8921 18336
8921 18602
8935 14304
8935 18369
8935 18382
8935 18538
8935 18571
8935 18613
8935 23795
8935 24722
8988 18641
8995 16638
8996 213
8996 2225
8996 3292
8996 8935
8996 9057
8996 10836
8996 10881
8996 13458
8996 13747
8996 13954
8996 14806
8996 15309
8996 17675
8996 17678
8996 17691
8996 17743
8996 18311
8996 18344
8996 23795
8996 24469
9005 12211
9005 13747
9025 1
9025 1050
9025 1658
9025 2794
9025 4624
9025 4920
9025 5409
9025 6811
9025 8921
9025 8935
9025 11474
9025 12079
9025 12135
9025 12315
9025 13238
9025 13639
9025 14387
9025 14691
9025 16638
9025 16892
9025 17675
9025 18602
9025 20285
9030 1846
9030 17358
9057 701
9057 2794
9057 2920
9057 3255
9057 4920
9057 5311
9057 6598
9057 7465
9057 9957
9057 10710
9057 10811
9057 14032
9057 14414
9057 16943
9057 16965
9057 17678
9057 17829
9057 18243
9057 18326
9057 18459
9057 18522
9057 18596
9057 19915
9057 20762
9057 21954
9057 23235
9083 1667
9083 15117
9083 18363
9086 17573
9086 20242
9157 14583
9157 17358
9160 21240
9177 12863
9177 13034
9177 15561
9177 16794
9177 18602
9232 12079
9238 601
9238 929
9238 1899
9238 7465
9238 9842
9238 15561
9238 16377
9238 17218
9238 18552
9238 18570
9239 0
9239 546
9239 1430
9239 1632
9239 1842
9239 5633
9239 10227
9239 10532
9239 12079
9239 13034
9239 13747
9239 13754
9239 14427
9239 18329
9239 18335
9239 18469
9239 18526
9239 18601
9256 15488
9256 15874
9258 9238
9263 17675
9275 7266
9275 8921
9275 9713
9275 13639
9275 17013
9275 18239
9275 23348
9275 24033
9275 24568
9320 18620
9365 18101
9398 13694
9398 21954
9407 21899
9453 20817
9453 24206
9524 3995
9524 18253
9524 24695
9542 14976
9553 674
9553 7843
9553 8228
9553 17358
9553 17675
9553 18013
9553 18177
9555 386
9591 16186
9679 14866
9713 11342
9713 12200
9713 18549
9713 18591
9742 24555
9842 1951
9842 2158
9842 8232
9842 9957
9842 13460
9842 15117
9842 16396
9842 16522
9842 17856
9842 18335
9842 18478
9842 18601
9842 22134
9842 23424
9842 24404
9851 13483
9920 12106
9957 701
9957 7465
9957 10410
9957 12135
9957 12460
9957 18570
9957 18602
9957 24150
9957 24568
9960 9160
10092 5345
10133 4242
10168 4406
10168 22225
10292 5409
10292 13034
10292 23235
10307 255
10410 728
10410 2920
10410 4624
10410 12829
10410 15625
10410 18558
10429 11881
10429 13184
10429 15461
10429 18006
10429 18452
10429 18490
10543 22598
10544 17910
10566 285
10566 337
10566 1312
10566 5950
10566 9025
10566 12153
10566 14387
10566 15622
10566 15843
10566 18537
10566 20242
10566 24033
10613 14785
10718 4920
10718 17358
10718 18362
10811 642
10811 5728
10811 9957
10811 11929
10811 14920
10811 16522
10811 18320
10811 23348
10937 17895
11010 642
11149 6811
11167 5409
11184 20
11230 13033
11291 18927
11313 15229
11342 18602
11342 22276
11378 18101
11401 14500
11479 11506
11527 17742
11547 1527
11547 14590
11607 18101
11657 13747
11657 23795
11684 2831
11684 12460
11684 18246
11684 18259
11700 15347
11700 16478
11715 15622
11715 17358
11715 18369
11718 9957
11725 1740
11725 18602
11743 13465
11743 14387
11744 1221
11744 1951
11744 12983
11744 17591
11767 1951
11767 3433
11767 8422
11767 12734
11767 13245
11767 13524
11767 15971
11767 16478
11767 17728
11767 18196
11767 18264
11767 18514
11767 18546
11767 18599
11767 18602
11767 18624
11767 18642
11767 24707
11780 12135
11819 12829
11819 14401
11819 15461
11819 18511
11819 18516
11827 14254
11848 13247
11848 18587
11861 12315
11861 13845
11861 14387
11861 16638
11865 15998
11881 2349
11912 9551
11967 344
11967 1137
11967 14387
11995 601
12025 7955
12025 15866
12025 18216
12025 20762
12056 6047
12063 17004
12068 15750
12079 2134
12079 4829
12079 11744
12079 14787
12079 16895
12079 17358
12079 21336
12079 23235
12093 934
12096 9957
12123 11355
12135 596
12135 642
12135 1430
12135 1520
12135 3330
12135 5801
12135 6575
12135 7843
12135 8031
12135 8921
12135 9160
12135 9842
12135 10410
12135 10587
12135 11527
12135 11848
12135 14271
12135 14738
12135 16602
12135 16794
12135 17411
12135 17742
12135 18196
12135 18240
12135 18290
12135 18335
12135 18383
12135 18449
12135 18496
12135 18530
12135 18537
12135 18602
12135 18613
12135 23235
12147 1430
12153 7816
12172 15106
12187 2831
12211 6999
12211 17947
12309 12326
12315 14213
12320 15117
12326 22598
12326 23235
12367 13524
12367 13624
12367 18162
12447 17066
12465 17987
12519 3620
12519 14427
12519 21786
12539 16638
12539 17675
12543 8289
12543 12734
12560 8564
12560 12914
12560 13460
12560 14232
12560 16538
12560 17432
12560 18092
12637 19138
12665 1296
12665 3168
12665 8996
12665 12900
12665 17472
12665 17830
12668 7266
12668 18343
12668 18360
12668 18501
12668 18585
12670 12153
12670 13800
12670 18235
12670 21927
12680 23348
12720 20817
12727 24276
12734 3814
12734 4567
12734 8289
12734 10811
12734 14202
12734 15099
12734 15643
12734 17679
12734 17842
12734 18587
12734 23235
12734 24707
12736 10767
12736 18619
12760 13553
12771 4920
12798 949
12806 15710
12825 5409
12829 23795
12830 7953
12834 12900
12855 15447
12863 9842
12868 215
12868 876
12868 990
12868 12063
12868 14387
12868 22217
12872 3834
12894 9025
12894 24710
12896 4280
12900 4274
12900 4578
12900 6095
12900 8996
12900 13969
12900 17830
12900 18526
12900 21927
12931 44
12934 18264
12982 18200
12998 1740
13027 2134
13027 5168
13027 8102
13027 10429
13027 10467
13027 12045
13027 13363
13027 16273
13027 18326
13027 18348
13027 18349
13027 18569
13027 18641
13027 18689
13027 19915
13027 23235
13033 6278
13034 9551
13034 13660
13044 22708
13049 12983
13049 13560
13049 18581
13049 18602
13068 9275
13068 11342
13068 18177
13068 18517
13068 24707
13110 22592
13124 5122
13124 14571
13129 1658
13129 7682
13169 20647
13184 8232
13191 16557
13204 9005
13204 13747
13211 12211
13212 18449
13247 10707
13247 16574
13270 6167
13270 16018
13270 18267
13280 15187
13280 18586
13283 13580
13305 1899
13305 2794
13305 5409
13305 6049
13305 7082
13305 12059
13305 14595
13305 17039
13305 18235
13305 18376
13305 18539
13311 6124
13337 1846
13343 17703
13343 18455
13370 7081
13370 13392
13370 18530
13379 12829
13379 22276
13392 15761
13392 22276
13417 18500
13431 1949
13460 17358
13460 18211
13481 24707
13492 929
13492 14483
13492 15843
13492 16557
13492 18230
13524 5105
13553 20242
13575 15229
13584 7759
13584 17358
13604 7082
13631 13851
13631 18414
13639 642
13639 929
13639 1658
13639 4920
13639 8996
13639 9057
13639 9351
13639 9830
13639 11744
13639 11974
13639 12079
13639 14414
13639 14822
13639 17358
13639 18065
13639 18452
13684 344
13684 4274
13684 10331
13684 14691
13754 23707
13772 15735
13786 3705
13786 9239
13786 9453
13786 13305
13786 13492
13786 18344
13792 18384
13800 5345
13817 2411
13845 15229
13851 8314
13851 13506
13851 20817
13885 24464
13929 5544
13954 1913
13954 19595
13969 728
13969 1173
13969 3275
13969 3620
13969 4125
13969 4342
13969 4829
13969 6735
13969 7682
13969 10410
13969 10532
13969 11474
13969 12045
13969 12834
13969 13643
13969 15247
13969 17121
13969 17173
13969 18181
13969 18228
13969 18370
13969 18446
13969 18513
13969 18537
13969 18542
13969 18592
13969 18621
13969 18630
13969 18639
13969 22283
13993 12910
14032 21336
14054 9957
14054 11722
14054 17039
14054 17293
14054 21884
14098 3227
14098 15488
14145 18640
14147 929
14157 13553
14213 14387
14213 18267
14232 1126
14232 1667
14232 15464
14271 4685
14271 6247
14271 7266
14271 9351
14271 9957
14271 11536
14271 12096
14271 12771
14271 15814
14271 17728
14271 17888
14271 23235
14285 3415
14293 6480
14293 13560
14293 15610
14293 18455
14295 934
14295 6049
14296 22990
14304 18452
14310 13212
14325 17050
14370 3172
14370 16892
14370 18367
14387 2794
14387 5409
14387 7082
14387 8600
14401 320
14401 15872
14401 18451
14401 24404
14413 24133
14414 1346
14414 6167
14414 14387
14414 14975
14427 6478
14427 14609
14490 14210
14550 12326
14550 12665
14552 2872
14552 7404
14558 18192
14583 17358
14595 4274
14595 14387
14595 16613
14595 18461
14595 21927
14713 12868
14730 90
14738 18290
14738 24183
14781 18262
14787 1740
14787 1906
14787 4685
14787 5539
14787 7082
14787 11064
14787 16850
14787 18086
14787 18157
14787 18610
14787 18628
14787 18647
14787 22225
14787 23235
14807 9025
14920 255
14920 285
14920 596
14920 4533
14920 5178
14920 7955
14920 9057
14920 13027
14920 16453
14920 16972
14920 18275
14920 18619
14920 19901
14946 5409
15024 9405
15024 9957
15024 13567
15024 14483
15024 16443
15024 24150
15057 18496
15106 3430
15106 8650
15116 8949
15117 285
15117 320
15117 5168
15117 8403
15117 14975
15117 16112
15117 17658
15117 17738
15117 17818
15117 18251
15117 18314
15117 18343
15117 18347
15117 18362
15117 18471
15117 18575
15117 18684
15117 19622
15117 23235
15147 18387
15198 21786
15206 8262
15229 1221
15229 1658
15229 1740
15229 8996
15229 11744
15229 11967
15229 12983
15247 18387
15299 1
15299 20285
15362 24531
15363 3430
15368 15710
15406 4743
15407 18520
15414 4928
15447 5261
15447 14254
15447 18452
15447 18613
15467 18326
15488 8436
15488 15874
15488 20285
15491 16705
15602 9025
15610 11722
15610 17039
15610 18573
15648 260
15648 11506
15648 11527
15702 7888
15702 11819
15735 40
15738 6040
15754 14806
15754 21240
15755 14975
15755 15117
15758 6720
15758 10429
15758 15870
15758 16794
15758 18373
15804 18542
15814 6247
15814 6575
15814 9453
15814 9957
15814 11717
15814 13465
15814 16478
15814 17358
15814 18096
15814 18236
15814 23424
15841 11167
15856 1560
15866 2158
15866 3986
15866 7266
15866 16478
15866 17231
15866 18154
15866 18602
15866 18684
15872 4342
15878 24039
15935 18602
15971 4667
15971 6124
15971 12079
15971 12985
15971 13245
15971 13580
15971 14664
15971 16682
15971 16773
15971 17566
15971 17904
15971 18277
15971 18314
15971 18340
15971 18456
15971 18540
15971 18619
15971 24033
15978 13624
15980 12153
15980 18609
16018 14414
16021 13524
16049 15498
16069 9608
16069 10429
16069 13245
16069 13247
16069 14957
16069 15176
16076 1970
16085 2738
16085 13003
16122 24033
16186 15499
16186 18154
16186 18248
16186 18566
16186 18602
16268 1221
16336 4928
16336 15870
16388 2920
16392 11064
16396 6575
16396 11342
16396 15407
16453 18013
16453 18479
16458 18367
16478 0
16478 10410
16478 18619
16478 22601
16478 24518
16525 12983
16557 255
16557 6167
16557 7082
16557 7255
16557 8459
16557 12315
16557 13099
16557 13712
16557 13900
16557 14213
16557 17039
16557 17675
16557 18058
16557 18267
16557 18309
16557 18602
16557 21927
16581 596
16581 10177
16581 15980
16609 364
16609 9405
16609 12611
16609 15630
16609 18157
16609 18609
16613 2717
16613 18550
16613 18648
16613 18955
16698 993
16744 6557
16773 18239
16798 17358
16810 7657
16810 17771
16859 1658
16859 14295
16859 15247
16895 2794
16895 4350
16895 7082
16895 17557
16914 2421
16914 2794
16914 2997
16914 6735
16914 7940
16914 9025
16914 14032
16914 14295
16914 15843
16914 15870
16914 17039
16914 17293
16914 18234
16914 21884
16924 24568
16945 2717
16972 1312
16972 2158
16972 6825
16972 9160
16972 11756
16976 13969
17039 17854
17039 18573
17058 18602
17121 2197
17121 2416
17121 2978
17121 13772
17121 18428
17121 18513
17151 9957
17157 13492
17291 18955
17293 12198
17338 9057
17338 23235
17358 1057
17358 2455
17358 3425
17358 5357
17358 7657
17358 7759
17358 8202
17358 8935
17358 9842
17358 9957
17358 11342
17358 12665
17358 13580
17358 13687
17358 13708
17358 14202
17358 14236
17358 14571
17358 14691
17358 15285
17358 15429
17358 15710
17358 16478
17358 16682
17358 17411
17358 17557
17358 17566
17358 17679
17358 18006
17358 18256
17358 18258
17358 18266
17358 18295
17358 18300
17358 18311
17358 18330
17358 18339
17358 18527
17358 18599
17358 18613
17358 18624
17358 18642
17368 18524
17414 12135
17417 2194
17504 24365
17551 4743
17579 1658
17591 17752
17651 1013
17651 24579
17675 7082
17675 11698
17675 12178
17675 17980
17675 24033
17711 16522
17712 11758
17745 16779
17778 15235
17788 11569
17829 3292
17829 6049
17829 13772
17829 17039
17829 18601
17842 15099
17861 18079
17888 395
17888 2467
17888 5409
17888 6247
17888 7778
17888 17472
17888 20817
17888 22598
17888 24365
17910 5986
17950 9842
17950 18222
17950 18530
17951 18565
17951 22283
17966 701
17966 6937
17986 1970
18021 12367
18034 4920
18034 13460
18034 15814
18034 18337
18041 5539
18041 7266
18041 18591
18056 11313
18056 13969
18065 14969
18065 23795
18073 18275
18079 23933
18095 14062
18162 17437
18169 215
18169 386
18169 929
18169 8600
18169 22217
18169 23235
18180 14500
18200 465
18211 1741
18211 11779
18211 17742
18212 24039
18216 1878
18216 3835
18237 17417
18238 4331
18239 24033
18240 5409
18241 4920
18244 9239
18250 16396
18255 11866
18255 13188
18262 2491
18264 18364
18265 4898
18265 13231
18266 18287
18268 7082
18269 5409
18278 18602
18292 6694
18294 5409
18294 16396
18296 7243
18298 7825
18298 11056
18298 12079
18298 18300
18301 17417
18302 16891
18304 18206
18307 18195
18310 929
18310 13639
18311 929
18314 14387
18317 1871
18322 16396
18332 18330
18334 255
18353 13789
18357 15977
18361 13754
18361 24252
18364 15198
18365 22385
18366 17534
18368 18611
18369 701
18369 8422
18369 14304
18369 24722
18372 20861
18373 2053
18378 20
18380 15387
18389 19901
18401 642
18414 630
18428 10199
18442 9238
18444 929
18448 23348
18452 3638
18452 5161
18452 6478
18452 10587
18452 12665
18452 18215
18453 6761
18453 21786
18462 16478
18464 642
18464 3275
18464 11698
18475 9842
18477 8992
18480 21699
18484 18478
18485 24246
18486 19915
18493 21772
18498 19087
18500 18312
18502 21240
18504 11342
18508 9177
18514 24226
18522 18513
18524 24033
18533 18501
18536 14387
18543 14946
18548 18517
18552 16932
18552 24226
18553 24550
18556 24404
18557 21240
18559 1312
18566 23235
18574 630
18574 8403
18574 8935
18574 17504
18574 17888
18574 18471
18574 18684
18574 19901
18580 18312
18583 22283
18588 13483
18593 20242
18594 24033
18596 15657
18602 929
18602 1807
18602 4440
18602 9275
18602 11524
18602 11717
18602 11929
18602 13099
18602 13460
18602 16323
18602 16850
18602 18245
18602 18342
18602 18620
18602 20061
18602 20992
18602 22276
18602 22905
18603 12796
18605 8170
18610 6124
18610 16222
18610 18203
18610 23348
18616 929
18619 20
18619 894
18619 929
18619 1667
18619 2920
18619 5357
18619 6247
18619 8202
18619 9057
18619 9453
18619 12026
18619 12079
18619 12465
18619 13245
18619 13660
18619 17742
18619 18347
18619 18479
18619 18602
18619 18684
18619 22276
18629 12465
18629 14677
18630 22283
18634 18526
18644 18645
18653 18611
18689 4966
18689 15710
18689 18230
18689 18248
18689 18325
18689 18494
18689 21699
18689 24310
18955 9405
18955 18520
19023 9957
19080 5150
19087 2491
19087 14387
19105 5892
19105 16443
19138 23360
19149 601
19328 215
19328 8996
19328 13458
19328 20242
19328 22217
19355 16049
19355 16892
19355 18643
19426 18606
19454 929
19454 17004
19454 18283
19498 12552
19554 11474
19622 10429
19644 18627
19730 8996
19871 18132
19871 23360
19901 1951
19901 9057
19901 9830
19901 11866
19901 13492
19901 16421
19901 20817
19915 1560
19915 12079
19915 13772
19915 16895
20061 18684
20061 18689
20242 15232
20242 15427
20242 22217
20259 5178
20285 895
20285 8632
20285 12670
20285 14295
20285 15427
20285 17039
20387 4274
20387 14325
20512 14130
20638 3995
20638 18459
20676 320
20676 9842
20762 188
20817 386
20817 929
20817 1013
20817 1899
20817 3591
20817 5409
20817 5516
20817 6280
20817 9160
20817 10543
20817 13027
20817 13492
20817 13631
20817 15814
20817 17013
20817 17157
20817 17358
20817 17504
20817 18262
20817 18652
20817 20673
20817 22598
20817 23235
20817 24365
20861 642
20904 15843
21089 12731
21089 13553
21110 320
21110 4340
21110 14387
21110 18451
21110 18501
21110 24404
21213 6417
21213 15024
21240 1632
21240 1906
21240 13712
21240 15427
21240 18319
21240 18387
21240 18628
21336 213
21336 255
21336 2794
21336 5539
21336 7465
21336 14787
21336 18096
21402 8935
21554 11068
21584 13109
21699 2091
21699 3951
21699 4533
21699 4829
21699 5639
21699 7778
21699 8869
21699 9842
21699 9957
21699 12153
21699 12665
21699 12736
21699 13580
21699 14062
21699 14145
21699 14387
21699 14902
21699 16774
21699 16904
21699 18262
21699 18517
21702 8321
21702 14387
21702 18684
21786 1126
21786 5409
21786 6247
21786 9160
21786 17632
21786 18340
21800 642
21800 8949
21876 2387
21876 18097
21878 701
21878 11780
21878 23921
21884 17039
21954 255
21954 9025
21954 11313
22075 18331
22134 7921
22215 24279
22276 596
22276 642
22276 929
22276 1105
22276 6124
22276 6720
22276 15980
22276 18069
22276 18320
22283 8935
22283 18523
22341 7082
22341 18268
22412 20
22412 5105
22412 9713
22412 17945
22412 18579
22469 24342
22536 2194
22536 4407
22592 18143
22598 386
22598 3430
22598 9351
22598 9453
22598 11866
22598 13188
22598 14301
22598 18610
22598 18611
22708 1947
22708 15702
22906 6278
23235 1667
23235 1899
23235 5409
23235 7843
23235 9083
23235 9713
23235 11342
23235 11527
23235 11744
23235 12552
23235 12665
23235 12983
23235 14387
23235 14583
23235 14806
23235 14902
23235 14969
23235 15099
23235 16163
23235 16478
23235 16522
23235 17728
23235 17888
23235 18248
23235 18251
23235 18287
23235 18298
23235 18361
23235 18480
23235 18517
23235 18521
23235 18546
23235 18552
23235 18570
23235 18602
23235 18619
23235 18684
23235 21699
23235 22276
23348 285
23348 1913
23348 2099
23348 3951
23348 9160
23348 9629
23348 12731
23348 12910
23348 13460
23348 13624
23348 13660
23348 17218
23348 17262
23348 18065
23348 18256
23348 18314
23348 18450
23348 18620
23348 18624
23348 19595
23348 23203
23348 24033
23376 18373
23535 1430
23535 1899
23535 17417
23535 17472
23535 19149
23535 19454
23795 2467
23795 18251
23921 1057
23921 5409
23921 15285
23941 18344
24033 929
24033 12026
24033 12079
24033 12736
24033 13750
24033 13789
24033 16242
24033 17904
24033 18602
24033 23360
24133 386
24133 4242
24133 9415
24133 14427
24133 23203
24150 12806
24150 18350
24183 15649
24226 642
24226 2868
24226 4685
24226 13033
24226 13460
24226 14076
24226 15431
24226 17432
24226 18364
24226 18602
24226 18615
24226 18627
24226 19644
24250 1658
24252 701
24252 2662
24252 4191
24252 4920
24252 18288
24252 18301
24252 18372
24252 19915
24252 21699
24252 22437
24259 6054
24259 18327
24259 24033
24265 16652
24265 17608
24266 701
24266 14222
24286 1560
24322 11474
24365 14975
24365 16153
24393 929
24393 9993
24393 10429
24393 11167
24393 23921
24404 9235
24404 18132
24404 18517
24404 18538
24404 18544
24404 18548
24404 18554
24404 19177
24404 20673
24442 285
24442 16478
24442 19440
24460 18955
24472 6247
24474 4966
24483 15630
24518 7081
24518 18247
24518 18552
24568 929
24568 2194
24568 4920
24568 12665
24568 13580
24568 13594
24568 13639
24568 15431
24568 16069
24568 18610
24568 18637
24579 10811
24579 18459
24710 5311
24710 7082
24710 9025
1 6087
20 642
20 5364
20 9057
20 11715
20 13305
20 16058
43 18864
87 2387
109 1543
141 5906
141 24300
156 4191
156 5115
156 18335
156 18511
156 18897
156 18925
162 8709
201 6961
213 12079
213 16115
213 18696
213 18837
213 18866
223 9238
242 17951
252 7266
275 17521
287 162
287 3705
287 12079
287 18868
287 18893
287 20517
320 3620
320 5115
320 5311
320 7648
320 7759
320 9842
320 12135
320 12685
320 14568
320 16306
320 16376
320 17411
320 18602
320 18766
320 18805
344 1209
344 8709
344 9025
344 12315
344 15450
349 18598
386 804
386 5686
386 8100
386 8709
386 9082
386 10587
386 13049
386 14266
386 18691
386 18711
386 18915
386 21800
394 1658
394 13343
406 6735
406 14427
412 1430
412 18972
412 24538
491 9030
491 13211
525 13305
525 18913
540 1230
540 19440
546 12519
560 17449
560 24568
572 3865
572 5115
572 7809
572 14032
596 4440
596 5311
596 9697
596 12465
596 13465
596 17789
596 18355
596 18597
596 18602
596 18659
596 18757
596 18837
601 7759
601 8600
601 9239
601 11778
623 2158
623 18774
630 644
630 3803
630 22598
630 24365
642 934
642 1165
642 1658
642 2997
642 3843
642 4242
642 5446
642 5851
642 5887
642 6497
642 10027
642 13684
642 14920
642 18531
642 18686
642 18726
642 18738
642 24033
644 8403
644 13851
644 22598
686 644
687 10469
687 13383
687 16581
687 18837
701 3091
701 4342
701 4685
701 7082
701 7759
701 11522
701 14067
701 15396
701 16892
701 17411
701 17440
701 17675
701 18426
701 18602
701 18805
701 18961
726 34
726 320
726 5189
726 6047
726 7759
726 12079
726 12123
726 12456
726 12505
726 15117
726 15853
726 17249
726 17679
726 18602
726 18619
726 18670
726 18823
726 18956
726 18964
726 18981
726 18992
782 13383
782 19915
804 15219
830 11313
830 18932
866 14406
866 14920
876 394
876 4331
876 9573
876 11378
876 16018
878 18178
895 13800
934 2134
934 7759
934 8935
934 11819
1013 630
1013 1312
1013 7405
1013 9239
1013 12093
1013 14381
1013 14406
1013 15099
1013 15561
1013 18335
1013 18729
1013 18744
1013 18842
1013 20594
1018 20
1018 162
1018 2794
1018 8709
1018 18912
1028 12319
1031 1312
1031 22276
1038 7759
1038 12025
1105 0
1105 20
1105 1543
1105 4191
1105 9238
1105 9547
1105 10253
1105 11342
1105 12466
1105 15606
1105 17542
1105 18033
1105 18481
1105 18511
1105 18876
1105 18879
1105 18909
1105 18993
1105 20429
1105 24265
1116 12246
1116 12465
1116 12550
1116 18936
1116 18985
1116 20503
1133 14483
1133 18696
1133 18908
1137 4094
1137 9025
1137 9573
1137 10307
1137 11378
1137 11562
1137 15069
1137 18713
1137 22601
1141 714
1141 1313
1141 9022
1141 10429
1141 21954
1165 2275
1165 4196
1165 7656
1165 11698
1165 13518
1165 18689
1165 18691
1165 18821
1197 7803
1204 14948
1221 18903
1226 269
1270 15450
1312 162
1312 4158
1312 4355
1312 5614
1312 5686
1312 6961
1312 7405
1312 8232
1312 12829
1312 15561
1312 15758
1312 16306
1312 17100
1312 18962
1312 22276
1313 18762
1317 18882
1318 1013
1333 14067
1333 18742
1346 11861
1383 714
1383 9842
1393 18814
1393 18834
1403 12037
1403 12900
1403 14976
1403 18511
1403 18865
1403 23795
1411 11522
1411 11929
1411 16306
1430 20
1430 201
1430 630
1430 726
1430 2158
1430 3519
1430 5516
1430 5930
1430 9238
1430 10253
1430 12309
1430 12734
1430 14785
1430 15203
1430 15561
1430 16074
1430 17679
1430 18033
1430 18178
1430 18611
1430 18707
1430 18823
1430 18956
1430 18984
1430 18987
1520 13442
1543 18875
1581 18696
1632 213
1632 6074
1632 6955
1632 8709
1632 9030
1632 10833
1632 13258
1632 13969
1632 14222
1632 14691
1632 17850
1632 18774
1632 18890
1654 18033
1658 1221
1658 3528
1658 6074
1658 13538
1658 15382
1658 17687
1658 18711
1665 16018
1667 269
1667 3943
1667 12079
1667 15725
1667 18755
1667 18765
1667 18839
1692 5753
1692 5887
1740 2158
1740 2225
1740 4242
1740 4819
1740 9256
1740 12041
1740 12466
1740 13305
1740 14145
1740 17039
1740 18009
1740 18011
1740 18704
1740 18732
1740 18893
1740 18976
1741 5753
1741 14145
1741 16085
1741 18763
1780 7392
1807 6693
1842 13305
1846 15229
1846 16243
1846 18531
1846 24386
1899 2384
1899 14032
1901 6735
1913 17097
1913 18893
1934 4196
1934 4242
1949 18797
1951 5120
1951 5261
1951 6047
1951 6836
1951 11780
1951 12079
1951 13693
1951 14920
1951 15561
1951 15843
1951 15853
1951 16256
1951 18610
1951 18717
1951 18786
1951 20594
2018 8995
2028 13687
2091 1013
2104 16947
2104 18782
2134 1165
2134 2920
2134 5753
2134 12041
2134 13977
2134 14483
2134 16085
2134 16415
2134 17839
2134 18000
2134 18689
2134 18740
2134 18789
2134 18834
2158 9011
2158 9239
2158 9555
2158 14550
2158 18619
2166 9239
2194 20
2194 162
2194 3335
2194 4191
2194 5544
2194 8450
2194 10833
2194 12178
2194 12894
2194 16557
2194 17449
2194 18215
2194 18602
2197 2275
2197 2413
2197 3072
2197 3082
2197 5516
2197 6735
2197 13099
2197 13800
2197 14787
2197 15702
2197 15976
2197 18925
2197 24386
2329 9453
2361 2388
2361 4920
2361 13977
2361 14142
2361 18033
2361 18907
2362 13027
2384 3585
2384 14032
2384 17788
2386 18959
2387 2920
2387 4191
2387 7648
2387 8872
2387 13442
2387 15502
2387 17542
2387 17675
2387 18335
2387 18710
2387 18804
2387 18909
2387 18925
2387 24722
2392 2487
2392 22283
2413 12037
2413 13693
2416 7874
2419 320
2442 18152
2442 18688
2487 2275
2487 2920
2487 3072
2487 4683
2487 12777
2487 15502
2497 1780
2497 3072
2497 3335
2497 8995
2497 10027
2497 12209
2497 14806
2497 15229
2497 15499
2497 16663
2497 18531
2497 18602
2497 18827
2497 18907
2497 18911
2497 22513
2497 24480
2499 3072
2515 804
2583 3620
2592 213
2592 1312
2592 2794
2592 8232
2592 9239
2592 11929
2592 12777
2592 16306
2592 17951
2592 18355
2592 18837
2594 3835
2594 16557
2633 1317
2633 6310
2633 22276
2633 24226
2736 12079
2736 13011
2736 16904
2872 13977
2872 17449
2939 14359
2939 16076
2997 2362
2997 10566
2997 12045
2997 19454
3049 14325
3049 14483
3049 15976
3049 17231
3049 24386
3049 24645
3072 14787
3072 18988
3072 20355
3111 11056
3172 2920
3172 5516
3172 7305
3172 9057
3172 9842
3172 15161
3172 18124
3174 11522
3292 18778
3292 18975
3329 5446
3329 16003
3420 7442
3425 7123
3425 18743
3425 18957
3433 16132
3471 830
3506 9140
3519 1403
3519 23795
3528 5311
3528 15051
3559 3986
3620 9547
3620 18000
3620 18891
3701 18820
3705 18836
3714 8344
3714 18814
3757 726
3757 15396
3757 16352
3760 14067
3760 16043
3760 17512
3760 18808
3771 1312
3771 18810
3803 4242
3824 17675
3835 2134
3835 18011
3843 12829
3843 14266
3843 16914
3951 7759
3968 5887
3986 7648
3986 8232
3986 15561
3986 18972
3986 23795
3986 24033
3986 24404
3986 24518
4015 13305
4094 9022
4094 15207
4094 18385
4094 20517
4121 878
4121 1430
4121 3777
4121 18178
4121 21336
4121 21926
4125 13065
4126 4094
4126 6735
4158 12829
4158 14295
4191 1899
4191 2794
4191 3528
4191 6955
4191 8995
4191 9025
4191 13305
4191 13755
4191 15488
4191 16987
4191 18087
4191 18602
4191 20429
4196 9911
4196 16914
4196 18704
4242 162
4242 2361
4242 7648
4242 7874
4242 9025
4242 12079
4242 12456
4242 16895
4242 17951
4242 18602
4242 18711
4242 18830
4242 24033
4255 18682
4255 24518
4280 630
4331 6167
4331 7442
4331 13786
4331 18827
4331 18915
4342 8421
4343 642
4343 5311
4343 14976
4343 17789
4343 18696
4407 5311
4407 7315
4407 12465
4407 18851
4408 2794
4408 13305
4440 54
4440 2158
4440 13460
4440 15285
4440 17687
4440 18691
4440 18722
4440 18837
4440 18964
4441 21926
4459 8995
4533 18835
4567 8872
4567 18881
4567 24393
4578 12153
4671 24342
4683 13809
4683 15161
4685 320
4685 7759
4685 10410
4685 12813
4685 16352
4685 16798
4685 18701
4685 18782
4685 24266
4685 24300
4712 18602
4719 7809
4719 11657
4719 18354
4719 18779
4732 15826
4735 14881
4829 16928
4829 18827
4920 3130
4920 4242
4920 6955
4920 9238
4920 10343
4920 11064
4920 12196
4920 13800
4920 13851
4920 14621
4920 15117
4920 16671
4920 18379
4920 18602
4920 18714
4920 18769
4920 24206
4928 18045
4960 5750
5127 16987
5152 5282
5152 14032
5152 14888
5176 2423
5178 630
5178 3130
5178 7305
5178 8403
5178 22598
5189 17568
5189 18886
5261 2851
5261 11848
5261 14162
5261 17986
5261 18936
5282 13639
5282 14387
5282 14888
5311 1013
5311 5686
5311 6497
5311 8961
5311 9312
5311 13610
5311 14162
5311 16987
5311 18762
5311 18860
5311 22276
5324 16987
5345 1913
5345 2384
5345 9213
5345 13113
5345 14483
5345 18602
5408 12550
5409 14227
5409 17986
5409 18696
5446 2831
5446 11929
5446 13835
5446 16243
5446 17100
5446 17214
5446 18935
5446 24518
5448 434
5448 10613
5477 14595
5516 9842
5516 18652
5519 12829
5519 12894
5544 18691
5544 24722
5639 1393
5639 6167
5639 8961
5639 9598
5639 10707
5639 13693
5639 18952
5639 23795
5660 3288
5660 3335
5660 13758
5660 14492
5660 14806
5660 15010
5660 15382
5660 15450
5660 17231
5660 18795
5677 17647
5677 18755
5686 12829
5686 15387
5686 16074
5686 17540
5686 18943
5750 20904
5769 18972
5784 3834
5805 17788
5851 16798
5855 11522
5887 671
5887 1003
5887 9098
5887 9239
5887 9275
5887 12813
5887 18755
5887 24682
5892 1403
5892 12037
5892 13900
5892 16108
5892 18827
5895 8921
5946 13109
5946 18900
5946 24386
6009 16613
6047 18708
6049 13243
6049 16684
6074 14222
6095 11733
6095 17789
6133 18661
6141 13460
6141 16579
6167 8252
6167 9496
6167 14888
6247 18602
6258 1028
6278 12813
6278 16850
6278 18599
6278 18922
6278 20517
6278 22759
6310 18882
6318 6714
6318 18087
6319 2091
6407 4331
6407 16336
6413 11522
6497 2997
6497 14427
6497 17675
6557 201
6557 496
6557 642
6557 4242
6557 9312
6557 9978
6557 12829
6557 14427
6557 18208
6557 18691
6557 18729
6557 18793
6557 18830
6557 18912
6557 19005
6589 496
6589 18602
6589 18857
6598 1887
6598 18779
6598 23795
6599 18602
6666 1096
6666 6047
6666 10837
6666 14948
6709 642
6714 9550
6735 4567
6735 5887
6735 7759
6735 14145
6735 14427
6735 16613
6735 17839
6735 18000
6735 18602
6735 18982
6735 24393
6736 16987
6805 18995
6845 13610
6869 4242
6869 7442
6869 18841
6874 5614
6892 491
6934 14427
6955 213
6955 11547
6955 13206
6955 15450
6955 18730
6955 18804
6955 18841
6955 21954
6955 24579
6961 4242
6961 7648
6961 9025
6961 12670
6961 14381
6961 18602
7022 1740
7022 15640
7022 18335
7022 18354
7022 21800
7123 642
7123 934
7123 1403
7123 5516
7123 6955
7123 10613
7123 10833
7123 12829
7123 18611
7123 18769
7123 18904
7123 23795
7152 17572
7186 18796
7260 7074
7315 9682
7315 16947
7354 4407
7367 14387
7405 3986
7405 18602
7405 18729
7470 18695
7499 2794
7499 9030
7514 11929
7514 13758
7514 16306
7514 24404
7514 24518
7516 6167
7516 11861
7516 13786
7516 14032
7516 16684
7516 18696
7516 18711
7579 17675
7601 320
7601 18602
7648 491
7648 1403
7648 6074
7648 6736
7648 7759
7648 8709
7648 9057
7648 11917
7648 12676
7648 12900
7648 13758
7648 18758
7648 18905
7648 24404
7656 1899
7682 2275
7682 12079
7682 18973
7743 3620
7743 18882
7743 22759
7759 2361
7759 3337
7759 5311
7759 7803
7759 8262
7759 10532
7759 11167
7759 12025
7759 12234
7759 14406
7759 16243
7759 16396
7759 16987
7759 17711
7759 18033
7759 18677
7759 18726
7759 18762
7759 18763
7759 18795
7759 18827
7759 18860
7778 2736
7778 4982
7778 13011
7778 18607
7778 18670
7785 8344
7785 18318
7801 11657
7809 18354
7874 12670
7874 16895
7888 11522
7888 22089
8100 546
8100 1312
8100 9082
8100 12829
8100 17039
8102 12550
8102 14483
8102 18140
8102 18744
8102 18789
8102 18834
8102 18993
8151 644
8199 12465
8199 18952
8199 18974
8232 4242
8232 5686
8232 12829
8252 18192
8262 11902
8262 18966
8262 19432
8277 6167
8289 12519
8289 18558
8305 1658
8305 10121
8319 10566
8319 14550
8319 23348
8380 601
8380 9239
8380 12079
8380 12231
8380 20292
8421 829
8421 2361
8421 7478
8421 14888
8421 16663
8421 18818
8421 18866
8421 21110
8452 2467
8452 5639
8452 11522
8452 16306
8513 15229
8513 16892
8600 13492
8600 16987
8632 21927
8681 17945
8709 12279
8709 12829
8709 14583
8709 24722
8787 15760
8787 24033
8808 17231
8835 11909
8921 14976
8935 3620
8935 5261
8935 18335
8935 18705
8935 18707
8935 18716
8935 18726
8935 18786
8935 18859
8935 18976
8935 20517
8980 15969
8995 9025
8995 12900
8995 15499
8996 12572
8996 13270
8996 24288
9005 12977
9025 833
9025 1141
9025 1899
9025 2158
9025 3072
9025 3823
9025 4094
9025 4331
9025 5887
9025 6955
9025 7874
9025 8812
9025 10168
9025 11378
9025 11698
9025 11861
9025 11902
9025 12037
9025 12539
9025 12665
9025 13106
9025 13800
9025 14032
9025 15161
9025 15606
9025 16085
9025 16273
9025 16987
9025 18215
9025 18696
9025 18713
9025 18743
9025 18862
9025 18893
9025 18924
9025 18982
9025 22708
9025 23707
9025 24386
9027 9238
9057 714
9057 2467
9057 3335
9057 5516
9057 7123
9057 8452
9057 9275
9057 12079
9057 12813
9057 13011
9057 15161
9057 15382
9057 16671
9057 16987
9057 18033
9057 18611
9057 18652
9057 18794
9057 18884
9057 20517
9057 23795
9057 24033
9098 9446
9098 11522
9160 15888
9177 3986
9177 4114
9177 4920
9177 6693
9177 9025
9177 11848
9177 18821
9177 18893
9238 320
9238 8421
9238 11522
9238 18714
9239 162
9239 275
9239 687
9239 1658
9239 1740
9239 4191
9239 8709
9239 13027
9239 13258
9239 16895
9239 18264
9239 18424
9239 18662
9239 24722
9256 13305
9275 0
9275 3777
9275 6491
9275 7648
9275 12734
9275 16132
9295 14325
9312 23203
9320 18766
9405 8262
9453 630
9453 2158
9453 10343
9453 12326
9453 18041
9453 18602
9453 18846
9516 14414
9524 18972
9542 18763
9542 20517
9553 15203
9553 24579
9679 1913
9679 16928
9679 18602
9682 7760
9682 15976
9713 9213
9713 12081
9713 17269
9713 17699
9713 18561
9713 18682
9736 16478
9736 16761
9798 18993
9842 5851
9842 11848
9842 15161
9842 16306
9842 16895
9842 18178
9842 18552
9842 18602
9842 18652
9842 18774
9902 17687
9920 16018
9956 20
9957 3113
9957 7759
9966 15450
9966 18667
9983 201
9983 22469
10027 6261
10027 13610
10121 162
10121 16243
10121 17687
10121 18602
10121 18696
10121 24480
10133 13305
10168 12894
10168 13343
10168 18809
10168 18862
10253 201
10253 18845
10253 18884
10253 20594
10253 22276
10273 10168
10292 201
10292 17836
10292 18602
10343 14621
10402 14785
10410 16684
10410 24707
10429 642
10429 714
10429 10587
10429 14227
10429 16369
10429 18662
10486 16208
10486 18878
10566 162
10566 3247
10566 8709
10566 8787
10566 9157
10566 18619
10566 18935
10566 19000
10718 18652
10770 5409
10770 12178
10811 7759
10811 12013
10811 13758
10811 16115
10811 18602
10811 18662
10811 24266
10833 714
10833 17572
11040 18273
11149 13796
11342 9025
11378 9496
11378 18696
11406 2497
11406 2609
11406 15106
11406 16892
11460 3528
11577 5150
11657 13555
11657 15450
11684 7759
11684 10027
11684 16243
11684 18707
11684 18766
11686 24404
11698 12813
11698 18856
11698 18950
11698 18976
11700 18952
11701 21699
11715 12394
11715 12829
11715 16613
11715 20647
11725 1899
11725 18848
11743 14067
11743 14162
11743 23203
11744 16323
11763 320
11767 5530
11767 7648
11767 9025
11767 10253
11767 10811
11767 13212
11767 13377
11767 15099
11767 16074
11767 16115
11767 18728
11767 18857
11767 18882
11767 18892
11767 20517
11767 22276
11767 22759
11785 10707
11785 13933
11793 5544
11793 16243
11793 18807
11818 18602
11819 496
11819 8872
11819 10613
11819 11963
11819 12777
11819 13442
11819 17293
11819 17542
11819 18369
11819 18873
11819 18895
11819 18905
11839 16018
11840 14032
11842 6598
11861 11698
11861 12079
11861 14227
11861 18696
11861 18793
11861 21954
11861 22513
11867 6995
11872 3130
11881 11522
11909 17788
11917 16987
11967 12187
11974 16352
12025 2275
12025 12234
12025 13518
12046 18355
12074 16987
12079 2467
12079 4237
12079 8452
12079 9553
12079 16186
12079 17809
12079 19901
12079 21699
12079 22708
12123 15971
12135 20
12135 1013
12135 3247
12135 3986
12135 8232
12135 11522
12135 15091
12135 16306
12135 18674
12135 18753
12135 18785
12135 18882
12135 18987
12135 20517
12135 22276
12145 3101
12187 2158
12187 2416
12187 13460
12187 14759
12187 15156
12187 16663
12187 18818
12187 24707
12192 9453
12211 5887
12211 16928
12211 18520
12211 18691
12211 19080
12242 3620
12298 8835
12320 13954
12320 22708
12343 7923
12367 9312
12519 13399
12519 13599
12519 17003
12532 18925
12537 11688
12537 14835
12539 14032
12539 17687
12600 17100
12600 18837
12618 17759
12634 17097
12665 54
12665 18602
12665 18917
12665 20517
12668 3705
12668 9275
12670 13129
12670 14266
12670 15450
12670 17139
12694 17572
12712 9598
12712 13766
12712 18679
12728 18893
12734 201
12734 496
12734 726
12734 5284
12734 14381
12734 15051
12734 18602
12734 18956
12734 22469
12734 24393
12777 18369
12789 18893
12789 24365
12813 10343
12813 12037
12813 18766
12813 21786
12829 18041
12868 11378
12874 18619
12894 2275
12894 4094
12894 12079
12894 13612
12894 15499
12894 16273
12894 16557
12894 17479
12894 18891
12894 23171
12900 162
12900 1270
12900 1692
12900 2497
12900 2920
12900 5892
12900 9025
12900 12037
12900 13900
12900 16108
12900 16243
12900 18000
12900 18691
12900 18724
12900 18758
12900 23795
12900 24722
12907 18872
12910 13460
12964 9312
12965 2474
12977 8709
12977 21240
13003 18762
13003 18993
13027 10707
13027 12246
13027 12465
13027 13011
13027 14483
13027 18728
13034 9157
13049 638
13049 10168
13049 16884
13065 23795
13068 6773
13077 24288
13129 4455
13211 9030
13214 21786
13247 18777
13270 3585
13270 5282
13270 8277
13270 14888
13305 162
13305 2920
13305 3292
13305 6714
13305 12045
13305 13129
13305 13258
13305 13555
13305 14145
13305 15387
13305 15885
13305 17850
13305 18011
13305 18732
13305 18825
13305 24722
13379 13800
13379 18925
13399 14822
13399 18692
13442 22234
13451 54
13470 18730
13492 5887
13492 14032
13492 16018
13492 17687
13492 18691
13492 18711
13492 18763
13516 5887
13516 14976
13516 18762
13588 11424
13588 13866
13588 21040
13639 630
13639 4388
13639 6167
13639 7516
13639 8709
13639 9239
13639 14595
13639 18602
13639 18749
13649 16914
13673 17476
13684 1658
13684 3843
13684 13969
13684 16557
13684 18711
13694 6735
13694 17839
13786 12315
13786 12539
13786 14455
13786 14888
13786 15145
13786 15450
13786 16557
13786 20517
13786 21954
13800 14691
13810 14483
13845 9025
13874 14806
13875 14787
13954 5516
13954 7759
13954 9238
13967 2497
13969 2349
13969 3292
13969 9486
13969 13900
13969 15406
13969 16108
13969 17850
13969 18000
13969 18683
13969 18710
13969 18895
13969 18905
13969 24393
13969 24722
13977 14361
13977 18920
14009 21926
14054 13969
14197 15117
14213 11522
14213 11861
14213 18932
14219 18208
14219 24483
14222 7100
14222 23360
14227 18944
14227 19138
14232 18679
14233 16892
14271 630
14271 9453
14271 9842
14271 11469
14271 16932
14271 18831
14271 18984
14271 21899
14271 23795
14293 3049
14293 3823
14293 14888
14293 18696
14295 11715
14295 12829
14295 13800
14295 18732
14312 17066
14325 6261
14325 7006
14387 2384
14387 9057
14387 14032
14387 18602
14401 7648
14401 7759
14401 12676
14401 13758
14401 13969
14401 18045
14410 17326
14426 13460
14427 16928
14427 18835
14455 10259
14468 9029
14473 17121
14500 5311
14500 9238
14500 11881
14500 17986
14500 18602
14500 20861
14550 7759
14550 17249
14550 17687
14595 275
14595 1899
14595 3292
14595 9025
14595 12900
14595 13900
14595 14919
14664 15107
14713 14032
14738 18816
14781 503
14785 18602
14787 275
14787 3620
14787 6261
14787 7305
14787 12041
14787 12777
14787 13687
14787 13755
14787 13758
14787 13835
14787 14271
14787 14483
14787 14568
14787 14691
14787 14983
14787 15648
14787 16115
14787 16528
14787 17479
14787 18686
14787 18702
14787 18763
14787 18765
14787 18766
14787 18770
14787 18829
14787 18860
14787 18872
14787 18881
14787 18896
14787 18909
14787 18913
14787 18962
14787 24480
14830 7803
14881 16620
14888 3528
14888 17687
14889 18045
14891 15758
14920 14835
14920 18602
14920 18860
14920 19167
14920 24033
14953 9025
14953 18881
14973 17249
14978 16987
15024 7656
15024 22210
15117 9453
15117 18794
15117 23795
15117 24183
15145 17298
15161 3072
15164 3072
15164 18702
15187 16557
15187 17500
15229 11698
15229 16892
15299 14455
15299 14483
15299 18954
15332 320
15332 5115
15346 3091
15346 15971
15382 3292
15382 3335
15382 4920
15382 15684
15382 21702
15406 13875
15406 15450
15406 18711
15407 3620
15447 18602
15450 8709
15450 9312
15450 12539
15450 14691
15450 18862
15480 20424
15610 4191
15648 1312
15658 320
15714 8262
15714 12079
15714 15870
15714 24393
15725 16323
15748 7759
15748 7803
15750 18728
15758 201
15758 496
15758 10253
15758 12829
15758 18602
15758 18662
15758 23360
15814 866
15814 2467
15814 3951
15814 4121
15814 6047
15814 12079
15814 12460
15814 13905
15814 14067
15814 14427
15814 16928
15814 17449
15814 18652
15814 18661
15814 18679
15814 19087
15819 17249
15826 3528
15829 14455
15853 17358
15866 1430
15866 4121
15866 18033
15866 18900
15866 18972
15866 20594
15866 22276
15866 24645
15872 17850
15872 18833
15878 13011
15888 320
15888 1312
15935 9794
15971 320
15971 642
15971 1096
15971 5748
15971 7074
15971 8421
15971 10742
15971 18726
15971 18749
15971 18981
15980 18879
16007 8005
16085 13900
16165 17331
16172 17358
16186 13977
16186 16273
16186 18911
16316 4114
16323 18917
16336 6557
16336 11861
16336 12394
16336 14381
16336 15561
16336 18373
16336 18793
16336 18912
16336 24570
16348 18883
16386 7759
16392 8812
16396 24266
16409 4086
16410 21927
16415 18689
16415 24150
16418 24710
16505 2497
16525 18907
16528 22513
16548 1270
16548 13900
16557 8975
16557 9446
16557 11522
16557 13305
16557 14145
16557 14227
16557 14483
16557 16085
16557 16892
16557 17231
16557 18011
16557 18711
16581 15360
16581 16132
16581 18744
16581 18787
16609 5544
16613 12829
16613 14295
16613 17039
16613 18208
16613 18602
16613 18944
16731 7648
16731 18984
16731 23711
16798 15174
16816 16987
16859 3843
16859 6009
16884 23795
16892 3705
16892 17500
16892 18426
16892 18533
16892 18755
16895 23795
16914 2134
16914 8632
16914 8709
16914 9239
16914 13800
16914 18704
16947 4407
16972 320
16972 5261
16972 14806
16972 24033
16980 2387
17039 24483
17100 19156
17117 18541
17120 22513
17155 18749
17155 22536
17166 24265
17293 17829
17293 18045
17358 726
17358 3559
17358 3620
17358 5311
17358 11522
17358 11848
17358 14406
17358 16415
17358 16761
17358 16929
17358 18033
17358 18668
17358 18670
17358 18678
17358 18738
17358 18795
17358 18816
17358 18864
17358 18872
17358 18922
17358 18936
17358 18956
17358 18977
17358 19001
17449 17722
17449 18452
17542 22283
17551 9239
17579 4094
17621 18995
17627 8199
17658 18599
17675 320
17675 2497
17675 7803
17675 11342
17675 11378
17675 12282
17675 12868
17675 12900
17675 13011
17675 16108
17675 17231
17675 17788
17675 18760
17675 18866
17675 22031
17679 18619
17683 7759
17683 8147
17683 15010
17706 7315
17742 15843
17742 16040
17778 9082
17832 22217
17842 16987
17851 4920
17854 18980
17888 2349
17888 18652
17888 18769
17950 6693
17950 6836
17950 18974
17951 14983
17986 11522
17986 16987
18020 14162
18025 13436
18034 13755
18053 2361
18056 9025
18140 1116
18140 18689
18140 22452
18140 24033
18169 3519
18169 5261
18169 18033
18169 23795
18198 13851
18199 255
18199 18893
18211 20517
18249 18696
18364 12685
18364 18788
18369 2387
18438 11378
18449 8100
18452 13460
18452 16987
18452 18821
18470 18466
18574 18962
18574 22598
18599 17090
18599 23235
18602 7803
18602 12079
18602 18686
18602 18893
18602 20517
18605 1842
18610 7759
18610 17269
18610 18701
18610 18728
18611 4196
18619 201
18619 6666
18619 6961
18619 9157
18619 9275
18619 10738
18619 11778
18619 12685
18619 13639
18619 13687
18619 14568
18619 15853
18619 17479
18619 18775
18619 18782
18619 18786
18619 18795
18619 18832
18619 18995
18619 22217
18619 24033
18619 24226
18634 7656
18644 4440
18655 4196
18663 4407
18666 24445
18672 7759
18678 12492
18680 24033
18681 13553
18687 22204
18689 5887
18689 17621
18689 18763
18689 18834
18689 18993
18689 18995
18692 15843
18694 14483
18699 21699
18706 24265
18707 12037
18707 12813
18710 13755
18710 24404
18712 14598
18712 24183
18724 18520
18733 18817
18751 18747
18753 3247
18755 17479
18756 5499
18760 18749
18773 5748
18780 255
18780 320
18780 1846
18780 12282
18780 16987
18782 19915
18783 1430
18783 5930
18790 11522
18791 829
18798 19165
18799 20638
18802 18602
18808 181
18818 194
18819 14370
18824 1551
18828 7074
18842 23348
18849 17296
18851 22536
18852 10811
18852 16115
18853 18520
18858 13099
18859 934
18861 17687
18862 24710
18864 24568
18865 18662
18884 201
18884 5686
18884 14427
18884 16256
18884 17039
18884 18602
18884 18879
18884 18943
18884 18965
18887 1221
18894 12196
18904 18523
18914 16306
18915 24483
18917 16810
18917 18957
18928 13845
18934 1913
18935 24518
18938 601
18941 11890
18951 1349
18963 9025
18979 18562
18989 8005
18997 11657
19003 24226
19004 19000
19006 18830
19059 23795
19062 7516
19062 13305
19087 16928
19105 7656
19105 18993
19138 2275
19154 16306
19154 16850
19355 2920
19355 7760
19379 13109
19421 18982
19426 18821
19498 18956
19683 11522
19866 17687
19871 1038
19901 3130
19901 9842
19901 14787
19901 18922
19915 1159
19915 5892
19915 8421
19915 12900
19915 13900
19915 18762
19915 18818
19915 18962
19938 16904
20061 833
20061 14387
20061 14787
20242 9573
20242 18215
20285 162
20285 4242
20285 8709
20285 13649
20285 14381
20285 15124
20285 15387
20285 15450
20285 16914
20285 18711
20285 18976
20387 17231
20424 5887
20490 18962
20638 5895
20638 8921
20676 24568
20817 9842
20904 16976
20904 18962
21240 162
21240 15387
21240 16892
21240 18011
21336 3803
21336 13106
21336 16115
21336 16731
21336 18611
21336 18699
21336 23795
21699 642
21699 2997
21699 3968
21699 4982
21699 5516
21699 7759
21699 9057
21699 14171
21699 15161
21699 15502
21699 16115
21699 16663
21699 17479
21699 17621
21699 17986
21699 18511
21699 18607
21699 18696
21699 18747
21699 18751
21699 18796
21699 18860
21699 18897
21699 18932
21699 19423
21702 9025
21786 546
21786 642
21786 5284
21786 16256
21800 8632
21800 8709
21800 17829
21800 18965
21813 22276
21872 9968
21878 726
21878 18782
21884 11313
21898 18760
21913 275
21926 10253
21954 13011
21954 17699
21954 18602
21954 24579
21985 18837
22134 18884
22160 6009
22160 16684
22160 18177
22160 18711
22160 20285
22210 18215
22276 213
22276 8709
22276 12037
22276 12600
22276 15843
22276 18729
22276 18882
22276 24226
22283 6310
22283 9486
22283 11963
22283 13442
22283 18897
22283 18918
22412 18264
22412 18364
22412 18716
22452 601
22452 15855
22452 17722
22452 18789
22513 2275
22513 4094
22513 7682
22513 11902
22513 18602
22513 18829
22536 16928
22536 17789
22592 596
22598 18769
22598 18893
22598 20285
22598 24404
22708 2736
22708 15161
22906 701
22906 2953
22906 12427
23235 162
23235 1133
23235 18033
23235 18449
23235 18730
23235 18857
23235 20517
23235 23795
23235 24226
23348 8709
23348 11556
23348 13758
23348 17269
23348 18805
23707 4683
23707 13809
23741 14386
23782 7785
23795 6310
23795 12465
23795 15866
23795 24404
23921 18868
24033 2467
24033 4196
24033 7123
24033 8709
24033 16457
24121 6960
24125 19961
24133 560
24133 642
24133 11522
24150 13977
24183 24404
24195 18768
24206 3130
24226 1317
24226 6310
24226 12685
24226 17679
24226 18705
24226 18882
24226 24588
24250 18895
24252 320
24252 3528
24252 3620
24252 11881
24252 14381
24252 16671
24252 18812
24252 18893
24252 23795
24259 18679
24265 16457
24265 18820
24266 3620
24322 4191
24322 18000
24322 18954
24393 8709
24393 13800
24393 14455
24404 18827
24409 1013
24409 9157
24409 18619
24409 22536
24452 701
24460 9405
24472 16892
24474 16987
24518 9177
24518 12600
24518 14920
24518 18602
24540 4257
24567 16306
24568 4441
24568 9496
24568 10707
24568 11848
24568 13460
24568 18677
24570 12829
24579 18674
24588 6310
24588 18523
24588 18804
24652 16018
24707 12123
24707 15843
24722 6167
1 12668
1 19044
4 15987
20 4440
20 6961
20 9239
20 15117
20 15664
20 15971
20 17338
34 7465
44 19019
155 17449
176 5686
213 833
213 5345
213 8944
213 11362
213 19043
242 4738
271 9768
275 19250
275 21954
277 10410
287 9607
287 10307
287 19068
287 19320
320 20
320 2370
320 6589
320 6961
320 9025
320 12731
320 13135
320 13892
320 14969
320 15664
320 15853
344 18993
386 5762
386 6009
386 12826
386 13588
386 14448
386 16591
386 17039
386 18940
386 19119
386 19196
386 19235
386 19241
386 24722
394 833
401 2018
401 6480
401 18970
412 2158
412 9025
412 9238
412 15478
465 19129
470 255
470 866
470 6961
470 7759
470 14920
470 19061
470 19100
491 18117
496 13673
525 9256
525 12670
525 19013
525 19091
540 320
540 19000
540 19902
555 1913
555 16186
560 18363
560 18953
596 13782
596 14992
596 16649
596 19049
601 14691
601 15853
601 19257
623 20
623 8944
623 9238
623 19200
623 19250
623 19255
623 19350
623 23320
630 12789
630 12819
633 12037
642 1038
642 1543
642 6520
642 7760
642 9957
642 11929
642 12665
642 14368
642 15177
642 16091
642 16816
642 18062
642 19029
642 19036
642 19205
642 19268
642 19302
642 19327
674 14332
677 4829
687 15971
687 19092
687 19255
701 5550
701 6124
701 7955
701 8772
701 11064
701 11743
701 17449
701 18449
701 18710
701 19096
701 19302
701 19345
726 20
726 642
726 1913
726 4624
726 6124
726 6761
726 8944
726 9842
726 10566
726 12731
726 15561
726 15758
726 15971
726 15978
726 17727
726 17905
726 19209
726 19270
726 23032
726 24033
776 804
776 7759
804 6557
804 16684
804 18517
804 18795
814 13717
814 18602
830 8277
833 14213
833 15480
833 18045
866 7759
866 11629
866 16323
876 344
876 14888
876 14904
876 15274
876 17788
876 18991
876 19107
876 20285
929 489
929 5615
929 8211
929 9057
929 14677
929 19012
929 19118
929 22513
929 23795
934 15967
935 5310
935 5795
935 11700
935 18812
935 18952
949 13077
1013 14227
1013 16816
1013 18449
1013 19207
1013 19221
1013 21089
1018 176
1018 10566
1018 13800
1018 15117
1018 15177
1018 16837
1018 22814
1038 2091
1105 285
1105 9768
1105 13379
1105 13714
1105 14920
1105 19069
1105 19124
1105 19127
1105 19290
1116 2872
1116 10991
1116 12283
1116 15177
1116 15218
1116 18517
1116 18582
1116 18752
1116 19053
1116 19071
1116 19103
1116 19108
1126 12431
1137 277
1137 8277
1137 9842
1137 17016
1137 17923
1137 18696
1141 213
1141 22364
1173 814
1173 6124
1173 11217
1221 18517
1221 19129
1230 929
1244 2084
1244 11929
1266 1658
1312 496
1312 630
1312 8310
1312 12367
1312 13255
1312 13892
1312 19035
1312 19871
1317 23795
1317 24518
1354 14368
1383 19095
1403 8525
1403 19259
1411 287
1411 18517
1430 287
1430 642
1430 3803
1430 5615
1430 12626
1430 12777
1430 12789
1430 13212
1430 14583
1430 16705
1430 17100
1430 17922
1430 18034
1430 18602
1430 18769
1430 19035
1430 19214
1430 19217
1430 22513
1430 23795
1459 9002
1538 10707
1543 5686
1543 15758
1547 16608
1581 9453
1581 21089
1582 630
1582 15758
1623 1713
1632 5614
1632 7955
1632 15895
1632 18795
1639 12829
1639 17417
1639 18517
1654 2515
1654 13977
1658 3496
1658 6009
1658 8632
1658 12045
1658 12211
1658 18009
1667 8951
1740 2984
1740 4274
1740 5817
1740 6009
1740 6049
1740 6917
1740 8598
1740 11657
1740 15274
1740 15561
1740 16816
1740 18319
1740 18354
1740 18602
1740 18993
1740 18997
1740 19031
1740 19037
1740 19098
1740 19249
1740 19313
1740 19330
1741 1038
1741 5677
1741 11408
1741 17358
1741 18689
1741 18982
1741 18993
1741 19017
1741 19115
1741 19284
1788 11378
1788 12079
1788 19149
1846 1038
1846 2794
1846 8563
1846 9842
1846 12829
1846 12900
1846 19050
1861 9057
1861 13786
1861 13855
1861 22217
1934 13892
1934 16608
1951 3528
1951 13544
1951 15895
1951 17103
1951 17839
1951 19036
1951 19064
1989 14787
2018 13238
2018 23085
2097 8988
2099 11064
2099 15218
2099 17358
2134 1913
2134 2515
2134 5677
2134 6036
2134 6520
2134 7424
2134 7681
2134 9239
2134 12665
2134 14691
2134 18993
2134 22708
2166 4274
2166 24720
2186 19143
2194 6167
2194 7055
2197 6319
2197 11709
2197 19054
2197 19060
2197 22708
2281 19022
2304 24033
2349 18045
2361 11929
2361 18927
2361 18953
2361 18998
2361 19284
2361 19343
2384 18696
2387 1126
2387 9256
2387 11123
2387 11709
2387 12668
2387 12829
2387 13379
2387 13694
2387 13969
2387 17358
2387 18690
2387 19200
2387 19250
2387 19329
2387 23320
2387 24033
2387 24576
2411 1296
2411 19098
2413 11378
2423 17467
2423 18009
2424 7681
2440 15826
2442 18752
2487 642
2487 5448
2487 16115
2487 17358
2487 21739
2487 22708
2497 20
2497 213
2497 714
2497 3496
2497 5409
2497 12138
2497 14969
2497 17788
2497 18862
2497 19035
2497 19043
2497 19096
2497 19284
2497 24645
2515 18602
2515 19200
2515 22276
2583 14691
2583 18602
2583 19053
2592 496
2592 1913
2592 4242
2592 6009
2592 7567
2592 9415
2592 10021
2592 12135
2592 12829
2592 13544
2592 14233
2592 17701
2592 19020
2592 19196
2592 19206
2592 20285
2599 14295
2629 23795
2633 2700
2655 18713
2659 24266
2700 18602
2736 18178
2736 19307
2736 24259
2763 17905
2794 14295
2831 726
2831 18265
2872 12079
2872 13555
2872 17621
2872 18517
2872 19348
2939 18921
2997 1013
2997 3610
2997 7759
2997 13584
2997 13800
2997 13892
2997 15117
2997 19871
2997 23320
3035 18045
3049 9842
3049 18993
3072 4126
3072 8273
3072 10410
3101 642
3101 1038
3101 3439
3101 19306
3172 2158
3172 2487
3172 11819
3172 13379
3172 15209
3227 4154
3288 22135
3292 14332
3425 8421
3425 12829
3425 13099
3425 16892
3425 19205
3425 19310
3433 18602
3506 17885
3519 12896
3519 20446
3528 2134
3528 8262
3528 14368
3528 17905
3528 18619
3528 18814
3528 19061
3528 19193
3620 630
3627 1013
3652 13782
3652 17016
3704 23795
3803 9842
3803 17888
3803 19901
3803 24365
3843 19011
3986 6582
3986 11342
4121 19025
4125 10377
4125 13077
4125 19329
4126 1842
4126 6505
4185 4920
4185 12690
4185 20817
4191 18795
4196 8068
4196 19011
4196 19045
4242 213
4242 11408
4242 13135
4242 13800
4242 15895
4242 16018
4242 16091
4242 18009
4242 19126
4242 22814
4255 24033
4331 3247
4331 12829
4331 19121
4343 9022
4343 12079
4343 15229
4343 18681
4343 21328
4350 19039
4355 1543
4407 601
4407 5392
4407 12079
4407 19251
4407 19317
4408 19079
4440 1126
4440 14232
4440 19207
4459 613
4567 9239
4567 9275
4567 11929
4578 814
4578 2084
4578 19342
4624 3496
4624 4242
4624 24710
4683 9239
4685 8944
4685 13003
4685 17839
4685 19007
4685 19054
4685 19118
4685 19200
4719 15640
4732 12465
4735 13077
4829 19327
4829 22424
4920 929
4920 6866
4920 8944
4920 11378
4920 12626
4920 12690
4920 12789
4920 12896
4920 13916
4920 15971
4920 16705
4920 19012
4920 19049
4920 19050
4920 19217
4920 22424
4920 23795
4928 14227
4928 14448
4928 18913
4982 16647
5105 1013
5123 636
5127 17472
5152 5409
5152 9025
5152 20492
5178 5447
5178 5615
5178 12789
5178 13786
5178 16705
5178 23795
5178 24365
5189 9764
5189 18700
5261 2370
5261 5409
5261 7405
5282 929
5282 17350
5282 17559
5282 18991
5311 9239
5311 9957
5311 11408
5311 13572
5311 15187
5311 15321
5311 15853
5311 16091
5311 17789
5311 18993
5345 11861
5345 18795
5345 19116
5346 18755
5364 10532
5364 13694
5364 19068
5387 19206
5409 17788
5430 19235
5446 555
5446 1913
5446 2134
5447 20817
5448 2413
5448 12829
5477 3843
5477 19117
5519 13869
5523 21772
5542 16186
5615 10307
5615 22598
5625 3705
5639 2238
5639 6666
5639 15814
5639 17675
5645 19320
5660 5447
5660 7457
5660 17479
5660 18812
5660 18971
5660 19251
5660 19308
5660 19339
5677 3714
5677 12177
5686 6150
5686 9275
5686 12731
5686 13544
5686 18563
5686 18626
5686 19020
5686 19098
5757 13954
5762 6917
5801 8944
5801 18602
5801 18689
5801 19012
5801 19050
5805 8277
5892 3997
5892 18517
5946 642
5946 4595
5946 12900
5946 16892
5946 19205
5954 19121
5954 22135
6002 17283
6002 19120
6009 3496
6009 5925
6009 9960
6009 12829
6009 14337
6009 14787
6009 17039
6009 17675
6009 18045
6009 18319
6009 18354
6009 19196
6009 19438
6009 21240
6047 4183
6047 7759
6047 13732
6047 15853
6047 16415
6047 18977
6047 19032
6047 19076
6047 19103
6049 7849
6070 22217
6087 19043
6095 2831
6095 22234
6141 18777
6141 19255
6167 630
6167 7082
6167 18178
6167 23795
6247 7405
6247 17675
6247 23795
6278 8005
6278 11929
6278 18517
6310 18602
6319 17902
6319 19000
6319 19306
6319 19332
6485 876
6485 929
6485 22217
6505 7082
6528 23795
6532 3448
6532 24224
6557 176
6557 1913
6557 4331
6557 5127
6557 7955
6557 8709
6557 14337
6557 19020
6575 20905
6589 4920
6589 12731
6589 19211
6589 23235
6598 10253
6606 20817
6640 19219
6666 7082
6666 19008
6666 19066
6709 1815
6709 18955
6709 23220
6735 13584
6735 19076
6736 18351
6736 19128
6805 17621
6850 4683
6850 12138
6851 252
6851 18517
6851 18602
6869 8835
6869 9239
6869 9551
6869 16705
6874 13135
6892 15649
6917 21240
6917 24570
6955 8421
6955 17654
6955 18053
6955 20905
6961 5686
6961 6582
6961 11929
6961 13255
6961 13892
6961 14503
6961 17195
6961 19086
6961 19196
6961 19253
6961 19259
6961 19322
6961 19871
6961 23795
7022 9239
7082 9025
7082 12819
7123 2487
7186 12079
7258 24226
7305 929
7305 19730
7354 5392
7367 9025
7405 3921
7405 5686
7405 13892
7405 19343
7405 21336
7410 1949
7410 7759
7410 9960
7424 8421
7478 19069
7478 21927
7493 14802
7493 19000
7514 19297
7567 19098
7601 4212
7601 19258
7648 9256
7648 11929
7648 12733
7648 15478
7648 20761
7648 24033
7682 19317
7683 8772
7743 18986
7759 20
7759 503
7759 814
7759 3830
7759 5550
7759 6040
7759 11378
7759 11629
7759 12610
7759 14583
7759 15385
7759 15853
7759 17103
7759 18602
7759 18958
7759 19061
7759 19076
7759 19094
7759 19100
7759 19202
7759 19206
7759 19236
7759 24033
7778 1951
7778 15501
7778 17449
7792 1913
7792 18795
7792 19050
8005 1403
8005 2831
8005 7381
8005 9025
8005 12037
8005 13572
8005 13732
8005 18631
8005 19093
8005 19346
8005 22210
8031 14920
8031 18574
8102 5311
8102 8421
8102 13387
8102 14332
8102 17785
8102 19077
8102 19117
8102 22452
8151 4280
8211 19730
8232 4331
8232 6773
8252 18921
8262 1314
8262 19001
8262 19047
8274 13969
8363 5542
8372 2501
8380 13465
8380 19049
8403 20817
8421 613
8421 2318
8421 5120
8421 13099
8421 15480
8421 16415
8421 17785
8421 19350
8421 24423
8478 20638
8502 1430
8598 5817
8600 889
8600 13786
8600 15450
8600 19214
8709 18197
8910 320
8921 20
8921 320
8921 1126
8921 5115
8921 11929
8921 18826
8921 19149
8921 19297
8921 19322
8921 19901
8921 24404
8935 1934
8935 6961
8935 12367
8935 13379
8935 13694
8935 15625
8935 18934
8935 19237
8944 176
8944 1296
8944 10307
8944 19050
8988 19238
9022 9025
9022 22234
9025 701
9025 990
9025 1126
9025 3496
9025 4578
9025 9057
9025 9239
9025 10253
9025 11313
9025 12022
9025 12138
9025 13255
9025 14583
9025 15229
9025 15895
9025 16018
9025 17358
9025 18449
9025 18993
9025 19034
9025 19040
9025 19080
9025 19223
9025 22217
9025 23795
9025 24033
9026 11657
9057 503
9057 630
9057 876
9057 1270
9057 2515
9057 5447
9057 7082
9057 7667
9057 8031
9057 11458
9057 11929
9057 12819
9057 13485
9057 15640
9057 15648
9057 18521
9057 18681
9057 19009
9057 19011
9057 19059
9057 19095
9057 19279
9057 19285
9057 19290
9057 20812
9057 21336
9057 24519
9157 19025
9177 7082
9177 8252
9177 14368
9177 19268
9177 19290
9177 19306
9239 2194
9239 9445
9239 11929
9239 15488
9239 18962
9239 19011
9239 19080
9239 19100
9239 19200
9256 11657
9275 12676
9275 15664
9275 15758
9275 17103
9275 19209
9275 22708
9365 18602
9367 14325
9392 2831
9392 12138
9398 11709
9398 19117
9439 9555
9445 21336
9453 12777
9453 17845
9486 10410
9494 18602
9516 11861
9524 8921
9553 1934
9553 19088
9553 23320
9713 8772
9736 6874
9764 18700
9842 630
9842 5950
9842 18517
9842 19012
9842 19253
9842 19274
9893 1230
9893 19217
9957 1913
9957 2177
9957 14802
9957 17654
9957 19055
9957 19127
9983 16323
9983 19251
10027 17415
10121 12900
10121 19106
10121 19211
10168 19088
10253 1543
10253 11929
10253 12834
10253 18602
10253 19053
10259 5544
10292 10566
10292 15648
10410 677
10410 1951
10410 9768
10410 19126
10429 18517
10532 16972
10566 630
10566 10532
10566 10761
10566 15117
10566 19441
10566 22135
10646 15904
10681 4370
10811 6693
10811 15640
10811 19290
10837 19066
11064 20424
11082 19193
11106 18812
11157 6961
11157 15604
11167 12037
11378 11607
11406 8951
11406 9239
11406 18993
11579 10811
11579 12193
11629 12025
11657 1741
11657 6049
11657 7955
11657 15640
11657 18009
11657 18319
11657 19122
11657 19220
11684 5409
11684 17016
11684 18602
11684 21884
11684 24226
11698 14325
11698 15853
11698 16085
11698 19085
11733 15480
11743 1913
11743 4146
11743 13782
11743 15561
11743 17905
11743 19109
11743 19228
11757 3203
11758 20
11758 17249
11758 19077
11758 19119
11758 19346
11767 20
11767 320
11767 8031
11767 13255
11767 13565
11767 15664
11767 18354
11767 18563
11767 18681
11767 18958
11767 19118
11767 23235
11767 24445
11785 4624
11787 1270
11787 14387
11819 2275
11819 15209
11819 17358
11834 19269
11839 14387
11859 1221
11861 19080
11881 5946
11881 9082
11884 22222
11909 19080
11918 1221
11961 833
11967 9239
11967 9842
11967 19149
11967 23795
12025 642
12037 19093
12053 1323
12053 19871
12062 13217
12063 13855
12063 17788
12079 7082
12079 13954
12080 19026
12083 5892
12135 1913
12135 7759
12135 8525
12135 10532
12135 11629
12135 11929
12135 12193
12135 13135
12135 13524
12135 14583
12135 14691
12135 14756
12135 15664
12135 15967
12135 17103
12135 18354
12135 18626
12135 18884
12135 19055
12135 19098
12135 19127
12135 19290
12135 19829
12135 23617
12141 13255
12147 2831
12147 14538
12187 11408
12200 18056
12211 8772
12211 17016
12242 17016
12242 19117
12367 502
12367 503
12367 12829
12367 16132
12367 19265
12375 16645
12384 8403
12433 24226
12460 18636
12519 1913
12539 3227
12539 8772
12539 14224
12560 17822
12560 19245
12600 4343
12600 15664
12600 18795
12600 23235
12618 19236
12648 18534
12658 9022
12659 17417
12665 1841
12665 9842
12665 11929
12668 15853
12670 1861
12670 5892
12670 12211
12670 14503
12670 14888
12670 18009
12690 20817
12712 14062
12712 18868
12734 5409
12734 10566
12734 12731
12734 18517
12734 18563
12734 19100
12734 22708
12763 18363
12789 5954
12789 18574
12819 14920
12829 15117
12829 21739
12834 4021
12868 1861
12868 21336
12870 833
12870 18696
12870 19080
12870 20242
12894 19060
12900 1740
12900 1913
12900 18517
12900 18993
12936 7648
12999 6917
13003 1116
13003 10991
13011 18178
13027 5447
13027 8944
13027 19094
13042 1913
13049 10913
13049 19232
13065 3047
13065 19237
13086 19345
13099 24435
13113 9295
13129 21926
13211 277
13211 18045
13238 11698
13275 9029
13305 3714
13305 6687
13305 14448
13305 16085
13305 19041
13305 19196
13318 20021
13343 19043
13354 18602
13379 990
13379 14490
13379 14583
13379 18602
13418 19108
13470 8944
13481 9238
13485 13639
13485 14221
13485 19901
13492 18681
13524 9415
13542 496
13584 19264
13639 1181
13639 5977
13639 10253
13639 11733
13639 12900
13639 24710
13673 10532
13684 176
13684 3035
13684 7759
13684 11378
13684 19249
13717 9259
13740 12135
13740 20717
13786 6095
13786 9022
13786 9025
13786 9057
13786 14920
13786 15203
13786 21336
13786 22217
13800 14127
13817 1632
13851 3803
13885 14491
13954 4982
13954 9025
13954 10253
13954 14992
13954 15895
13969 277
13969 7648
13969 8273
13969 9022
13969 9964
13969 10681
13969 13584
13969 14444
13969 15625
13969 15872
13969 17701
13969 18436
13969 18982
13969 19011
13969 19102
13969 19247
13969 19250
13969 19350
13969 23320
14034 13694
14213 13588
14213 13855
14213 18696
14213 19017
14213 20242
14219 5345
14222 11114
14222 17869
14222 18517
14222 19279
14227 3496
14232 13892
14232 18033
14232 19268
14271 21
14271 623
14271 2416
14271 8921
14271 22364
14293 18993
14295 6009
14295 17039
14325 465
14325 9459
14332 3714
14355 18056
14387 1784
14387 15561
14387 18862
14387 22210
14387 22424
14415 23109
14444 993
14444 7682
14444 11929
14444 15804
14444 18833
14444 21927
14444 22008
14473 17358
14490 18602
14500 6961
14500 12138
14500 18517
14500 23235
14500 23795
14550 10253
14550 12777
14566 19000
14577 213
14595 12834
14595 17613
14595 19091
14595 19249
14595 19320
14598 19305
14671 18602
14730 3496
14738 9957
14781 2416
14781 5232
14787 20
14787 6260
14787 10027
14787 12449
14787 14337
14787 14992
14787 16816
14787 18319
14787 18626
14787 18681
14787 19029
14787 19055
14787 19078
14787 19079
14787 19106
14787 19115
14787 19118
14787 19119
14787 19202
14787 19332
14787 19349
14787 22708
14802 54
14888 15274
14904 9751
14920 2501
14920 4624
14920 8944
14920 11362
14920 12135
14920 14368
14920 15369
14920 16928
14920 19217
14948 5639
14969 20
14969 11929
14997 14656
15024 3714
15117 1582
15117 8944
15117 10997
15117 14691
15117 15604
15117 17654
15117 17905
15117 19281
15161 215
15161 7082
15161 7759
15161 23795
15161 24322
15162 6693
15164 19098
15183 18602
15183 24568
15229 6869
15251 19080
15299 7055
15299 9256
15299 13305
15299 19045
15299 19080
15332 19013
15332 19055
15349 20446
15385 1013
15385 16608
15404 23795
15407 889
15407 7770
15407 16608
15450 5677
15450 13003
15472 18812
15488 18009
15561 18401
15561 18619
15561 19101
15610 19287
15640 19234
15648 285
15688 4242
15733 18955
15738 7648
15748 1301
15758 13544
15758 19100
15758 19256
15758 23617
15814 2440
15814 4913
15814 17905
15814 18631
15853 1913
15864 16069
15878 729
15888 1013
15888 4440
15895 18369
15926 18034
15971 11114
15971 15758
15971 16122
15971 19012
15971 19332
15978 9238
15978 19209
15978 24226
15980 12834
16018 6869
16018 9057
16018 9573
16018 22217
16069 11064
16069 11724
16069 13714
16069 18062
16069 19206
16186 560
16186 1913
16186 9553
16186 9957
16186 10992
16186 17358
16186 19022
16186 24576
16268 22513
16323 503
16323 1913
16323 2134
16336 4242
16336 10761
16348 18710
16487 642
16548 15274
16557 13855
16557 16856
16581 13782
16581 18449
16581 24707
16609 15980
16613 10133
16613 12135
16613 12668
16613 12930
16744 5817
16771 18626
16816 18681
16816 21110
16859 4331
16859 12171
16884 16856
16892 19017
16895 16816
16895 20638
16972 1582
16972 15758
16972 19061
16972 19076
17039 21800
17065 2480
17133 866
17147 6866
17147 21356
17166 13956
17249 18602
17249 24226
17293 19124
17358 4242
17358 18449
17358 18582
17358 18971
17358 19047
17358 19108
17358 19200
17358 19202
17358 19257
17358 19346
17449 19204
17458 2831
17551 18997
17559 20242
17653 24033
17675 929
17675 4094
17675 5653
17675 12079
17675 15177
17675 17832
17675 18218
17675 19025
17675 19253
17675 19343
17675 23235
17683 1913
17683 8996
17706 18602
17742 13255
17750 2831
17793 14785
17809 19333
17829 5345
17829 15177
17829 15274
17829 16816
17832 19011
17869 12079
17888 5447
17888 21699
17888 23795
17929 19340
17978 17905
17986 1403
18021 14503
18034 21336
18034 23795
18045 19080
18056 2053
18169 601
18169 17832
18178 19111
18302 9842
18351 12829
18354 9239
18354 14337
18354 16960
18354 19048
18354 19122
18354 19196
18401 20
18436 4370
18436 18000
18438 17699
18449 9415
18452 18517
18452 19117
18483 23795
18517 16602
18517 22385
18563 24707
18572 23707
18574 3803
18574 21699
18602 2831
18602 5677
18602 6505
18602 6811
18602 8944
18602 14232
18602 18993
18602 19055
18602 19127
18602 19258
18602 19290
18602 19291
18602 19343
18602 24452
18619 287
18619 642
18619 3439
18619 6047
18619 6260
18619 8944
18619 11217
18619 11342
18619 14500
18619 14677
18619 16122
18619 19047
18619 23617
18632 18517
18681 23235
18689 1173
18689 3528
18689 4624
18689 5311
18689 7424
18689 12079
18689 13418
18689 13555
18689 14332
18689 17885
18689 18517
18689 19047
18689 19075
18689 19149
18696 19043
18752 9025
18755 9459
18755 12044
18764 20
18764 176
18764 18602
18764 19100
18796 6602
18828 18602
18855 14561
18884 277
18884 1126
18884 2794
18884 4196
18884 6009
18884 10566
18884 13969
18884 15274
18884 15987
18884 16816
18884 18045
18884 19011
18884 19060
18884 19196
18884 19219
18884 20285
18884 21240
18884 21800
18884 24722
18904 1639
18904 3504
18917 8951
18917 15725
18921 23921
18934 503
18934 22592
18937 21
18939 19095
18991 17350
18991 17559
18991 18045
18993 3072
18993 19119
18993 24710
19007 11266
19009 22225
19015 24713
19019 18997
19024 18602
19033 20651
19048 10121
19050 503
19059 4624
19061 15028
19061 19094
19061 19100
19080 3302
19080 4340
19080 5567
19080 8277
19080 8688
19080 14503
19080 17461
19080 17788
19080 17923
19080 18696
19080 18713
19080 19223
19080 19279
19080 20242
19080 20917
19083 5191
19083 5325
19083 8935
19083 12135
19083 12665
19083 14835
19088 22708
19089 1237
19089 9453
19093 1403
19095 2831
19102 24322
19112 8589
19123 14062
19156 18602
19195 16928
19196 20285
19198 1913
19203 1312
19208 15315
19209 17472
19212 16646
19215 18868
19225 22160
19245 24183
19246 17885
19247 21927
19260 16872
19261 2425
19264 12539
19264 18993
19272 14976
19275 17880
19277 19315
19282 23795
19283 20817
19286 1270
19296 12135
19296 14691
19305 24552
19310 21336
19311 19143
19314 12789
19314 17845
19316 18140
19318 1181
19325 17103
19326 11760
19328 9025
19334 24409
19355 5542
19426 17016
19443 1913
19443 12037
19443 19308
19498 11313
19554 9964
19644 9239
19683 19440
19730 929
19871 1913
19871 4738
19871 13714
19871 18449
19883 1740
19901 4920
19901 12626
19901 12896
19901 17845
19901 17888
19901 18351
19901 18795
19901 22598
19901 24033
19902 19000
19985 14822
20242 1887
20242 5345
20242 17350
20242 18991
20259 12789
20285 5817
20285 16816
20285 18602
20387 9256
20424 7082
20490 9239
20638 502
20676 2361
20817 1430
20817 3496
20817 3803
20817 8944
20817 10253
20817 12626
20817 12789
20817 16705
20817 16999
20817 19050
20817 19217
20871 18973
20897 19088
20904 19080
21089 19308
21089 19871
21110 503
21110 642
21110 1544
21110 9025
21110 14564
21110 17016
21110 18009
21240 12079
21240 17467
21240 19263
21240 19339
21240 22217
21336 5178
21336 5447
21336 6869
21336 8944
21336 9957
21336 11378
21336 15450
21336 17654
21584 4913
21584 4982
21584 6497
21584 12079
21699 34
21699 2736
21699 3047
21699 6014
21699 6124
21699 6497
21699 6582
21699 6961
21699 12211
21699 12367
21699 13524
21699 13855
21699 14920
21699 15321
21699 15648
21699 15853
21699 16647
21699 17016
21699 17378
21699 17449
21699 19047
21699 19066
21699 19076
21699 19119
21699 19211
21699 19268
21699 19285
21699 19294
21699 19316
21699 24033
21702 18812
21786 14822
21786 18602
21786 19149
21786 23032
21800 2794
21800 4331
21800 15274
21800 16816
21800 24722
21878 630
21898 14691
21954 8772
22160 13684
22160 14503
22160 19263
22217 13855
22276 1403
22276 8525
22276 13892
22276 14969
22276 17100
22283 156
22283 13379
22283 18690
22341 22708
22452 14332
22466 13800
22466 14503
22513 17231
22513 19237
22513 23795
22536 14992
22598 5446
22598 5447
22598 16705
22598 18795
22598 19012
22598 23795
22634 7266
22708 12829
22708 13694
22708 18602
22708 19218
22906 929
22906 12731
22906 23795
23235 20
23235 6961
23235 7405
23235 7759
23235 8835
23235 10991
23235 11378
23235 13255
23235 14361
23235 14368
23235 15971
23235 16018
23235 17103
23235 17845
23235 19050
23235 19297
23235 21336
23235 22513
23235 24435
23235 24518
23535 13604
23707 2275
23795 503
23795 2831
23795 14888
23921 10566
23921 19000
23941 9057
24033 9082
24033 9256
24033 9445
24033 11657
24033 13135
24033 17103
24033 17885
24033 19000
24033 19001
24133 9957
24133 12037
24133 13782
24150 5120
24150 24033
24183 19083
24206 19012
24226 6693
24226 6961
24226 12135
24226 14598
24226 17100
24226 19055
24226 19200
24226 19342
24226 21898
24252 287
24252 14920
24252 18602
24252 18795
24252 19012
24265 10469
24265 16761
24322 1266
24322 9964
24322 14453
24322 19554
24365 12819
24390 17842
24393 14387
24409 5242
24409 9957
24442 503
24442 3072
24460 176
24474 7759
24474 8944
24474 18517
24492 1841
24518 15561
24518 19101
24568 2084
24568 6124
24568 12079
24568 17850
24568 18582
24568 19053
24568 19125
24568 19277
24568 19333
24579 5977
24579 19294
24682 15688
24710 1784
