24740 7492
44 9256
44 12834
44 16188
90 9025
97 9541
121 14550
132 16322
155 13448
155 16010
172 22598
197 3909
197 9956
197 13073
213 309
213 3570
213 3990
213 16079
213 16609
213 24684
215 18602
215 21584
215 23662
223 11378
223 12690
231 993
231 2997
231 3307
231 5640
231 12978
231 13674
231 14202
231 14249
231 15736
231 15895
231 16082
231 16581
231 23320
285 15870
287 3292
287 5506
287 8939
287 12394
287 12734
287 16354
292 17706
309 10429
320 117
320 309
320 10761
320 13150
320 13511
320 15347
320 15956
320 16133
320 16296
320 20594
320 21233
320 23223
335 16350
337 1018
337 10558
395 13851
401 1481
401 11698
406 2497
406 2594
410 6634
412 180
412 12665
491 2633
496 596
496 1308
496 6557
496 16613
514 23235
524 16055
540 7759
545 18602
556 21954
570 15271
572 701
572 21394
574 16176
596 701
596 10526
596 12057
596 12465
596 14738
596 15267
596 16286
601 2134
601 15956
622 2194
623 2387
623 6985
623 7172
623 14719
630 3591
630 11055
630 13851
630 14301
630 20259
640 18056
642 1842
642 2387
642 3667
642 4094
642 5856
642 5946
642 8995
642 9957
642 10005
642 11743
642 13103
642 13318
642 13472
642 14337
642 14663
642 14810
642 14917
642 15586
642 15843
642 15903
642 16038
642 16096
642 16174
642 16204
642 16295
642 16325
642 16354
642 16358
642 23348
642 24393
644 630
644 8031
644 13851
644 14301
644 24657
677 15586
686 13851
687 2134
687 14059
687 15823
687 16038
701 3702
701 3990
701 5550
701 7760
701 9957
701 12910
701 13448
701 15806
701 16009
701 18602
701 23320
701 24480
709 24265
726 320
726 15429
737 5523
763 15117
763 21786
763 21954
763 24657
776 18005
804 8332
804 15814
830 13915
830 16139
830 16184
833 934
857 2592
866 12467
876 394
876 5303
876 7365
876 8939
876 12394
876 12868
876 13915
876 14730
876 16976
876 21954
876 22217
906 12078
929 4920
929 7874
929 10558
929 15736
929 19149
934 11163
934 14213
949 12798
949 14609
1001 5946
1001 12869
1013 1312
1013 7410
1013 7557
1013 8289
1013 10005
1013 14917
1013 16118
1013 16132
1013 16278
1013 22276
1018 857
1018 1308
1018 1312
1018 2053
1018 11101
1018 15387
1038 7759
1038 12025
1105 857
1105 1934
1105 3334
1105 3894
1105 6607
1105 8939
1105 11848
1105 12539
1105 12956
1105 13392
1105 14367
1105 14483
1105 16070
1105 16086
1105 16119
1105 16198
1105 18764
1116 11974
1116 15599
1116 16260
1133 9956
1137 1455
1137 4459
1137 5805
1137 8939
1137 8951
1137 9057
1137 9541
1137 10092
1137 12719
1137 13025
1137 13747
1137 16079
1137 16976
1137 17050
1137 19023
1140 12812
1140 15843
1141 255
1141 6528
1141 19946
1204 15736
1221 1133
1221 14337
1235 7759
1235 11757
1235 16069
1296 5152
1296 16083
1296 19087
1296 24065
1312 4735
1312 9555
1312 11717
1312 13399
1312 14224
1312 14738
1312 15387
1312 15974
1312 16056
1312 16086
1312 16130
1312 16237
1313 10409
1333 15376
1333 16135
1346 21954
1382 14094
1383 6547
1383 14654
1383 15288
1393 5639
1403 9892
1403 12626
1403 16161
1403 16310
1407 6528
1430 320
1430 7874
1430 7888
1430 15117
1481 8995
1495 4440
1520 9957
1520 16030
1538 7074
1538 9140
1538 12461
1538 14406
1538 14663
1538 15305
1538 15451
1538 15780
1538 16024
1538 16069
1538 16215
1538 16287
1538 16341
1543 10429
1581 876
1581 4920
1581 5178
1581 6247
1581 13639
1581 16008
1582 7874
1582 19149
1609 16304
1632 16070
1658 831
1658 3705
1658 5600
1658 16235
1658 18385
1665 2592
1665 16157
1667 16254
1740 1018
1740 1658
1740 4355
1740 6582
1740 8996
1740 12273
1740 14337
1740 15768
1740 16073
1740 16146
1740 16613
1740 18034
1740 23904
1741 12223
1741 12449
1741 13492
1741 14059
1741 14452
1741 14483
1741 16171
1741 23360
1772 15238
1788 9187
1800 12079
1842 21240
1846 3452
1846 5446
1846 7507
1846 9800
1846 11819
1846 13103
1861 20917
1861 23662
1897 16068
1899 16123
1901 9025
1921 255
1934 10005
1934 12367
1934 14738
1934 19440
1951 2411
1951 6124
1951 14249
1951 15287
1951 18602
1973 22341
1996 11431
1996 12855
2021 12903
2021 15971
2048 1934
2097 4047
2134 5311
2134 5357
2134 5539
2134 6124
2134 7764
2134 12079
2134 12449
2134 12900
2134 13492
2134 13738
2134 14059
2134 14412
2134 16038
2134 16085
2134 16108
2134 16224
2134 16276
2134 16307
2134 24539
2158 12135
2158 15117
2194 831
2194 1173
2194 3035
2194 3452
2194 6598
2194 6937
2194 8996
2194 9016
2194 9025
2194 9957
2194 10558
2194 12079
2194 12153
2194 12834
2194 12910
2194 13368
2194 14483
2194 15621
2194 16041
2194 16156
2194 16184
2194 16198
2194 17675
2194 18434
2194 18619
2194 23130
2197 642
2197 2920
2197 3519
2197 5946
2197 6547
2197 7507
2197 8332
2197 10273
2197 10410
2197 10773
2197 12029
2197 12450
2197 12829
2197 13103
2197 13379
2197 13603
2197 16039
2197 16104
2197 16207
2197 16323
2197 18005
2197 24265
2329 1119
2329 22598
2329 23223
2332 16895
2336 14293
2361 3704
2361 6095
2361 16013
2361 16323
2361 19730
2384 2336
2384 13191
2384 16055
2384 16320
2384 16856
2384 19023
2384 20512
2384 24684
2386 14933
2387 2427
2387 2794
2387 3986
2387 7648
2387 8857
2387 12768
2387 13969
2387 14401
2387 15288
2387 15435
2387 16098
2387 16162
2387 16227
2387 16256
2387 16318
2387 17675
2387 19876
2387 21699
2387 23085
2387 24588
2387 24670
2411 14787
2411 15117
2413 16165
2423 1842
2423 1970
2423 3742
2423 3832
2423 4941
2423 5140
2423 5345
2423 7905
2423 9256
2423 10052
2423 10133
2423 11669
2423 12198
2423 12310
2423 12900
2423 13305
2423 15488
2423 16071
2423 16123
2423 16288
2423 16295
2423 16338
2423 16591
2423 16892
2423 18396
2423 19485
2423 24451
2423 24722
2424 7764
2424 16134
2427 6531
2427 23320
2487 2794
2487 12300
2487 12829
2487 13103
2487 13379
2487 14120
2497 2594
2497 5409
2497 8447
2497 14249
2497 16118
2497 17262
2497 18385
2508 9697
2508 14820
2592 3667
2592 6582
2592 14839
2592 16097
2592 16157
2592 21786
2592 21878
2592 23320
2622 13150
2622 21233
2659 12155
2659 13124
2700 9239
2736 7778
2736 14553
2748 14483
2748 15336
2748 16311
2763 16287
2794 12143
2794 14213
2797 4459
2831 9239
2831 10005
2831 24393
2872 6520
2872 6548
2872 14483
2872 16273
2920 13103
2947 15758
2947 24393
2956 22341
2997 8421
2997 8632
2997 11517
2997 13134
2997 14127
2997 14891
2997 15427
2997 16027
2997 16082
3021 2048
3021 7172
3021 15024
3023 15256
3035 3813
3049 2361
3049 10168
3049 15976
3049 16224
3055 15187
3078 15763
3078 16301
3080 6346
3130 9957
3141 5808
3141 7152
3141 13003
3172 1312
3172 6598
3172 7113
3172 9290
3172 12829
3172 12910
3172 13103
3172 14232
3172 14401
3172 15288
3172 16104
3172 18602
3203 831
3203 2423
3203 5946
3203 12432
3203 16123
3244 10092
3288 21878
3372 2423
3420 8996
3433 7410
3433 15687
3448 3528
3448 6520
3448 11841
3448 11932
3448 16122
3449 2447
3452 337
3452 4406
3452 11967
3452 12812
3452 16358
3452 21542
3519 18005
3528 3335
3528 8421
3528 15014
3528 15667
3528 16143
3528 16311
3541 13736
3570 12539
3591 12720
3591 16080
3591 16301
3591 22598
3620 12772
3620 23320
3667 22412
3679 4339
3679 7680
3679 16061
3679 16160
3679 16184
3679 24710
3704 6095
3705 3894
3705 8939
3725 8332
3760 13637
3760 14413
3760 14564
3771 16091
3777 4920
3824 15971
3843 4242
3843 24657
3874 2633
3909 9956
3974 1913
3982 11819
3986 11819
3986 23085
3990 24252
4091 15830
4094 11406
4094 13121
4121 16342
4121 16359
4121 23235
4125 2447
4125 8184
4125 12201
4125 14654
4131 8954
4131 16613
4158 2423
4158 11059
4158 15387
4158 16613
4185 12690
4187 16038
4187 16071
4196 8996
4196 12805
4196 16231
4196 24065
4242 1013
4242 7410
4242 8632
4242 9180
4242 12367
4242 12670
4242 14820
4242 15387
4242 15933
4242 16131
4242 16141
4242 18056
4242 23235
4255 5506
4255 15565
4255 16030
4255 16123
4255 24518
4280 644
4317 13885
4331 9697
4343 8005
4343 14550
4343 14663
4343 16354
4350 16178
4406 13786
4406 21954
4440 2447
4440 12465
4440 15565
4440 16347
4440 18602
4440 19087
4462 11841
4567 1312
4567 2592
4567 15427
4567 16030
4578 16079
4578 24381
4685 2387
4685 13166
4685 13271
4685 14387
4685 15338
4685 15823
4685 16038
4685 16050
4737 570
4761 21233
4829 6937
4829 12290
4829 17972
4885 12910
4920 172
4920 630
4920 644
4920 6205
4920 6247
4920 7113
4920 8031
4920 9453
4920 9830
4920 12690
4920 13188
4920 13460
4920 14301
4920 14415
4920 14583
4920 15117
4920 15440
4920 16008
4920 16091
4920 16119
4920 16280
4920 16293
4920 18414
4920 18602
4920 22598
4920 23223
4920 24061
4920 24206
4920 24518
4928 20899
5052 6310
5123 12869
5123 16020
5150 934
5152 9541
5152 21240
5160 14436
5160 16301
5178 8403
5178 9239
5178 9830
5178 11872
5178 14583
5178 15117
5178 16100
5189 12465
5189 16354
5261 3483
5261 9338
5261 22412
5282 24537
5311 180
5311 642
5311 3335
5311 3528
5311 12283
5311 13025
5311 13492
5311 14192
5311 16034
5311 16275
5311 16352
5324 11488
5345 4094
5345 14213
5345 21240
5411 2097
5447 4920
5448 24246
5449 16060
5516 7874
5519 1934
5519 3591
5519 9957
5519 11819
5519 12300
5519 13331
5519 15996
5519 16085
5519 16096
5519 16284
5519 16301
5519 18917
5523 7759
5523 8935
5615 2361
5633 14595
5639 10152
5639 12465
5640 19871
5660 4928
5660 8447
5660 8939
5660 11881
5660 12079
5660 13747
5660 15780
5660 16031
5660 16129
5660 16146
5660 22276
5660 23933
5677 524
5677 3667
5677 4343
5677 7759
5677 10005
5677 13027
5677 13318
5677 17262
5677 24702
5753 11056
5793 2447
5801 14483
5805 6598
5805 19730
5817 2831
5892 2413
5892 5640
5892 9239
5892 11056
5925 61
5946 2497
5946 5519
5946 5892
5946 6975
5946 11902
5946 13103
5946 16039
5946 16224
5946 16624
5946 17262
5946 24152
6006 14730
6009 7601
6009 13684
6009 14638
6009 16030
6047 23085
6074 18056
6095 1901
6095 9025
6095 13796
6115 3250
6124 7381
6124 9842
6124 10558
6124 11378
6124 12189
6124 14881
6124 15823
6124 18602
6148 9239
6167 7365
6247 434
6247 13639
6247 14654
6258 14412
6278 4920
6278 9892
6278 23795
6318 13211
6319 15267
6319 18764
6485 8031
6485 16093
6485 23662
6485 24657
6488 16122
6497 6937
6497 12869
6497 23235
6528 7410
6528 12670
6531 231
6531 7648
6531 23320
6547 606
6547 2423
6547 2447
6547 2592
6547 3982
6547 11819
6547 12041
6547 15551
6547 24722
6548 14483
6557 6582
6557 16157
6575 7759
6589 11684
6598 6310
6598 7097
6598 11963
6598 12829
6598 13462
6598 16206
6598 16243
6598 20817
6607 1934
6607 9275
6607 11767
6607 12461
6607 15856
6607 16177
6607 16259
6607 16281
6660 642
6660 2819
6660 7926
6660 12135
6660 12572
6660 12665
6666 11431
6666 12079
6666 12093
6666 16301
6709 8444
6736 13460
6736 15267
6736 16134
6815 3651
6815 13673
6851 19087
6869 766
6874 2751
6874 16030
6917 44
6917 2423
6917 12834
6917 15488
6917 15768
6917 15823
6917 16188
6937 11167
6937 11378
6955 15742
6975 10558
6975 13379
6975 15736
6985 15879
7006 16197
7022 6869
7022 12942
7028 10410
7065 21
7113 1913
7113 2467
7113 8109
7113 16301
7113 24226
7161 11378
7172 11562
7172 12369
7186 320
7186 7759
7186 9140
7186 12079
7186 12772
7186 12818
7186 15267
7186 16052
7186 16192
7280 12057
7283 15586
7365 19901
7387 1658
7410 993
7410 8289
7410 16154
7442 11048
7514 16030
7516 6049
7601 701
7601 4567
7601 7760
7601 11281
7601 12945
7601 16030
7601 16052
7648 2831
7648 9239
7648 21110
7656 15156
7743 309
7743 7113
7743 15033
7743 15821
7743 15843
7743 16060
7743 16259
7759 1308
7759 9405
7759 10566
7759 12079
7759 13086
7759 13218
7759 13492
7759 14249
7759 14483
7759 15156
7759 16061
7759 16123
7759 16271
7759 19087
7759 20021
7759 24620
7760 12903
7778 13011
7778 13735
7850 5896
7874 15117
7874 24206
7888 2104
7888 5606
7888 5615
7888 16298
7942 12734
7942 13472
7942 16064
8005 4462
8005 8262
8005 11758
8005 12189
8005 15780
8005 16347
8005 23360
8007 7905
8007 15193
8031 4664
8031 19901
8031 23348
8100 1934
8100 9555
8100 13305
8100 14224
8102 3714
8102 8216
8102 14483
8102 20021
8105 2427
8184 14654
8216 14811
8256 24183
8310 11819
8321 20114
8332 3262
8364 15117
8373 21786
8403 644
8403 4920
8403 22598
8421 14249
8452 8935
8452 12910
8497 307
8506 9553
8564 12910
8633 16189
8657 3982
8657 5446
8657 14134
8664 2491
8664 13969
8664 24265
8808 13318
8921 23223
8935 8447
8935 16190
8935 16327
8939 12868
8980 16239
8984 2447
8984 12683
8996 12670
9011 13118
9011 15895
9011 24393
9025 1296
9025 2262
9025 9359
9025 9541
9025 10092
9025 12143
9025 12153
9025 12439
9025 13915
9025 14647
9025 16045
9025 16160
9025 16184
9025 17675
9025 18602
9025 20021
9025 22373
9030 7152
9030 13066
9030 13874
9030 14387
9057 320
9057 763
9057 766
9057 3078
9057 6485
9057 8996
9057 9025
9057 9367
9057 12143
9057 12868
9057 16018
9057 16031
9057 16069
9057 16093
9057 16301
9057 16318
9057 18602
9140 16088
9177 3771
9177 5856
9177 11848
9177 13392
9177 16027
9177 16068
9177 16249
9177 16251
9177 18602
9177 20594
9177 23933
9177 24518
9232 3702
9232 13094
9232 16189
9238 320
9238 9957
9238 12155
9238 13123
9238 15971
9239 11048
9239 12394
9239 13673
9239 13726
9239 14401
9239 15795
9239 16038
9239 18602
9239 20429
9239 20512
9239 24250
9256 11657
9256 13305
9275 15758
9275 24518
9287 35
9290 13726
9359 16581
9365 14322
9365 16012
9398 1532
9398 12041
9398 12956
9398 16283
9405 3227
9405 12792
9405 12870
9405 15471
9405 15826
9494 12960
9494 16249
9553 5152
9553 6937
9553 8031
9553 11841
9553 15145
9553 15621
9553 16038
9553 16976
9553 23758
9555 2447
9555 11717
9629 11776
9679 15267
9679 16052
9679 19087
9682 15971
9713 14285
9713 16045
9742 24555
9811 11715
9811 16336
9830 15347
9842 320
9842 7874
9842 9957
9842 10005
9842 13150
9842 19087
9842 23707
9842 24206
9920 876
9957 2751
9957 12057
9957 13123
9957 16143
9957 18602
9960 9697
10049 6961
10092 16301
10121 6937
10121 8951
10121 11698
10121 16160
10168 10681
10168 16320
10207 6310
10207 8332
10207 16207
10207 16227
10227 320
10227 13436
10292 320
10292 1308
10292 2447
10292 5506
10292 9359
10292 9957
10292 13042
10292 13065
10292 14500
10292 14738
10292 15843
10292 15956
10292 16030
10292 16186
10292 16246
10292 16251
10292 22234
10292 22598
10292 24265
10307 4617
10307 4743
10378 10207
10410 1532
10410 2947
10410 13368
10410 13673
10410 14120
10410 14483
10410 15687
10410 16169
10410 16318
10410 16355
10410 24265
10429 2194
10429 3307
10429 9957
10429 11064
10429 11431
10429 13141
10429 15206
10429 17342
10429 20899
10429 21632
10486 15796
10558 1934
10558 12093
10558 12123
10558 12987
10558 13368
10558 13399
10558 15338
10558 15554
10558 15565
10558 15736
10558 15821
10558 15823
10558 15830
10558 16171
10558 16215
10558 18005
10558 23235
10566 3651
10566 12041
10566 12290
10566 15687
10566 16076
10566 16097
10566 18619
10566 24620
10627 11758
10681 14883
10707 9553
10761 7759
10833 16129
11040 12772
11040 15554
11040 16076
11040 16208
11040 16230
11055 8031
11056 13909
11059 9203
11076 9405
11076 15387
11076 15870
11076 16017
11167 630
11167 2831
11167 12945
11167 16185
11196 19087
11378 19087
11406 10121
11406 16201
11412 13851
11419 12079
11517 11056
11527 252
11527 11743
11579 12683
11657 16121
11690 24393
11698 2794
11698 9057
11698 9956
11698 16160
11700 14626
11700 16342
11715 10566
11715 12829
11733 15376
11743 701
11743 1609
11743 13392
11743 15887
11743 16286
11757 19882
11758 8256
11758 8623
11767 496
11767 6009
11767 7601
11767 11812
11767 12519
11767 12665
11767 14232
11767 15191
11767 16068
11767 16237
11767 18602
11767 19730
11767 23235
11767 23707
11767 24226
11793 3874
11793 16181
11819 2387
11819 2487
11819 8332
11819 12300
11819 12829
11819 13248
11819 13379
11819 16207
11819 19442
11842 701
11848 7186
11848 14547
11848 15853
11848 16106
11848 16249
11861 12539
11861 16139
11861 16856
11866 1430
11866 12806
11872 9830
11888 8497
11890 12341
11890 12465
11890 12956
11890 13191
11890 14483
11890 15347
11890 15806
11890 16167
11896 15622
11897 3452
11921 3452
11967 213
11967 21542
11982 6049
12012 15702
12025 13518
12041 15691
12047 14141
12057 19087
12074 12153
12079 5677
12079 9075
12079 13747
12079 14452
12079 22708
12093 8289
12116 4552
12116 6874
12116 10168
12116 10681
12116 12539
12116 16030
12116 16856
12123 8102
12123 12734
12135 2423
12135 3982
12135 5506
12135 11757
12135 11974
12135 12461
12135 15083
12135 15387
12135 15551
12135 15823
12135 15854
12135 16011
12135 16030
12135 16038
12135 16056
12135 16064
12135 16065
12135 16130
12135 16157
12135 16237
12135 16267
12135 16581
12135 20886
12135 20917
12135 21233
12135 21954
12135 23223
12135 23360
12135 24393
12153 7771
12153 13641
12153 16198
12153 21699
12155 13124
12163 10092
12163 13034
12163 16186
12171 12079
12171 16045
12192 16033
12211 19080
12223 16085
12242 16167
12268 16038
12273 16294
12283 13027
12300 15386
12322 7648
12326 22598
12340 12960
12343 747
12343 10429
12343 16069
12343 21632
12367 7351
12367 12519
12367 16321
12384 2411
12384 16080
12392 14224
12404 13305
12439 16319
12465 13558
12465 15814
12465 24195
12467 7026
12467 13003
12467 13212
12467 23348
12505 16163
12519 14891
12519 16004
12519 16106
12519 16581
12519 24393
12539 6087
12539 7656
12587 15191
12618 24480
12648 13603
12648 15083
12648 16129
12665 3874
12665 7926
12668 11562
12668 11819
12668 12273
12668 12670
12668 16338
12670 14595
12670 16073
12670 24313
12685 11812
12685 16091
12712 14031
12712 15481
12712 16221
12712 16286
12720 630
12720 16080
12720 22598
12734 375
12734 1312
12734 2447
12734 2997
12734 8147
12734 10558
12734 12143
12734 14650
12734 15830
12734 16086
12734 16347
12734 16355
12734 18602
12734 19440
12734 21542
12734 24393
12734 24657
12768 16026
12829 13103
12829 16895
12834 16082
12868 8951
12868 8996
12868 14730
12868 16018
12868 20917
12868 22217
12894 14986
12900 2700
12900 5892
12900 8939
12900 9239
12900 9541
12900 13305
12900 13969
12900 15274
12900 16224
12900 16335
12900 22160
12900 24226
12903 13094
12903 13954
12903 15843
12903 17706
12905 12159
12910 913
12910 1369
12910 3897
12910 5236
12910 10465
12910 14663
12910 14719
12910 15282
12910 15308
12910 15722
12910 16023
12910 16038
12910 16129
12910 16140
12910 16204
12910 16256
12910 23707
12933 6568
12933 18650
12936 601
12945 15385
12945 16347
12960 16192
12964 1741
12964 2104
12964 13871
12987 13969
12998 13305
13003 2872
13003 14483
13003 14896
13027 2872
13027 7172
13027 7186
13027 9679
13027 10486
13027 11684
13027 14483
13027 15796
13027 16036
13027 16273
13042 18602
13049 2447
13049 7186
13065 12829
13065 15191
13065 16207
13065 16227
13066 18602
13068 1235
13068 10410
13068 11932
13068 12772
13068 13448
13068 16015
13068 18602
13070 1312
13094 18169
13099 40
13099 12829
13099 13034
13099 14249
13103 3662
13103 7507
13103 13248
13103 14120
13103 16253
13108 3468
13108 10378
13110 17706
13121 11819
13121 14213
13121 16030
13121 16237
13124 13150
13124 13399
13124 15117
13124 16097
13124 16250
13124 18602
13150 24226
13184 16018
13184 23662
13191 15736
13191 22513
13194 7410
13211 16245
13231 1105
13247 16006
13270 14106
13272 20883
13305 1137
13305 3141
13305 4928
13305 6598
13305 6917
13305 7905
13305 12153
13305 12273
13305 12449
13305 13518
13305 13800
13305 13976
13305 14595
13305 15274
13305 15347
13305 15387
13305 15885
13305 15895
13305 15903
13305 16038
13305 16104
13305 16131
13305 16184
13305 16190
13305 16214
13305 16884
13305 21240
13305 24722
13343 14853
13343 16206
13348 8921
13370 16097
13370 18602
13379 1934
13379 12829
13379 13103
13383 5892
13383 16048
13431 15347
13431 15795
13460 24518
13470 10121
13472 14917
13472 24393
13476 2384
13492 9405
13518 14224
13572 5311
13639 1861
13639 2622
13639 5178
13639 5949
13639 9239
13639 9367
13639 13915
13639 16026
13639 21089
13639 21240
13639 22598
13684 601
13684 3292
13684 5600
13684 9405
13684 13882
13684 15274
13684 15586
13684 16235
13684 21786
13694 5633
13717 16164
13786 2056
13786 11171
13786 11881
13786 14213
13786 14469
13786 15622
13786 16161
13786 21954
13800 40
13800 13099
13800 24393
13851 3591
13900 16048
13914 11006
13920 763
13929 375
13929 16613
13933 15853
13954 1658
13954 11419
13954 13969
13954 16144
13957 11569
13969 1658
13969 2427
13969 2920
13969 5946
13969 9964
13969 10429
13969 10558
13969 11517
13969 12187
13969 12201
13969 13305
13969 13717
13969 14883
13969 15895
13969 16082
13969 16164
13969 16335
13969 24722
14024 14538
14054 15503
14094 20917
14113 15622
14213 6937
14213 12143
14213 15996
14213 16009
14213 16049
14213 16079
14213 16123
14213 16160
14213 16184
14213 16291
14213 17262
14213 19023
14219 15565
14224 11717
14226 285
14226 2920
14226 5946
14226 9697
14226 16079
14226 16190
14226 16194
14226 24722
14249 15347
14249 15759
14249 16029
14271 3078
14271 15999
14285 16045
14293 13121
14293 16166
14295 1018
14295 11076
14295 16235
14295 16892
14325 16197
14355 12899
14370 14134
14370 14888
14370 16095
14370 18602
14387 10005
14387 12057
14387 14986
14387 19087
14387 23320
14404 15381
14404 15999
14413 17706
14483 378
14483 15187
14488 10408
14500 2831
14500 7258
14500 14598
14500 15891
14500 16136
14500 18602
14550 876
14550 1308
14550 1582
14550 11378
14550 11507
14550 13034
14550 15903
14550 16249
14550 16345
14550 19149
14550 22598
14558 16221
14595 5988
14595 9256
14595 12998
14595 16214
14595 16338
14595 16613
14595 20429
14598 1842
14598 15891
14598 16098
14650 16006
14650 18602
14654 22276
14663 15321
14663 18602
14663 23348
14664 726
14670 15622
14730 231
14730 7680
14730 8951
14730 20917
14730 21954
14744 15870
14787 1403
14787 3452
14787 3528
14787 3909
14787 3990
14787 13025
14787 14249
14787 15586
14787 15885
14787 16027
14787 16237
14787 24722
14805 13909
14806 545
14806 16190
14806 17675
14806 18602
14863 7113
14881 7113
14881 12665
14881 12935
14881 16065
14881 16068
14881 16136
14881 16297
14881 24518
14881 24670
14891 15758
14920 16027
14948 11700
14969 16119
14986 16277
15082 18056
15116 4196
15117 2831
15117 3463
15117 5303
15117 7743
15117 8031
15117 10526
15117 11776
15117 11890
15117 12135
15117 12465
15117 14683
15117 15450
15117 16077
15117 16095
15117 16111
15117 16143
15117 16147
15117 16246
15117 16248
15117 16293
15117 18619
15117 21786
15117 23235
15117 24657
15161 993
15161 3982
15161 12201
15170 12727
15175 1951
15175 8939
15175 9656
15175 10290
15175 12586
15175 16111
15175 16286
15175 16322
15205 16904
15206 3506
15229 11056
15229 16106
15229 19023
15229 19730
15229 22513
15251 15890
15251 16166
15251 19730
15272 16041
15272 16131
15293 14782
15299 934
15299 2794
15299 8939
15299 9256
15299 11881
15299 12394
15299 14054
15299 15586
15321 16192
15322 4663
15332 3894
15333 6961
15346 19087
15347 10995
15347 14553
15347 15795
15347 16256
15347 23235
15387 15758
15399 10290
15447 16215
15447 16245
15447 18602
15447 21954
15460 13123
15460 16167
15491 1119
15491 22598
15491 23223
15547 1018
15547 12053
15547 13399
15547 14865
15547 15387
15547 15854
15547 16034
15547 16341
15547 16354
15551 24393
15589 13141
15590 16088
15603 8091
15612 16069
15617 1221
15681 19087
15698 2811
15736 12143
15748 18602
15750 14663
15758 6582
15758 7410
15758 7955
15758 8289
15759 5639
15759 12960
15759 16215
15768 18650
15780 10767
15792 16289
15795 2387
15814 21
15814 348
15814 4829
15814 10152
15814 10707
15814 13150
15814 14456
15814 14683
15814 15481
15814 16012
15814 16128
15814 16178
15814 16286
15814 16342
15814 16347
15814 18602
15814 21954
15814 24518
15823 18602
15826 7759
15826 13909
15826 24551
15829 15420
15830 13392
15830 13726
15830 16132
15842 23235
15853 10021
15866 3627
15866 4920
15866 16062
15866 16212
15866 24518
15870 13472
15882 16020
15903 13678
15935 11579
15969 15830
15971 2463
15971 3130
15971 6607
15971 10707
15971 12691
15971 14564
15971 15267
15971 16280
15971 16324
15971 18602
15971 19693
15971 23235
15978 14881
15983 2387
15984 16877
15984 23921
15993 12712
16001 15376
16001 16089
16002 9446
16009 17675
16014 16021
16018 8939
16018 8996
16018 14730
16018 20917
16018 21954
16018 22217
16021 4552
16021 12041
16021 16333
16022 1015
16024 11344
16025 747
16031 19191
16066 3257
16069 2252
16069 8102
16069 11932
16069 12705
16069 12865
16069 13398
16069 14202
16069 14547
16069 23895
16069 24404
16070 20512
16075 7354
16076 16230
16083 19087
16084 1609
16085 16224
16085 17262
16097 16136
16106 16581
16107 5107
16111 1609
16114 10005
16118 16000
16118 16132
16122 16208
16124 24226
16125 16123
16126 12392
16132 1308
16132 13123
16132 16355
16136 16141
16142 2751
16146 1018
16149 16136
16150 19554
16152 23348
16158 11522
16159 7759
16186 1403
16186 4637
16186 5677
16186 7759
16186 7926
16186 15971
16186 16020
16186 16246
16191 16581
16192 6937
16192 16308
16202 8773
16205 753
16218 24599
16220 5953
16231 2379
16231 12670
16233 4440
16234 15997
16235 21240
16236 18602
16244 7415
16246 22276
16262 23348
16264 23707
16266 13460
16270 9256
16272 7926
16281 16278
16284 23707
16287 9605
16296 15956
16305 15956
16312 16068
16315 18602
16316 14621
16317 4094
16323 3667
16323 8995
16323 11406
16323 13123
16328 3212
16328 16330
16331 9239
16332 2387
16338 21240
16339 15704
16342 16343
16346 7354
16348 12978
16349 5633
16356 194
16548 5946
16581 1105
16581 1934
16581 6149
16581 6582
16581 13392
16581 16237
16581 23707
16581 23734
16609 309
16609 2423
16609 13218
16609 15274
16613 2920
16613 3651
16613 13524
16613 15870
16624 766
16624 2097
16624 10144
16624 13533
16624 13951
16624 16348
16651 1230
16856 9405
16859 13518
16859 14820
16877 23921
16880 17299
16880 18005
16895 15795
16895 16015
17058 16203
17111 16101
17157 1582
17157 15267
17157 16008
17262 22130
17290 15191
17293 16169
17299 857
17299 1018
17299 8926
17299 16079
17299 18005
17301 4135
17301 9290
17576 8216
17639 11758
17639 15565
17675 1901
17675 2423
17675 4094
17675 5633
17675 9190
17675 15447
17675 18619
17732 7759
17742 11911
17742 12135
17840 12899
17972 6845
18005 6095
18005 13099
18034 4829
18034 18005
18056 358
18056 1901
18056 4021
18056 15406
18169 1934
18169 8996
18169 15145
18385 13191
18401 15996
18401 16183
18414 630
18414 14301
18574 644
18574 3591
18574 4829
18574 11378
18574 12690
18574 15156
18574 19149
18574 20259
18574 22598
18602 320
18602 2134
18602 2416
18602 3667
18602 5856
18602 7567
18602 9842
18602 11281
18602 11684
18602 15117
18602 16251
18602 19149
18602 19730
18602 20594
18602 24518
18619 2413
18619 3452
18619 7186
18619 12163
18619 14249
18619 15347
18619 16119
18619 18602
18650 24409
18689 701
18689 5892
18689 6520
18689 9605
18689 10213
18689 11758
18689 16287
18764 12956
18917 8951
19105 17675
19138 16347
19138 23320
19153 9057
19156 15256
19213 12572
19328 9016
19379 14975
19426 13678
19554 5892
19554 14401
19554 14412
19554 17675
19554 18497
19685 644
19685 14335
19730 8939
19730 19023
19730 24152
19871 13399
19901 4280
19901 14232
19901 15117
19901 15505
19901 16976
19901 22598
19915 2097
19915 4047
19985 3627
20028 16098
20028 24033
20242 16018
20242 16856
20285 11881
20387 15406
20429 11474
20638 16314
20676 596
20676 6009
20676 14337
20676 14663
20676 16030
20676 17818
20676 23707
20817 630
20817 2411
20817 3591
20817 4920
20817 7874
20817 9025
20817 12143
20817 13188
20817 13851
20817 14583
20817 14806
20817 15117
20817 16080
20817 16215
20817 16243
20817 16301
20817 18602
20817 22598
20817 23177
20871 215
20883 6047
20883 6607
20886 11717
20889 21542
20917 720
20917 1382
20917 4343
20917 13066
20917 18005
21020 16354
21110 2831
21110 5633
21110 6937
21110 12960
21110 14031
21110 16349
21110 24265
21233 496
21240 606
21240 2134
21240 7905
21240 13518
21240 13976
21240 14120
21240 16017
21240 18034
21240 20429
21336 3452
21336 4406
21336 9541
21336 10558
21336 11171
21336 11819
21336 12394
21336 13099
21336 15347
21336 17299
21336 18602
21336 20917
21336 23235
21457 9859
21584 10152
21699 2413
21699 10707
21699 12079
21699 13218
21699 13524
21699 15305
21699 15338
21699 15394
21699 15551
21699 15736
21699 16010
21699 16301
21699 16347
21699 16353
21699 23320
21699 24588
21739 9135
21739 13103
21786 10707
21786 12900
21786 15854
21786 16000
21786 20422
21786 24707
21876 3519
21878 11717
21878 11929
21878 15340
21898 13996
21913 525
21913 5600
21926 11419
21954 1901
21954 12032
21954 12465
21954 16355
21985 15903
22075 15347
22134 12899
22197 15895
22217 23085
22276 11776
22276 15117
22276 15842
22276 15843
22276 16097
22276 21542
22283 1934
22283 5506
22283 13248
22283 14401
22283 15288
22283 15435
22384 12201
22412 13042
22412 13150
22412 16119
22466 12829
22513 1296
22513 10681
22513 14865
22513 16285
22513 16311
22513 19023
22513 20899
22598 6149
22598 7874
22598 8031
22598 12394
22598 15191
22598 15346
22598 15823
22598 16038
22598 24365
22708 12829
22882 13123
22906 2953
22906 3990
22906 11023
22906 14490
22906 16034
22906 16342
22906 18602
23130 23320
23144 11717
23223 7123
23235 40
23235 642
23235 763
23235 2361
23235 2447
23235 2751
23235 3452
23235 4343
23235 4920
23235 6149
23235 8147
23235 8984
23235 9180
23235 9541
23235 9842
23235 10292
23235 12044
23235 13123
23235 13318
23235 13800
23235 15821
23235 15974
23235 15996
23235 16030
23235 16038
23235 18684
23235 19730
23235 23360
23235 23707
23348 155
23348 2447
23348 2831
23348 5677
23348 6124
23348 7557
23348 11527
23348 12910
23348 13166
23348 14387
23348 16129
23348 16324
23348 18602
23348 18689
23348 19087
23360 642
23360 2447
23707 12465
23707 12903
23707 15385
23707 15863
23782 16056
23782 16146
23782 21786
23906 13123
23921 1013
23921 8939
23941 4406
24088 12539
24133 231
24133 3203
24133 12910
24133 13524
24133 16581
24133 23320
24142 15814
24183 10151
24183 18169
24195 15206
24224 16129
24226 642
24226 11776
24226 13448
24226 14177
24226 15565
24226 15642
24226 15956
24226 16077
24226 16211
24226 16255
24226 16322
24226 16325
24250 23662
24252 309
24252 1951
24252 2447
24252 4196
24252 8984
24252 11767
24252 16301
24252 18602
24254 1230
24322 5600
24322 24579
24393 1308
24393 1934
24393 3651
24393 7410
24393 7942
24393 10005
24393 13431
24393 13511
24393 15347
24393 15795
24393 16319
24393 16355
24393 18602
24393 19442
24393 19946
24393 22276
24393 23360
24404 16199
24404 16286
24442 18602
24448 20
24448 12465
24460 677
24460 9405
24460 15586
24460 18614
24471 814
24474 5539
24517 7778
24518 913
24518 9180
24518 13337
24518 15956
24518 16068
24518 16297
24518 20647
24519 11006
24526 14106
24526 15450
24550 8921
24568 12078
24568 12702
24568 16071
24568 16250
24568 16251
24568 16301
24579 18005
24579 24588
24588 6598
24588 10207
24588 12829
24588 24670
24591 6547
24601 12155
24601 14452
24657 13673
24702 1846
24702 6548
24702 10213
24702 18602
24707 11776
24707 11812
24707 24226
24710 1455
0 3171
1 14730
20 13754
34 1639
34 2467
40 2497
40 19730
44 491
87 2387
90 434
97 16557
156 2387
194 13297
197 12998
197 18497
213 5567
213 8944
213 9405
213 9537
213 13786
213 16616
231 1934
231 10177
231 12649
231 13882
252 4667
252 16715
260 18684
262 7410
262 8289
262 14227
287 11767
287 13570
287 13758
287 15890
287 16397
287 16432
287 16751
292 3950
320 2700
320 3874
320 6124
320 9239
320 11342
320 12082
320 14550
320 15798
320 16398
320 20992
320 22592
331 9453
337 375
337 9239
344 1230
386 5176
386 12998
386 14757
386 16421
401 16672
412 320
412 9160
412 9842
412 15033
412 16018
491 222
491 4187
491 11929
495 6638
503 24707
525 3528
525 12310
540 12802
540 13027
560 22592
570 24555
572 14806
596 503
596 1913
596 5387
596 6887
596 7759
596 15117
596 15814
596 15843
596 16403
596 16592
596 16663
596 16710
596 16714
596 19149
596 23707
596 23956
596 24221
596 24620
601 6480
601 8996
601 16018
601 18689
623 320
623 2158
623 6009
623 8005
623 9239
623 9555
623 14488
623 15805
623 16515
623 16686
623 16754
623 24404
630 8031
630 12082
641 18574
642 701
642 2301
642 2463
642 2609
642 6334
642 11048
642 11967
642 12141
642 12684
642 13528
642 14175
642 15229
642 15350
642 15702
642 15966
642 16378
642 16413
642 16486
642 16498
642 16539
642 16540
642 16589
642 16631
642 16703
642 21702
644 2329
644 7113
644 10718
644 13485
644 14268
644 24695
687 13109
695 24393
701 2362
701 2440
701 2700
701 3292
701 3705
701 3739
701 5677
701 8944
701 10429
701 11929
701 14162
701 15117
701 15814
701 15819
701 16381
701 16384
701 16387
701 16427
701 16433
701 16501
701 16537
701 16576
701 16703
701 21020
726 1116
726 2516
726 5387
726 6315
726 8935
726 9190
726 11527
726 12135
726 12505
726 15350
726 15819
726 15853
726 16526
726 16561
726 16634
726 16673
726 16756
726 21542
726 22075
726 24518
728 2423
810 2008
810 2043
810 6282
810 7759
810 8363
830 14268
830 16446
830 22217
833 12539
833 16390
847 9724
866 2592
876 263
876 6167
876 12719
876 14269
876 14414
876 14583
876 14805
876 16706
876 16751
876 22341
902 7682
902 19554
906 7657
906 9591
929 8277
929 8812
929 9057
929 16390
929 16716
929 18005
949 3172
979 13305
986 1141
986 1403
990 16612
1013 1934
1013 2158
1013 2592
1013 5409
1013 9239
1013 12141
1013 14227
1013 14969
1013 15895
1013 18574
1013 22075
1018 4567
1018 7955
1018 15447
1018 16018
1018 16690
1018 16735
1105 263
1105 1394
1105 1520
1105 2794
1105 3152
1105 5079
1105 5387
1105 5892
1105 7028
1105 7387
1105 7478
1105 8004
1105 8944
1105 8996
1105 9022
1105 9239
1105 9306
1105 10276
1105 10429
1105 12079
1105 13492
1105 13786
1105 14503
1105 14819
1105 14820
1105 15542
1105 16517
1105 16570
1105 16672
1105 16681
1116 1312
1116 3528
1116 7028
1116 16653
1116 16667
1137 630
1137 1667
1137 11967
1137 12533
1137 13495
1137 14213
1137 15145
1137 15890
1137 16421
1141 1846
1141 13034
1141 18619
1141 18955
1173 15996
1173 22598
1215 15758
1215 16540
1215 22283
1221 12054
1235 15831
1312 3627
1312 3986
1312 4920
1312 6124
1312 6557
1312 9177
1312 9842
1312 10429
1312 15814
1312 16490
1312 16599
1312 16698
1313 13034
1313 16018
1318 24657
1346 15736
1346 16018
1383 12236
1384 1610
1393 16192
1393 16530
1403 16490
1403 16635
1407 14269
1411 7258
1411 9290
1411 16568
1430 130
1430 645
1430 1312
1430 1971
1430 2158
1430 2700
1430 3172
1430 4829
1430 4920
1430 4960
1430 6413
1430 6435
1430 8944
1430 9312
1430 9842
1430 10410
1430 12326
1430 12573
1430 13141
1430 13184
1430 13639
1430 14328
1430 14420
1430 14583
1430 14621
1430 15447
1430 15819
1430 16049
1430 16153
1430 16547
1430 16596
1430 16657
1430 16716
1430 16775
1430 17157
1430 19424
1430 20817
1430 22283
1520 2920
1520 5079
1538 6315
1538 12290
1538 15043
1538 16442
1538 16453
1538 16482
1538 16524
1547 9182
1582 2329
1582 8031
1582 9537
1582 14621
1582 19901
1631 2329
1631 4280
1631 4829
1631 7202
1631 20817
1631 21887
1633 6017
1633 13202
1633 13495
1654 10979
1658 7213
1658 7410
1658 9555
1658 12358
1658 13684
1658 14787
1658 16479
1658 16689
1667 40
1667 5952
1667 10027
1667 13375
1667 13495
1667 14698
1667 15819
1667 16498
1667 16539
1667 18602
1716 6607
1716 20242
1740 491
1740 3843
1740 4154
1740 6009
1740 6598
1740 6917
1740 7682
1740 9933
1740 10253
1740 10959
1740 11753
1740 12188
1740 12998
1740 14255
1740 14295
1740 14488
1740 14503
1740 15344
1740 16370
1740 16455
1740 16464
1740 16549
1740 16641
1740 16669
1740 16700
1740 16734
1740 24265
1740 24722
1741 9306
1741 15616
1741 15885
1784 1204
1846 642
1846 2487
1846 3049
1846 4920
1846 6887
1846 11929
1846 14150
1846 15117
1861 16018
1913 9025
1913 11743
1913 13066
1913 18602
1913 21786
1913 23348
1934 12734
1951 701
1951 1116
1951 11010
1951 11767
1951 16596
1951 16657
1951 16702
1952 8109
1971 4920
1999 21954
2018 0
2018 671
2018 8049
2021 4407
2021 23956
2048 6634
2134 701
2134 3055
2134 5677
2134 8102
2134 9306
2134 13303
2134 14452
2134 15616
2134 16384
2134 16389
2134 16399
2134 16473
2134 16531
2134 16579
2134 16699
2134 16706
2158 9555
2158 12572
2158 14550
2194 2794
2194 4829
2194 5892
2194 7682
2194 15814
2194 16407
2194 16468
2194 22598
2194 23125
2197 934
2197 2387
2197 3292
2197 3620
2197 3725
2197 5623
2197 5677
2197 6054
2197 6887
2197 7878
2197 8935
2197 10307
2197 11056
2197 12170
2197 13750
2197 14370
2197 14657
2197 15264
2197 15702
2197 15890
2197 16400
2197 16413
2197 16419
2197 16421
2197 16473
2197 16477
2197 16584
2197 16699
2197 16719
2197 19730
2197 22598
2197 23922
2215 10739
2329 14301
2332 16557
2361 1333
2362 2997
2362 8102
2384 6714
2384 11840
2384 11967
2387 0
2387 540
2387 4756
2387 7878
2387 8921
2387 9239
2387 9537
2387 9834
2387 9911
2387 10207
2387 12135
2387 12829
2387 14370
2387 15738
2387 16388
2387 16395
2387 16441
2387 16540
2387 16589
2387 16603
2387 16615
2387 18602
2387 18684
2387 20242
2387 20285
2387 21876
2387 24333
2388 13003
2388 18689
2392 11819
2411 11469
2413 1913
2423 1676
2423 4026
2423 4082
2423 8836
2423 10937
2423 11750
2423 12188
2423 12604
2423 12998
2423 13705
2423 14169
2423 14295
2423 15274
2423 16370
2423 16452
2423 16464
2423 16669
2423 18497
2423 21240
2442 16531
2487 260
2487 929
2487 8935
2487 8944
2487 16663
2497 1846
2497 2388
2497 2583
2497 4094
2497 5149
2497 6334
2497 7352
2497 8497
2497 8935
2497 10928
2497 13003
2497 13639
2497 14150
2497 14698
2497 16018
2497 16368
2497 16703
2497 24442
2497 24657
2497 24695
2508 12539
2583 1312
2583 14654
2592 5105
2592 8232
2592 12141
2592 15117
2592 16049
2592 16635
2592 24695
2608 16456
2622 19554
2629 4280
2629 4920
2629 6607
2629 8031
2629 13336
2629 14920
2629 22598
2655 8321
2655 22217
2657 15814
2700 15814
2736 6009
2748 3725
2748 8921
2748 13003
2748 16018
2748 16603
2748 16699
2794 4450
2794 5518
2794 14503
2831 7888
2886 645
2886 1119
2886 12570
2931 16157
2939 5311
2997 4667
2997 7028
2997 12093
2997 13882
2997 15083
2997 16122
3007 4498
3007 6124
3007 16018
3049 3425
3049 5946
3049 7152
3049 16399
3049 16421
3049 16656
3049 19730
3049 22341
3049 24702
3078 1013
3078 13184
3078 19693
3141 24276
3152 24393
3171 1901
3171 6961
3171 18056
3172 804
3172 2158
3172 3528
3172 4567
3172 4920
3172 8852
3172 8939
3172 9239
3172 14241
3172 14328
3172 14370
3172 16751
3172 16775
3172 19554
3172 22283
3172 24333
3225 11841
3292 4094
3292 5639
3292 11056
3292 13758
3292 14657
3292 16192
3292 16699
3425 642
3425 15221
3425 24480
3433 9239
3433 12874
3433 16884
3455 3559
3455 16153
3502 20285
3502 21786
3506 12465
3506 16449
3519 16421
3528 5639
3528 11785
3528 15826
3528 16192
3528 16659
3528 21336
3528 21872
3570 9182
3570 11840
3591 331
3591 1018
3591 1430
3591 8944
3591 14550
3591 14583
3591 16460
3591 16479
3601 23581
3627 6009
3627 21876
3652 16704
3677 11967
3677 19080
3679 12533
3679 13492
3691 5052
3760 21542
3824 13247
3824 15853
3824 16049
3824 16643
3865 16460
3909 19080
3909 19730
3986 213
3986 16018
3986 16709
3986 18602
3986 24333
4094 6095
4094 8995
4094 10168
4094 14293
4121 3950
4121 11967
4121 17180
4158 13800
4158 15758
4158 15890
4158 16563
4185 22598
4187 15890
4242 9160
4242 14711
4242 16430
4242 16630
4242 22188
4242 24707
4255 6009
4255 6124
4255 15033
4255 18602
4324 13305
4331 804
4331 10761
4343 2788
4343 5946
4343 14006
4343 24664
4350 16715
4406 8995
4406 16268
4406 22364
4406 23085
4407 12903
4407 16632
4407 23956
4407 24320
4407 24620
4440 596
4440 12665
4440 16366
4440 16628
4440 16715
4440 24333
4440 24620
4450 5946
4450 14370
4450 21739
4459 7478
4462 21872
4498 12668
4498 18602
4549 22283
4567 2387
4567 9555
4567 10761
4567 16735
4578 15890
4578 16719
4645 6247
4645 8031
4667 231
4667 1784
4667 2036
4667 7778
4667 15014
4667 23320
4685 2700
4685 4537
4685 9190
4685 9821
4685 15355
4685 15561
4685 16329
4685 16378
4685 16516
4685 18619
4719 2920
4719 4154
4719 16664
4737 7953
4737 19266
4829 1220
4829 1538
4829 5892
4829 6480
4829 13184
4829 13460
4829 14268
4829 16614
4829 16682
4829 16691
4829 17262
4829 19080
4920 2700
4920 5178
4920 7874
4920 8812
4920 9842
4920 12573
4920 14598
4920 14621
4920 16137
4920 16592
4920 16671
4920 16762
4920 17157
4920 18431
4920 24226
4928 14227
4928 16454
4982 7778
4982 8366
4982 17066
5052 2387
5052 8914
5052 14370
5093 5633
5093 14595
5112 3947
5123 24702
5127 6127
5152 1346
5152 2467
5152 8421
5152 16421
5160 6598
5178 386
5178 630
5178 642
5178 1846
5178 2700
5178 6247
5178 12290
5178 14621
5178 16018
5178 16390
5178 18431
5203 9933
5253 8995
5261 6124
5304 11929
5307 24320
5311 6480
5311 9140
5311 10062
5311 19080
5311 22075
5324 2467
5345 11840
5357 13247
5357 16512
5357 16552
5364 16627
5364 16635
5364 20242
5409 13502
5409 16715
5430 496
5430 5176
5430 16358
5430 16378
5430 18602
5449 4829
5449 16390
5516 13639
5516 15843
5519 9025
5519 14370
5519 16523
5519 16614
5523 3172
5523 3432
5523 4920
5523 15814
5553 16085
5567 14595
5639 662
5639 9553
5639 12903
5639 12960
5639 16192
5639 16459
5639 16552
5644 2158
5644 16547
5658 213
5660 124
5660 929
5660 3049
5660 5946
5660 19730
5660 19946
5677 6124
5677 6417
5677 8166
5677 12605
5677 13750
5677 16421
5677 24320
5683 16658
5753 16018
5801 15819
5801 16515
5801 16706
5808 5892
5892 7028
5892 7682
5892 12223
5892 15505
5892 16494
5892 16545
5892 16638
5892 16691
5892 16757
5892 19946
5946 10307
5946 13772
5946 14059
5946 14341
5946 16505
5946 16683
5953 642
6009 7410
6009 12998
6009 16018
6009 16515
6009 16900
6009 24393
6009 24657
6009 24707
6047 642
6047 15350
6047 16616
6095 16612
6121 11819
6124 5946
6124 14787
6127 7888
6167 9213
6167 13212
6167 13492
6167 19888
6170 9555
6192 15758
6247 1899
6247 1971
6247 13059
6247 16390
6247 16736
6258 5892
6278 320
6278 6124
6278 9177
6278 17090
6278 18602
6310 8815
6310 14050
6319 7465
6319 15993
6413 15702
6417 21881
6480 7759
6485 7759
6497 14232
6497 16632
6505 834
6528 2794
6528 15758
6549 7953
6549 12394
6557 9256
6557 9853
6557 13184
6557 14227
6557 16690
6557 16884
6557 19177
6571 1430
6589 642
6589 1116
6589 4960
6589 5178
6589 8935
6589 15798
6589 16517
6589 16710
6589 19683
6598 1312
6598 8852
6598 9834
6598 12532
6598 16407
6598 16603
6598 16656
6598 16856
6607 7465
6607 7759
6607 10429
6607 10707
6607 10994
6607 11615
6607 13524
6607 13966
6607 14310
6607 16122
6607 16562
6607 16654
6607 16657
6660 4343
6666 642
6666 1913
6666 2312
6666 5516
6666 13639
6666 14269
6666 16647
6666 18034
6666 18431
6735 7410
6736 12903
6761 24195
6796 16427
6815 15758
6851 3130
6851 8820
6851 12242
6869 876
6869 9160
6917 16510
6974 662
6975 6480
6999 14054
7081 3528
7081 13027
7081 18602
7113 8403
7113 10440
7113 11727
7113 19149
7152 979
7152 19730
7186 34
7186 13067
7186 16018
7186 16442
7186 16506
7186 16562
7211 16510
7304 16654
7305 14269
7305 15814
7338 24150
7352 11569
7352 15594
7404 15882
7410 8944
7410 9811
7410 14669
7410 14740
7410 14820
7410 16367
7410 16435
7410 16463
7410 16476
7410 16700
7410 16720
7454 15736
7454 21786
7499 9933
7499 21867
7507 5952
7514 3172
7514 4920
7514 5093
7514 9177
7514 10307
7514 16460
7514 24033
7516 2622
7516 5600
7516 9256
7516 12719
7516 14595
7516 15299
7516 16751
7516 22217
7552 24224
7566 14269
7579 19149
7601 7172
7630 16501
7648 814
7648 8321
7648 8939
7648 10862
7648 15814
7648 16018
7648 16405
7648 16618
7648 21891
7648 22276
7648 24555
7680 16018
7680 16405
7680 16424
7680 19683
7740 15736
7743 11342
7743 18602
7759 7465
7759 11698
7759 12465
7759 13624
7759 15993
7759 16329
7759 16366
7759 16405
7759 16666
7759 16714
7759 18602
7759 24320
7778 2592
7778 3172
7778 13109
7778 13912
7778 16049
7778 16457
7778 16586
7778 16756
7778 23348
7863 8996
7888 642
7888 13184
8005 1018
8005 4440
8005 9789
8005 10062
8005 10811
8031 1105
8031 9392
8031 16624
8031 20817
8102 6634
8102 7028
8102 8921
8102 9306
8102 12290
8102 16571
8102 19888
8102 20783
8105 16755
8166 9957
8166 14056
8232 1312
8232 16454
8235 16517
8262 15971
8305 0
8305 5952
8403 8364
8403 14583
8403 17157
8421 2583
8421 5677
8421 13750
8421 14888
8421 16511
8421 16699
8421 17262
8436 11517
8436 16464
8452 18602
8600 5449
8600 13639
8600 14387
8600 22217
8664 3725
8664 4829
8664 15795
8664 16663
8664 21194
8808 15890
8808 16619
8812 13003
8812 16361
8846 12998
8858 496
8858 8944
8902 2629
8921 9957
8921 16422
8921 16625
8921 22283
8935 9853
8935 11819
8935 15738
8935 16481
8935 16687
8935 18602
8935 24252
8939 12719
8944 8935
8944 16460
8944 18619
8944 18684
8980 15117
8980 15969
8983 1220
8995 386
8995 5519
8995 12322
8996 11840
8996 12719
8996 16390
8996 16446
8996 23348
9011 21337
9025 934
9025 2018
9025 2592
9025 3528
9025 4094
9025 7478
9025 8812
9025 8935
9025 9022
9025 9160
9025 9213
9025 9239
9025 12054
9025 14269
9025 15542
9025 15996
9025 16018
9025 16361
9025 16421
9025 16751
9025 19080
9025 22217
9025 23348
9025 24265
9027 11469
9057 2592
9057 6247
9057 6480
9057 6666
9057 8939
9057 8944
9057 9537
9057 9830
9057 11841
9057 11967
9057 12326
9057 13059
9057 13639
9057 13786
9057 14268
9057 14269
9057 14387
9057 15117
9057 15145
9057 16390
9057 16507
9057 16697
9057 18431
9057 19554
9057 20817
9057 22075
9157 1430
9177 496
9177 6124
9177 6437
9177 8659
9177 8812
9177 9957
9177 10276
9177 12489
9177 16211
9177 16611
9177 16652
9177 16710
9213 16614
9232 14358
9232 18602
9238 12734
9238 16658
9239 0
9239 4667
9239 4781
9239 7760
9239 9405
9239 10566
9239 11929
9239 12411
9239 12974
9239 12998
9239 13336
9239 14787
9239 14969
9239 14988
9239 15687
9239 15996
9239 16018
9239 16432
9239 16555
9239 16613
9239 16710
9239 16884
9239 20992
9239 24333
9290 23348
9290 24150
9305 16269
9305 16368
9312 4920
9312 24707
9367 12171
9398 16379
9405 804
9405 5887
9405 7352
9405 9011
9405 16517
9494 18428
9553 194
9553 3528
9553 9496
9553 10429
9553 15702
9553 16618
9553 16755
9553 18431
9553 24707
9555 1913
9555 4158
9555 9834
9555 10761
9555 11230
9555 14969
9555 15688
9555 16540
9555 16563
9555 16627
9555 18602
9679 9290
9679 14269
9682 16085
9733 14621
9833 16589
9842 1582
9842 16619
9842 24695
9893 14583
9893 19901
9893 24206
9911 24707
9933 10307
9957 3483
9957 4920
9957 16532
9964 4158
9964 14224
9964 16563
9969 11926
10121 6480
10121 6607
10121 7152
10121 10307
10121 14819
10121 16405
10121 16505
10121 18602
10121 19730
10168 979
10168 16557
10177 1013
10177 16497
10207 13248
10207 22283
10292 4920
10292 15033
10292 16422
10292 16479
10307 10937
10307 16510
10410 12290
10410 14150
10410 15702
10410 15814
10410 16049
10410 16473
10410 23922
10429 5489
10429 11929
10429 12734
10429 14483
10429 15522
10429 16049
10429 18423
10429 19149
10429 20285
10429 24657
10566 87
10566 213
10566 623
10566 2197
10566 2592
10566 6009
10566 7410
10566 11243
10566 11615
10566 12141
10566 12834
10566 13027
10566 14227
10566 15736
10566 16591
10566 18602
10566 22276
10688 1105
10718 12573
10718 14583
10811 9555
10811 15897
10811 16454
10811 18602
10994 16593
10994 16657
10994 16680
11010 12053
11040 6315
11040 16034
11040 16503
11040 16733
11056 12188
11056 13218
11056 16213
11056 16533
11056 16699
11056 16706
11062 14969
11076 14054
11098 11469
11098 13336
11328 1913
11342 16323
11406 642
11406 6334
11406 16368
11406 16374
11406 19554
11406 24657
11419 16614
11607 13191
11657 2920
11657 12998
11657 16640
11684 285
11684 2497
11684 23235
11698 2423
11700 2831
11700 16632
11715 9555
11715 10761
11715 14848
11715 16063
11725 8289
11725 16624
11733 11890
11743 2750
11743 15819
11744 16291
11756 3130
11758 13128
11758 13437
11758 16739
11761 13969
11767 1430
11767 3874
11767 4498
11767 5506
11767 9239
11767 9555
11767 10994
11767 11149
11767 11967
11767 12903
11767 14328
11767 14370
11767 15033
11767 15843
11767 16333
11767 16355
11767 16378
11767 16432
11767 16596
11767 16724
11767 16736
11767 16739
11767 18431
11767 20992
11767 21876
11767 24333
11767 24518
11819 4567
11819 9834
11819 14370
11819 15738
11819 16157
11819 16403
11819 16584
11819 16687
11819 18602
11861 1137
11861 12718
11861 16432
11866 876
11866 18431
11890 14269
11890 21954
11892 8321
11929 1913
11967 1312
11967 16018
11967 16710
11967 19080
11967 19730
12003 655
12003 6010
12012 16584
12022 4154
12022 14268
12025 5553
12025 16501
12033 18684
12074 728
12074 16734
12079 3055
12079 9025
12079 15971
12079 16390
12079 16423
12079 16467
12079 16471
12079 17064
12079 21337
12085 15116
12086 642
12086 2301
12086 20638
12116 11840
12135 285
12135 496
12135 1312
12135 5409
12135 6607
12135 8659
12135 8944
12135 9555
12135 9853
12135 10994
12135 11767
12135 12489
12135 12734
12135 13528
12135 14050
12135 14550
12135 14881
12135 15843
12135 16378
12135 16432
12135 16615
12135 17472
12135 18602
12135 22283
12135 24033
12141 2362
12141 12079
12163 16677
12171 1913
12171 6839
12190 16390
12236 2387
12236 13141
12236 16162
12236 16332
12236 22283
12242 10307
12322 5253
12341 4146
12343 16329
12367 8659
12367 13524
12367 14756
12367 15447
12384 8031
12392 11615
12394 13684
12452 14162
12452 16089
12467 14920
12467 17066
12467 24707
12489 14500
12502 4829
12505 14550
12517 3172
12532 16473
12539 5946
12539 8102
12539 8921
12539 14269
12539 19149
12547 15327
12570 8403
12570 15117
12597 14730
12618 16559
12658 4920
12658 8812
12665 4537
12665 6607
12665 10429
12665 16366
12668 16593
12670 14255
12670 14503
12670 14919
12670 16448
12670 16515
12670 16707
12685 15068
12712 3760
12712 14387
12727 15882
12727 16706
12734 642
12734 2592
12734 8289
12734 10121
12734 12141
12734 14310
12734 15099
12734 15758
12734 16371
12734 16444
12734 16542
12734 16710
12734 20638
12789 1137
12855 4094
12855 10168
12868 5567
12868 11967
12868 14269
12868 15843
12868 19888
12870 8688
12874 16581
12894 4094
12894 7352
12894 14691
12894 16374
12894 16486
12900 7682
12900 8421
12900 9933
12900 10253
12900 10307
12900 12998
12900 13786
12900 19554
12910 24568
12945 13754
12960 23348
12998 19554
12999 16606
12999 24722
13003 6761
13003 13750
13003 15851
13003 16473
13003 16659
13003 16691
13003 16706
13011 13437
13027 8102
13027 8944
13027 9306
13027 15206
13027 15946
13027 16399
13027 16503
13027 16515
13027 16535
13027 16659
13027 16702
13027 21872
13034 4829
13042 8812
13065 10207
13065 15890
13068 16616
13086 16370
13103 24288
13124 12665
13124 16462
13141 22708
13184 8996
13184 10566
13184 16394
13184 16591
13191 19379
13204 13060
13247 726
13247 1116
13247 6761
13247 10707
13247 15780
13247 16623
13247 16643
13247 16652
13247 16709
13258 16575
13280 20473
13305 934
13305 11313
13305 12188
13305 12310
13305 12450
13305 13067
13305 15427
13305 15655
13305 15738
13305 16085
13305 16434
13305 16435
13305 16510
13305 16533
13305 16553
13305 16700
13305 16707
13343 15117
13343 20721
13368 2499
13370 2750
13379 3172
13379 6607
13379 12170
13379 13184
13383 16533
13431 15427
13431 16425
13446 6634
13460 22276
13472 10761
13472 14848
13492 14269
13492 16744
13492 19080
13524 4242
13524 10719
13524 14550
13553 19554
13577 16405
13603 16540
13604 18602
13639 213
13639 1899
13639 4346
13639 8031
13639 8116
13639 8321
13639 12079
13639 12170
13639 13684
13639 13758
13639 14550
13639 15369
13639 16063
13639 16625
13639 17675
13639 22217
13639 22276
13639 24710
13651 16048
13684 12998
13684 13705
13684 14448
13684 16464
13684 16595
13684 16613
13694 3725
13750 2424
13781 3117
13786 4829
13786 6417
13786 6666
13786 7648
13786 8277
13786 8812
13786 9830
13786 11522
13786 12054
13786 13003
13786 13202
13786 14269
13786 15485
13786 15814
13786 16268
13786 16432
13786 16714
13786 16732
13786 17097
13786 17675
13786 19080
13786 24664
13792 16357
13792 16732
13800 15870
13809 14387
13809 16091
13885 18619
13907 8413
13954 19802
13954 23956
13969 2197
13969 3725
13969 4756
13969 5677
13969 10378
13969 16510
13969 16540
13969 16613
13969 16618
13969 16755
13969 24657
13987 2103
14024 741
14054 2920
14054 3620
14054 10307
14054 16408
14094 19059
14124 6485
14201 662
14213 728
14213 14730
14213 16421
14214 2318
14226 1520
14226 3620
14226 10761
14226 12604
14226 16018
14226 16627
14227 1934
14227 12998
14227 16676
14268 21336
14269 14387
14271 4920
14271 8921
14271 13460
14271 15033
14271 18574
14271 20242
14271 24695
14293 728
14293 8688
14295 12998
14295 14693
14295 14757
14295 15274
14310 5319
14325 12171
14325 16424
14355 15895
14370 386
14387 2516
14387 3172
14387 3528
14387 15814
14387 16460
14387 18684
14387 24320
14414 10259
14414 12539
14452 16122
14488 14787
14500 739
14500 6127
14500 13954
14500 16430
14550 701
14550 4920
14550 5516
14550 9057
14550 11149
14550 15117
14550 15819
14550 16479
14595 12188
14595 13492
14595 13518
14595 14255
14595 16434
14595 16555
14595 19554
14595 23085
14598 8005
14598 10207
14598 13460
14654 14713
14693 15758
14730 8852
14787 4094
14787 6480
14787 10276
14787 11517
14787 12079
14787 12188
14787 12998
14787 14150
14787 14269
14787 16461
14787 16486
14787 16554
14787 16669
14787 16717
14806 4928
14807 16402
14808 16408
14820 15024
14830 5132
14881 6976
14881 15798
14881 16596
14920 1116
14920 6480
14920 15145
14920 16530
14920 22592
14948 660
14948 3620
14948 9553
15020 14054
15033 16590
15033 24226
15116 16734
15117 2329
15117 6480
15117 8812
15117 9957
15117 11149
15117 11929
15117 13042
15117 16611
15145 19438
15175 11974
15175 15843
15175 16483
15206 16426
15229 1740
15229 8812
15229 16505
15229 16613
15251 2212
15251 12054
15251 22513
15264 22513
15299 1105
15299 1137
15299 11840
15299 12539
15299 15427
15299 16397
15299 16607
15327 24224
15409 24224
15447 7465
15447 9312
15460 16405
15491 15843
15491 16592
15547 2048
15547 6634
15547 7410
15547 9555
15547 21786
15547 22598
15585 15946
15617 6480
15680 18602
15702 15174
15736 12079
15736 16018
15738 5325
15738 12236
15738 18602
15758 1018
15758 1312
15758 1323
15758 2387
15758 2700
15758 4567
15758 5176
15758 7387
15758 9853
15758 12974
15758 15820
15758 15870
15758 15895
15758 16018
15758 16599
15758 16735
15758 20638
15814 3172
15814 9496
15814 11967
15814 12079
15814 12082
15814 12903
15814 13059
15814 15033
15814 16375
15814 16395
15814 16552
15814 16632
15814 16659
15819 22283
15826 10593
15826 13738
15826 14713
15826 16631
15843 16132
15853 15971
15853 16122
15856 9025
15895 10177
15895 24393
15903 16450
15971 460
15971 701
15971 1846
15971 5357
15971 5387
15971 6480
15971 6976
15971 14232
15971 14387
15971 14902
15971 16091
15971 16122
15971 16442
15971 16562
15971 16574
15971 16666
15971 16667
15971 16693
15971 16695
15978 8659
16018 2700
16018 4685
16018 8707
16018 16192
16018 19730
16018 22341
16018 24707
16021 337
16021 1312
16021 14848
16021 16463
16047 14224
16050 4537
16050 6044
16091 24620
16091 24657
16122 6315
16122 11785
16122 15206
16122 16091
16122 16552
16122 16571
16186 11149
16228 4440
16281 12685
16281 14227
16294 18497
16323 2497
16323 16535
16323 21702
16334 9830
16336 7410
16355 20638
16362 5093
16365 15554
16371 23601
16380 16375
16384 21867
16388 12829
16388 15702
16391 16390
16398 747
16398 16605
16409 3083
16409 6607
16409 20861
16410 6437
16418 14547
16419 2920
16421 18005
16423 13446
16429 12461
16437 18917
16438 2920
16439 13747
16440 9025
16441 87
16444 4928
16448 19888
16451 9856
16451 10761
16451 12316
16453 16442
16462 18602
16466 13460
16469 14528
16472 16422
16477 3049
16484 3591
16489 20
16489 16034
16491 15895
16492 222
16492 12489
16495 15843
16499 19554
16502 9096
16507 574
16512 15946
16514 20992
16515 9957
16515 10209
16515 18619
16517 11469
16517 20242
16518 3483
16519 16490
16521 1109
16524 12290
16527 1887
16530 3528
16530 12170
16530 14269
16530 16457
16530 16529
16530 16756
16536 23348
16541 24033
16548 9025
16557 799
16557 6784
16557 7410
16557 9025
16557 12317
16557 13118
16557 16169
16557 16584
16557 20721
16560 24445
16569 24221
16572 231
16572 12372
16575 671
16575 6997
16580 10775
16581 5319
16581 9239
16581 12141
16582 0
16604 5677
16613 10761
16613 15895
16613 16624
16613 16690
16613 16740
16613 22598
16619 16018
16624 9933
16633 5176
16663 13184
16663 16686
16671 19901
16686 18619
16688 8921
16697 4537
16712 929
16725 18231
16729 10254
16731 8858
16738 16417
16748 13786
16760 2497
16762 13354
16859 9256
16859 12358
16859 12649
16859 13570
16859 16613
17058 2036
17058 5615
17157 645
17157 1846
17157 6010
17157 9537
17180 8808
17293 4928
17293 16613
17293 16624
17299 4920
17299 9290
17299 10937
17299 16627
17299 24393
17342 642
17342 16385
17349 4829
17576 16533
17675 2388
17675 5387
17675 5553
17675 6009
17675 7778
17675 8857
17675 8921
17675 9177
17675 9555
17675 11967
17675 13003
17675 15625
17706 14232
17742 496
17830 6917
17840 12482
17966 1404
18005 386
18034 1430
18056 6961
18088 17675
18169 14269
18169 14387
18169 16530
18401 13184
18401 16018
18401 23348
18574 630
18574 2158
18574 2700
18574 4280
18574 4920
18574 8031
18574 8403
18574 10062
18574 14269
18574 22075
18602 14358
18602 14881
18602 16532
18602 16596
18602 16660
18602 21786
18602 24226
18604 20992
18604 22276
18619 623
18619 6480
18619 9160
18619 9496
18619 9553
18619 10429
18619 11757
18619 16585
18619 16709
18634 11517
18689 1913
18689 3528
18689 6480
18689 8421
18689 11149
18689 11841
18689 12727
18689 13003
18689 15616
18689 16018
18689 16049
18689 16192
18689 16381
18689 16474
18689 16706
18689 19730
18689 21786
18764 14969
18917 13502
18917 16505
18919 16430
19023 13059
19080 1220
19080 2362
19080 6258
19080 11517
19080 12079
19080 12465
19080 13303
19080 15625
19080 15843
19080 15890
19080 15897
19080 16479
19080 16672
19080 16707
19080 19149
19080 22341
19138 14310
19149 3168
19149 24695
19165 6607
19172 213
19172 14805
19172 16452
19172 19554
19328 12597
19424 14328
19426 3432
19446 248
19454 763
19454 10959
19454 16018
19554 5567
19554 10681
19554 14054
19683 728
19730 601
19730 671
19730 929
19730 2622
19730 3528
19730 3620
19730 9025
19730 11488
19730 11929
19730 16505
19730 19080
19730 24657
19802 6607
19871 10761
19890 3528
19890 9190
19890 15981
19901 9537
19901 14301
19901 14583
19901 16137
19901 18431
19915 5677
19915 9239
19946 8659
20242 728
20259 4280
20638 10994
20676 2301
20676 16366
20676 16378
20676 21878
20740 3130
20740 15369
20817 644
20817 5178
20817 6666
20817 8403
20817 9453
20817 14268
20817 16762
20817 21336
20817 24033
20904 14386
21079 19888
21110 14387
21233 16018
21240 12998
21240 14988
21336 1105
21336 1430
21336 1971
21336 2158
21336 2423
21336 6598
21336 8852
21336 9057
21336 16421
21336 16468
21336 16628
21336 22188
21584 9405
21584 22708
21584 23707
21584 24707
21699 1403
21699 2736
21699 3528
21699 4667
21699 5387
21699 6666
21699 9190
21699 9239
21699 12533
21699 13747
21699 14269
21699 14757
21699 14819
21699 16161
21699 24710
21786 642
21786 2387
21786 8944
21786 12141
21786 13141
21786 15897
21786 16378
21786 16710
21786 22283
21800 2920
21800 10307
21800 10761
21800 16624
21800 17830
21876 156
21876 4624
21876 16745
21876 24518
21878 12411
21898 16018
21913 9025
21913 12054
21913 15485
21914 14820
21985 5801
21985 18602
22134 14269
22217 2018
22217 2622
22217 5567
22276 213
22276 16366
22276 20992
22283 156
22283 9239
22283 10299
22283 10378
22283 16687
22341 7478
22341 19730
22466 213
22505 10811
22513 3049
22513 4094
22513 9182
22513 16374
22513 16584
22513 16638
22598 630
22598 9856
22598 12309
22598 14301
22598 14328
22598 14583
22598 14621
22598 16479
22598 16710
22598 17863
22634 14387
22724 12605
22730 5952
22882 1116
22882 13409
22882 16695
22906 2497
22906 13726
22906 15814
22906 16390
22906 18574
23130 6917
23348 687
23348 2301
23348 7454
23348 11841
23348 13184
23348 15043
23348 15350
23348 15561
23348 16049
23348 24707
23407 15848
23707 3528
23707 16384
23707 16715
23707 24435
23782 9555
23941 16706
24088 833
24088 8688
24128 18602
24133 1934
24133 2463
24133 6976
24133 10177
24133 14310
24133 15083
24133 16497
24150 14657
24183 16611
24191 13068
24191 16616
24195 16663
24206 9537
24221 20861
24224 12665
24226 503
24226 596
24226 1220
24226 2387
24226 3483
24226 6127
24226 10955
24226 11819
24226 11929
24226 13237
24226 16329
24226 16490
24226 16640
24226 17090
24226 19080
24226 20992
24252 337
24252 1913
24252 2329
24252 2831
24252 6009
24252 8944
24252 11929
24252 12188
24252 15814
24252 15897
24252 16432
24252 16483
24252 16593
24252 16745
24265 16754
24393 285
24393 2497
24393 4928
24393 8944
24393 11967
24393 12855
24393 14310
24393 15758
24393 16413
24393 17830
24442 2700
24460 8251
24492 16664
24518 5506
24518 6124
24531 3172
24555 14488
24568 260
24568 7657
24568 13184
24568 13406
24568 19890
24584 14293
24584 19730
24584 20242
24584 22513
24591 5079
24591 8857
24591 9290
24591 14621
24591 16540
24657 13446
24657 16329
24657 16562
24664 1220
24664 7258
24664 10121
24664 19080
24702 7404
24702 14657
24702 21872
24707 496
24707 16049
24707 23601
24710 12170
24722 11361
4 14226
34 701
34 726
34 4920
34 5530
44 16551
75 12600
97 16650
97 19080
139 2158
139 22598
156 4567
162 3172
162 15332
176 5686
176 8820
213 4406
213 8996
213 9025
213 15367
213 16421
213 24088
215 1867
231 1312
231 4370
231 9061
231 12093
231 16772
242 14956
252 15887
255 17116
269 1973
287 11194
287 13705
287 15407
287 15851
287 18602
320 287
320 1215
320 1842
320 2008
320 2497
320 7244
320 12665
320 14224
320 15407
320 15461
320 16258
320 16782
320 16787
320 16807
320 16816
320 16840
320 16970
320 24519
386 2794
386 3725
386 5544
386 6285
386 6999
386 7955
386 8996
386 11522
386 12539
386 15299
386 15344
386 15687
386 16834
399 16816
399 17032
401 1913
401 4234
401 13712
401 22256
412 7258
491 24442
524 17174
525 12090
540 16960
572 17039
596 673
596 1188
596 4146
596 4407
596 6976
596 8659
596 13558
596 13917
596 16767
596 16971
596 17016
596 17163
596 18602
601 7682
601 24472
623 6917
623 12529
623 12829
623 16679
623 16853
623 16932
623 16995
623 17009
623 24265
630 12853
633 19554
640 4196
642 15775
642 19156
644 5530
644 13684
644 14583
674 3255
674 9213
674 12665
674 16085
687 16761
701 399
701 1867
701 2091
701 2355
701 4624
701 5530
701 6996
701 8564
701 9263
701 13553
701 13996
701 15946
701 16313
701 16520
701 16672
701 16758
701 16778
701 16811
701 16979
701 16984
701 17023
701 17048
701 17178
726 7874
726 9177
726 11848
726 12538
726 12736
726 12903
726 13528
726 13917
726 14224
726 14881
726 15777
726 16243
726 16415
726 16765
726 16767
726 16803
726 16816
726 16832
726 16851
726 16984
726 17001
726 17006
726 17007
776 24128
804 503
804 1913
804 3292
804 10811
804 16846
810 5071
810 11754
810 16123
810 23039
833 17049
834 16932
866 17133
876 990
876 2794
876 7305
876 7935
876 13184
876 14888
876 14919
876 16121
876 16939
876 16965
876 19080
895 14503
929 9830
929 12220
929 16821
935 15814
935 18401
1013 6557
1013 11605
1013 11767
1013 12734
1013 12812
1013 12874
1013 15502
1013 16191
1013 16313
1013 16598
1013 16836
1013 16957
1013 16962
1013 16975
1013 17020
1018 16037
1018 16313
1018 16809
1018 17000
1018 17176
1105 260
1105 601
1105 3705
1105 5915
1105 6009
1105 6996
1105 7003
1105 10994
1105 11313
1105 15461
1105 15897
1105 16273
1105 16584
1105 16706
1105 16816
1105 16834
1105 16884
1105 17029
1105 17116
1105 17138
1105 18602
1105 19080
1105 21927
1110 6528
1116 10767
1116 11040
1116 12731
1116 13189
1116 14224
1116 15972
1116 16728
1116 16778
1116 16845
1133 14546
1137 990
1137 5409
1137 7935
1137 11840
1137 13639
1137 14241
1137 16110
1137 16926
1137 17029
1137 22217
1137 23085
1141 714
1141 16398
1141 16994
1141 24579
1204 6505
1221 14691
1230 988
1230 11469
1235 24380
1244 22276
1312 6607
1312 10410
1312 17033
1313 8995
1317 7258
1333 14810
1333 16715
1403 11291
1407 16517
1430 496
1430 701
1430 2387
1430 2997
1430 4242
1430 6149
1430 7514
1430 7759
1430 9957
1430 10811
1430 12003
1430 12625
1430 13379
1430 16313
1430 16816
1430 16957
1430 17022
1430 17145
1430 17168
1430 18449
1430 21356
1430 22598
1430 23235
1430 24519
1430 24657
1504 17046
1520 6598
1520 8880
1520 16706
1520 23320
1538 16803
1547 1504
1547 12079
1547 16411
1582 1913
1582 2158
1582 20817
1631 503
1631 4920
1631 19901
1658 2384
1658 4928
1658 6999
1658 11522
1658 13800
1658 15351
1658 19266
1667 4021
1667 16313
1667 16848
1667 17141
1667 20387
1734 13750
1740 2794
1740 4196
1740 4832
1740 7809
1740 9213
1740 14595
1740 14904
1740 16110
1740 16551
1740 17127
1740 21927
1740 24037
1740 24657
1846 3835
1846 5409
1846 5453
1846 13567
1846 16399
1846 17116
1846 18602
1846 20387
1883 2387
1883 22283
1899 1221
1901 11313
1913 903
1913 1141
1913 6095
1913 7759
1913 9239
1913 22598
1913 24404
1934 2447
1934 11010
1934 13528
1951 496
1951 1867
1951 5530
1951 6811
1951 7014
1951 7244
1951 12288
1951 13750
1951 17018
1951 17135
1951 24519
2021 16964
2134 320
2134 1221
2134 3528
2134 4234
2134 8816
2134 11056
2134 11421
2134 11542
2134 12171
2134 12288
2134 13750
2134 14691
2134 15410
2134 17117
2134 17121
2134 17173
2134 24265
2134 24519
2158 7186
2158 22598
2194 17039
2197 6917
2197 9239
2197 13810
2197 16791
2197 19888
2329 3051
2349 12665
2349 13470
2349 18056
2361 3292
2361 16838
2361 16929
2379 5544
2387 633
2387 4255
2387 6917
2387 10952
2387 11517
2387 11767
2387 16997
2387 22283
2411 320
2411 6549
2419 21878
2423 15136
2423 16740
2423 16795
2487 5345
2487 8650
2491 2959
2497 7529
2497 9026
2497 11967
2497 12223
2497 12665
2497 16273
2497 16708
2497 16949
2497 16991
2583 5530
2583 24492
2592 686
2592 6666
2592 10811
2592 12135
2592 13969
2592 14787
2592 16816
2592 16825
2592 16851
2592 16962
2592 17324
2609 19156
2622 11485
2622 16816
2622 21336
2629 7202
2664 7743
2713 1188
2736 3125
2736 10995
2736 16261
2736 22598
2748 15188
2748 15229
2748 17127
2750 16816
2794 703
2794 16834
2872 13567
2872 15521
2931 8820
2997 16110
2997 16415
2997 16772
2997 16905
2997 17020
3049 6284
3049 15897
3049 16949
3049 16982
3051 4920
3055 17127
3060 7552
3060 8961
3060 16819
3130 13684
3143 13470
3168 16313
3168 18602
3171 19105
3172 5539
3172 7003
3172 7759
3172 8995
3172 9830
3172 12041
3172 16790
3172 16791
3214 16764
3255 6666
3292 6999
3292 14546
3292 15278
3292 16994
3448 11040
3448 16780
3448 16950
3491 213
3528 2362
3528 3292
3528 12727
3528 13637
3528 24150
3591 4920
3591 16999
3677 17174
3679 4343
3683 13750
3725 10882
3771 17008
3784 4920
3814 4923
3814 13580
3824 1867
3824 10429
3835 9682
3835 13772
3843 17029
3943 14698
3947 13604
3947 14224
3950 13141
3974 5192
3986 11342
3986 16816
4048 24128
4121 6247
4121 15407
4125 2100
4125 16154
4158 640
4158 18602
4166 13531
4185 5516
4187 13184
4187 16816
4196 2794
4196 17164
4242 4407
4242 6002
4242 9239
4242 11725
4242 15843
4242 16825
4255 6549
4255 10994
4255 12600
4255 12665
4280 16749
4324 2438
4331 2053
4331 9025
4331 16110
4343 13786
4343 14546
4343 17100
4343 18602
4343 23348
4406 11861
4406 22234
4407 1913
4407 23980
4408 9957
4408 12135
4440 1867
4440 6002
4440 12538
4440 16842
4567 13460
4567 16313
4578 16913
4578 17099
4578 22256
4589 348
4624 10307
4624 13027
4638 13305
4664 5801
4685 703
4685 2569
4685 12993
4685 16761
4685 16824
4685 18602
4685 24265
4685 24707
4719 24492
4735 6917
4735 12829
4737 6598
4794 24088
4829 12079
4829 12894
4829 14412
4829 16774
4906 24555
4920 6666
4920 12220
4920 12819
4920 12903
4920 13808
4920 15805
4920 16258
4920 16903
4920 16917
4920 16984
4920 17695
4920 24519
4920 24657
4928 231
4928 6009
4928 6201
4928 11023
4928 12683
4928 14503
4982 3255
4982 16261
5027 7759
5105 16968
5112 10952
5123 14387
5152 990
5152 4406
5152 13470
5152 19080
5178 3255
5178 8031
5178 9842
5178 16812
5178 22598
5178 24519
5193 13851
5204 16948
5204 21786
5311 3141
5311 13216
5345 1887
5345 11727
5345 13470
5409 9057
5409 12003
5409 16779
5411 115
5411 7499
5411 16557
5446 8813
5446 9022
5449 3125
5477 4928
5516 20817
5519 3835
5519 6497
5523 7981
5523 12903
5544 10307
5544 13705
5615 675
5639 13558
5639 15151
5639 16789
5639 17026
5660 726
5660 1001
5660 16085
5660 16838
5660 16856
5660 16979
5683 16787
5757 834
5757 13954
5757 18602
5762 640
5762 13800
5762 15116
5793 20676
5801 4624
5801 5930
5801 6851
5801 16977
5801 18602
5801 21786
5805 11840
5865 17144
5892 2134
5892 12079
5892 16777
5892 16975
5892 19105
5931 9238
5933 10307
5946 3835
5946 5101
5946 6284
5946 12894
5946 14267
5946 16085
5946 16399
5946 16773
5946 16987
5946 17035
6002 12903
6002 16186
6002 23707
6009 1658
6009 8808
6009 14820
6009 15819
6009 16978
6009 17144
6009 17148
6049 6999
6049 16990
6095 9057
6095 16812
6095 16816
6095 17162
6095 22234
6124 16761
6124 24568
6125 6666
6125 13406
6161 1013
6247 3292
6247 7442
6247 10012
6247 12874
6247 15346
6247 15755
6247 16488
6247 16775
6247 16903
6278 1317
6278 4595
6278 6002
6278 7258
6278 8659
6278 13528
6278 15407
6278 16078
6278 16153
6278 16776
6278 16816
6278 16932
6284 23707
6319 12665
6338 16797
6417 7152
6417 17121
6497 3292
6497 16994
6528 1188
6528 2053
6528 9811
6528 12649
6528 15156
6549 1215
6549 15407
6549 17298
6557 260
6557 386
6557 686
6557 7838
6557 7874
6557 11522
6557 13141
6557 13255
6557 13305
6557 15344
6557 15843
6557 16037
6557 16110
6557 16313
6557 16834
6557 17000
6557 17110
6557 18602
6571 13370
6589 3982
6589 8321
6589 9025
6589 11929
6589 12411
6589 14224
6589 15502
6589 15971
6589 16928
6589 16984
6589 20817
6598 6149
6598 8880
6598 9057
6598 11194
6598 12153
6598 15771
6598 16613
6598 17015
6598 17171
6598 22256
6607 6953
6607 15502
6607 15758
6607 18602
6607 23235
6666 13808
6666 13917
6666 16984
6666 17141
6736 13917
6736 13996
6736 15814
6811 21240
6851 1846
6851 12090
6851 19149
6869 13184
6874 4920
6887 22708
6917 13258
6934 16987
6953 12734
6969 810
6969 1951
6975 3255
6976 2362
6976 12668
6999 10681
7023 16409
7081 4683
7081 16313
7081 22412
7152 8102
7152 15188
7186 15461
7186 17117
7186 17159
7305 990
7305 19080
7367 6999
7367 16816
7401 16403
7410 11522
7410 16836
7424 18689
7493 12903
7499 16851
7514 993
7514 1215
7514 1312
7514 16989
7514 18602
7516 1658
7516 6999
7516 11522
7516 13812
7566 13184
7601 496
7601 3835
7601 10994
7601 12135
7601 16850
7601 16932
7601 18602
7648 12903
7648 16782
7648 17165
7648 24442
7680 19105
7682 17172
7682 19105
7743 8005
7743 11967
7743 14359
7743 14810
7743 16932
7743 17037
7743 17045
7759 9957
7759 11056
7759 12903
7759 16809
7759 16810
7759 17012
7778 3255
7778 4920
7778 6002
7778 14795
7778 16747
7778 16815
7792 13258
7809 21336
7838 8935
7850 4816
7874 16984
7874 17145
7888 2184
7888 5539
8005 13885
8005 16932
8031 482
8031 5192
8031 13184
8031 18169
8102 9957
8102 12223
8102 12288
8102 16085
8102 16672
8102 16789
8102 16810
8102 16845
8102 16928
8102 16984
8102 17159
8102 19080
8102 21632
8105 12829
8235 12600
8238 8664
8247 5686
8289 12543
8305 11929
8421 6417
8421 13738
8421 17000
8507 349
8600 16390
8657 6002
8657 16949
8657 16991
8659 16581
8659 22276
8664 858
8813 9978
8813 16679
8921 16775
8921 19149
8935 1883
8935 2387
8935 4920
8935 10994
8935 11007
8935 16313
8935 16621
8935 16750
8935 16979
8996 287
8996 13470
8996 16706
8996 16751
8996 19554
9022 12620
9025 633
9025 990
9025 1883
9025 2384
9025 3705
9025 4242
9025 5409
9025 7874
9025 8031
9025 8880
9025 9830
9025 11522
9025 11840
9025 12538
9025 13470
9025 13639
9025 13712
9025 15461
9025 15576
9025 17174
9025 20387
9025 20512
9025 24555
9025 24579
9057 701
9057 830
9057 935
9057 990
9057 1215
9057 3398
9057 3865
9057 4187
9057 5530
9057 6149
9057 8321
9057 8600
9057 12054
9057 12063
9057 12665
9057 13470
9057 13712
9057 14386
9057 15407
9057 15771
9057 16110
9057 16121
9057 16313
9057 16663
9057 16835
9057 16911
9057 16987
9057 17106
9057 17141
9057 17171
9057 19080
9057 21699
9057 23662
9061 4370
9061 15758
9120 9213
9140 24150
9177 673
9177 4920
9177 6002
9177 13528
9177 16313
9177 16832
9177 20676
9177 24519
9213 18438
9232 13996
9238 6002
9238 16765
9238 23933
9239 34
9239 990
9239 993
9239 1188
9239 7759
9239 8289
9239 11522
9239 11686
9239 12574
9239 15758
9239 16766
9239 16816
9239 16989
9239 17012
9239 19554
9239 19888
9239 24369
9256 21240
9275 8935
9312 2362
9398 16684
9405 4458
9405 9842
9405 14835
9405 17026
9405 19059
9405 24682
9494 12343
9494 15412
9524 17171
9553 16994
9553 21020
9555 16313
9555 17176
9558 3153
9600 6319
9600 16802
9713 13470
9821 16966
9842 6598
9842 12665
9842 12903
9842 20817
9933 3835
9957 12903
10006 496
10028 16177
10121 11967
10121 12665
10121 13612
10279 320
10292 6953
10292 8661
10292 14583
10292 14956
10402 5409
10402 12665
10410 8880
10410 9827
10410 12649
10429 630
10429 13750
10429 15971
10429 16779
10429 19622
10429 24579
10566 2387
10566 4340
10566 8001
10566 11522
10566 12519
10566 12685
10566 17020
10566 24460
10688 13954
10718 2467
10718 11023
10718 18602
10811 13255
10811 15758
10811 16598
10811 16884
10811 16972
10811 17142
10833 16802
10994 16581
11010 12903
11010 14030
11010 19871
11040 12727
11040 13216
11040 15946
11040 15972
11040 16122
11040 16780
11040 16824
11040 16933
11040 16950
11040 17006
11047 24519
11055 12819
11056 12223
11056 14295
11056 16915
11056 17127
11056 17132
11076 701
11076 16812
11082 24033
11098 2361
11167 10994
11233 5428
11291 24226
11313 17174
11342 18602
11361 16543
11406 7888
11406 17128
11406 20387
11419 7082
11419 9213
11419 13406
11419 23912
11522 14226
11547 12041
11607 6391
11684 17100
11698 3415
11698 4242
11698 24710
11700 7874
11700 16736
11700 16984
11700 17049
11700 18602
11715 231
11733 1657
11739 1913
11743 2355
11743 12538
11743 13792
11743 16824
11743 17100
11756 18955
11767 1312
11767 7838
11767 10952
11767 12600
11767 12734
11767 15156
11767 15758
11767 15777
11767 16313
11767 16581
11767 17145
11767 18449
11767 20817
11767 22276
11767 24393
11785 11040
11786 16301
11803 8031
11819 16621
11819 16791
11819 16997
11840 6002
11840 9057
11840 12665
11840 13470
11840 22217
11848 12552
11861 1658
11861 13184
11866 9461
11890 17106
11896 16965
11944 12945
11967 13845
11967 15775
11967 24226
12025 16809
12025 17012
12029 16613
12041 13305
12079 4186
12079 15410
12079 21584
12079 22598
12116 7529
12116 16656
12123 16788
12135 320
12135 503
12135 703
12135 4166
12135 8661
12135 10761
12135 14224
12135 14387
12135 16313
12135 16816
12135 16957
12135 16980
12135 17145
12135 22598
12141 16409
12141 16995
12141 17160
12163 18602
12171 13470
12209 17040
12223 12539
12223 18385
12288 24033
12343 13471
12343 16243
12343 17009
12343 22276
12358 4928
12367 12903
12375 13470
12434 17149
12434 24226
12521 12402
12538 24707
12539 13184
12539 13431
12539 13470
12539 16047
12539 16656
12539 24656
12600 16932
12618 642
12626 5428
12658 16251
12658 18602
12665 9978
12665 13027
12665 16754
12665 18602
12665 24393
12668 10688
12668 18602
12668 18955
12670 13800
12679 1658
12685 16313
12685 24393
12712 2966
12712 24222
12727 24033
12731 23348
12732 20676
12734 320
12734 6192
12734 6278
12734 6607
12734 12874
12734 13472
12734 13528
12734 14359
12734 16313
12734 16825
12734 16835
12734 16836
12734 16851
12734 16962
12734 17163
12734 18449
12734 20676
12734 21878
12868 4343
12870 3021
12870 16856
12894 4406
12894 7888
12894 12223
12894 14837
12894 16949
12900 3835
12900 5544
12900 12894
12903 269
12903 2387
12903 11743
12903 15971
12904 5995
12910 16853
12934 17009
12934 17100
12993 8106
12998 13321
12999 17019
13003 2194
13003 4234
13003 5409
13003 9798
13003 17016
13027 701
13027 3528
13027 14948
13027 15407
13027 16638
13027 16663
13027 16802
13027 16827
13027 16951
13027 24354
13038 19868
13042 17153
13042 17764
13049 2423
13049 6608
13049 10811
13049 16884
13065 16621
13066 13786
13066 16984
13068 20904
13068 21878
13068 24519
13082 5530
13113 979
13119 5084
13119 16962
13121 2748
13121 11744
13179 15187
13191 16821
13207 4920
13247 3621
13247 6488
13247 11040
13247 16574
13247 16810
13247 16934
13255 15758
13270 5192
13305 8507
13305 12063
13305 12829
13305 14919
13305 15136
13305 15450
13305 16613
13305 16650
13305 16795
13305 16801
13305 16834
13305 17039
13305 18955
13305 24657
13311 16994
13337 16840
13379 19901
13392 18401
13406 23912
13472 6192
13492 9011
13492 12223
13492 13800
13492 21240
13492 23039
13502 3835
13502 16982
13518 11819
13544 1018
13612 17118
13639 1188
13639 1221
13639 1235
13639 5409
13639 6197
13639 16939
13639 16970
13673 12135
13684 5801
13684 8808
13684 9842
13684 16978
13684 16984
13684 17043
13684 22208
13786 1215
13786 3679
13786 3705
13786 5409
13786 6002
13786 13470
13786 15343
13786 16273
13786 16517
13786 16557
13786 16570
13786 16663
13786 16792
13786 16942
13792 12538
13810 15188
13810 16638
13810 17174
13885 14406
13889 11577
13914 24178
13929 16945
13933 16552
13954 18602
13969 6598
13969 9821
13969 13875
13969 16706
13969 17015
13969 19554
13969 22256
14016 20817
14024 13337
14054 993
14094 15156
14138 13191
14142 3943
14187 17112
14187 17145
14187 21896
14189 9659
14219 16163
14226 2423
14226 8632
14226 12998
14226 18955
14226 21240
14232 16830
14266 16607
14271 16153
14271 16903
14271 20817
14293 13812
14293 14986
14293 15188
14293 15367
14293 16638
14293 17138
14293 22513
14295 260
14295 12861
14295 14595
14295 16777
14301 3255
14370 5176
14387 231
14387 6002
14387 7082
14387 18602
14391 3398
14391 13684
14414 13639
14414 19080
14469 24657
14500 16816
14550 14583
14568 16164
14595 3835
14595 16937
14599 9978
14636 17014
14670 9537
14695 16816
14713 9057
14713 13470
14730 13712
14756 17742
14787 260
14787 13258
14787 16792
14787 16808
14787 16809
14787 17127
14806 12665
14837 17127
14881 320
14881 6002
14881 12600
14920 320
14920 13750
14920 15407
14920 16110
14920 16815
14920 16941
14920 18602
14969 24393
14999 14674
15024 1215
15035 15971
15117 16154
15136 21240
15147 5992
15161 15502
15183 16753
15183 17012
15183 22592
15198 17100
15206 15780
15229 1658
15229 11522
15229 11861
15229 14469
15229 15188
15229 16018
15229 16157
15229 16656
15229 16936
15229 16937
15229 21240
15229 23235
15229 24657
15251 16638
15299 320
15299 1658
15299 2384
15299 13470
15299 16664
15299 16813
15299 21240
15332 14387
15332 16775
15332 16792
15332 17112
15332 17116
15332 19554
15345 14227
15360 16766
15382 3292
15407 22807
15422 15450
15447 15771
15450 13553
15450 16273
15468 16795
15488 16795
15648 12135
15695 16822
15698 11194
15698 17015
15700 24265
15714 7940
15738 12600
15738 24568
15758 3705
15758 12683
15758 12812
15758 15345
15758 16598
15758 17020
15758 17172
15780 11040
15814 6002
15814 12600
15814 16953
15814 16979
15826 2966
15826 4733
15826 6417
15826 8556
15826 9856
15826 10544
15826 12465
15826 13522
15826 16996
15826 24404
15826 24531
15829 6009
15829 11731
15829 14864
15829 16834
15829 19023
15971 293
15971 673
15971 703
15971 1913
15971 4920
15971 6002
15971 10761
15971 10952
15971 10994
15971 11785
15971 13580
15971 13750
15971 14795
15971 14948
15971 15346
15971 15791
15971 15887
15971 16243
15971 16398
15971 16767
15971 16824
15971 16844
15971 16924
15971 16951
15971 16987
15971 17022
15971 17023
15971 17105
15971 17117
15971 17141
15971 17142
15971 20676
15971 21107
15971 21878
15971 24150
15978 8661
16018 7935
16018 12539
16018 16812
16018 16965
16018 17162
16018 21884
16018 24088
16018 24588
16122 3292
16122 15972
16122 16780
16122 16933
16122 16950
16124 642
16153 16776
16170 24369
16180 18602
16186 7152
16186 16313
16186 18602
16262 9421
16273 16785
16279 9073
16313 16816
16336 1013
16336 12861
16348 3835
16409 12538
16409 16313
16409 16835
16410 929
16410 6133
16456 16739
16492 5409
16517 16650
16517 16797
16525 1913
16525 19266
16530 16764
16557 1658
16557 6917
16557 6999
16557 7401
16557 7499
16557 12539
16557 13113
16557 15351
16557 16403
16557 16517
16557 16613
16557 16624
16557 16816
16557 16988
16557 17140
16557 18602
16557 24393
16581 10761
16581 13528
16581 16157
16594 21899
16609 1312
16609 5992
16609 17029
16609 24657
16613 4928
16613 5477
16613 8289
16613 11056
16613 16598
16613 16834
16613 17020
16613 17039
16624 15351
16656 2352
16679 9978
16684 6049
16713 16797
16764 20817
16766 15687
16770 263
16783 7298
16804 2831
16813 21240
16816 2467
16816 7601
16817 22315
16820 13750
16823 16797
16824 23348
16829 24263
16831 12903
16844 16757
16844 16853
16848 3292
16848 6002
16848 11023
16848 16845
16848 18602
16859 5544
16902 3021
16902 10566
16902 11727
16906 16816
16914 4196
16914 9061
16914 11056
16914 12539
16914 12649
16914 12861
16914 14904
16914 15344
16914 15450
16914 16551
16914 16613
16914 16816
16914 16834
16914 16900
16914 17039
16914 17132
16914 19080
16916 14835
16921 19149
16930 16816
16934 8123
16942 6999
16943 5120
16945 12041
16952 14848
16956 21089
16960 18602
16961 16251
16966 6333
16966 7923
16966 17966
16966 21868
16966 24707
16972 213
16972 8289
16975 17293
16977 16974
16985 11266
16987 17142
17002 10290
17005 12658
17011 21020
17014 12665
17014 14473
17014 15971
17014 16037
17014 17026
17032 16816
17042 18602
17044 16607
17058 1312
17099 15275
17100 18602
17101 15486
17102 2194
17104 269
17107 18574
17113 24519
17114 12665
17115 22276
17122 18401
17125 6707
17134 14002
17134 24451
17143 12434
17145 16596
17146 701
17147 10057
17148 17144
17161 2423
17165 24442
17166 2781
17166 5389
17166 6996
17167 4642
17169 3094
17170 13082
17176 496
17180 8601
17293 3292
17299 2053
17299 17006
17300 16801
17338 993
17639 1333
17641 255
17675 1913
17675 5653
17675 5677
17675 11007
17675 12171
17675 14469
17675 15367
17675 15892
17675 16663
17675 24519
17695 6247
17729 13470
17830 11967
17830 16551
17977 18602
18034 4920
18056 13470
18169 4242
18169 12903
18401 2362
18401 7874
18401 12903
18401 13617
18401 16824
18401 16955
18438 1913
18449 5530
18449 13528
18574 13808
18602 934
18602 11967
18602 16313
18602 16816
18602 16906
18602 16932
18602 24404
18604 17100
18619 34
18619 14948
18619 16953
18619 17168
18689 8102
18689 15897
18689 16987
18689 19868
18689 24702
18698 16821
19023 13905
19062 8880
19080 34
19080 5192
19080 6167
19080 13917
19080 16706
19080 16851
19080 18602
19105 13492
19149 703
19149 714
19149 9239
19156 7759
19156 16991
19266 1913
19328 1137
19328 9057
19328 12293
19328 16090
19355 9239
19355 16163
19355 17121
19426 2583
19454 21
19454 496
19554 7682
19554 12829
19554 16607
19730 11744
19730 24460
19848 804
19901 3255
19901 4920
19901 4982
19901 5192
19901 6002
19901 6666
19901 15156
19901 16979
19901 17022
19901 17049
19901 18602
19901 20817
19915 1403
19915 3835
19915 7682
19915 10410
19915 17127
19915 19554
20028 12731
20259 9453
20259 10183
20259 22598
20259 24519
20276 20387
20285 260
20285 2134
20285 7874
20285 16613
20285 18472
20285 24385
20676 8031
20676 15412
20780 20799
20817 4280
20817 10012
20817 13808
20817 14975
20817 16812
20817 16999
20904 16926
20917 7740
21110 16672
21213 990
21213 3528
21233 3255
21240 6009
21240 9842
21240 15450
21240 24519
21336 5192
21336 12220
21336 13141
21336 15775
21336 23085
21584 4982
21699 1913
21699 4242
21699 4255
21699 4982
21699 5801
21699 7778
21699 7935
21699 12665
21699 13462
21699 14795
21699 16811
21699 16905
21699 16908
21699 16985
21699 17026
21699 24393
21786 496
21786 3528
21786 4121
21786 5448
21786 6607
21786 7874
21786 10429
21786 11040
21786 13555
21786 13750
21786 14810
21786 15206
21786 16122
21786 18449
21786 22315
21786 23235
21786 24657
21786 24702
21800 17132
21876 3874
21876 16018
21876 19554
21878 2307
21899 12853
21913 16978
21926 9120
21926 12190
21954 19105
21954 19554
22134 2423
22208 989
22217 556
22217 990
22217 21336
22276 13528
22276 14500
22276 16243
22276 18602
22276 23235
22276 24519
22283 7874
22283 12529
22283 16409
22328 2194
22513 5539
22513 7529
22513 12539
22513 13470
22513 15777
22513 16090
22598 6247
22598 9073
22598 9830
22598 10012
22598 11007
22598 12045
22598 12538
22598 12625
22598 13808
22598 15407
22598 15777
22598 16764
22598 16790
22598 17022
22598 17049
22598 17115
22598 21899
22598 24354
22598 24519
22598 24657
22708 673
22708 17066
22708 17178
22882 13247
22882 17006
22882 21020
22906 8540
22906 11634
22906 14301
22906 16903
22906 16928
23039 14538
23235 1001
23235 7838
23235 8657
23235 11023
23235 15099
23235 17706
23235 18602
23335 24710
23348 2748
23348 16256
23348 16948
23473 3292
23535 929
23822 13470
23822 20917
23921 7874
23921 13617
24126 18602
24133 3835
24195 14677
24206 12625
24226 3874
24226 10952
24226 14187
24226 14359
24226 17105
24250 13184
24252 34
24252 2194
24252 4920
24252 7014
24252 12665
24252 16313
24259 2467
24265 15561
24265 18602
24393 5107
24393 12649
24409 15502
24442 15576
24442 16797
24448 16842
24460 9842
24460 16797
24460 21240
24472 16937
24492 4832
24526 20387
24531 4920
24568 2091
24568 2362
24568 13460
24568 14387
24568 16666
24568 17028
24568 18602
24579 14224
24657 8996
24657 24519
24682 6811
24702 15897
24707 4595
24707 12600
24707 13141
24707 16157
24707 16217
24710 10273
24710 20387
