24740 9105
0 503
0 1270
0 4502
0 20285
0 20550
20 11698
21 1270
21 4444
21 4614
21 6651
21 8321
21 11936
21 12135
21 24250
43 3652
44 533
44 884
44 1264
44 1407
44 2008
44 3372
44 3609
44 4570
44 4604
44 4622
44 4644
44 13196
44 14295
44 14691
44 14806
44 16591
44 17880
60 3986
66 1221
97 6049
97 11313
105 3610
115 1846
115 3978
115 4154
115 4308
115 4542
115 5329
115 5345
115 5544
115 11503
115 15698
115 16880
115 22513
115 24180
124 24393
125 4451
125 11725
125 17003
130 1270
130 4339
130 4920
130 11861
130 14414
130 18293
139 19685
149 1639
149 19298
149 19437
155 1215
155 4490
155 14195
155 24033
184 1158
197 21240
213 1141
213 1725
213 1868
213 3122
213 4269
213 4357
213 4467
213 5162
213 14195
213 17641
213 21894
213 24695
215 13270
230 8996
231 2566
231 12231
231 15610
237 4578
252 2036
252 3551
252 6054
252 7778
252 23348
252 24695
253 4288
255 726
255 929
255 8993
255 11817
255 12368
255 13969
255 16076
255 21817
255 24033
255 24293
271 4340
285 546
285 3719
285 4343
285 4415
285 18602
287 5329
287 13203
309 776
309 10566
309 13601
320 20
320 2831
320 4400
320 4515
320 4553
332 14195
348 2036
348 2307
348 2467
348 4350
348 4371
348 14976
348 16076
348 18602
348 23219
349 44
349 1692
349 2592
349 4521
349 20280
349 21079
386 4337
386 4592
386 9025
386 9239
386 12900
395 630
395 19901
401 4515
405 2318
412 1745
431 12572
438 19379
454 566
454 3468
454 3667
454 4515
454 14189
454 14583
462 3172
491 1141
496 24252
503 1407
503 4484
503 9724
523 20355
525 4471
525 13518
525 13684
530 601
530 3130
540 9842
540 12900
540 14401
540 24224
540 24390
546 1013
546 16581
546 16613
546 18619
554 2619
554 17332
568 5162
583 17066
586 3982
596 1576
596 2036
596 2497
596 4445
596 4512
596 16076
596 18602
596 18604
596 24409
601 726
601 4468
601 14147
601 18602
606 2416
606 4499
606 11100
606 17276
606 17880
610 4312
610 4400
610 4439
610 4506
610 4566
610 14920
623 13337
623 14500
627 9177
640 1270
640 3468
642 20
642 154
642 213
642 255
642 830
642 938
642 1141
642 1528
642 1780
642 1816
642 1846
642 1951
642 2036
642 2091
642 2283
642 3172
642 3233
642 3334
642 3377
642 3397
642 3425
642 3528
642 3554
642 3667
642 3760
642 3797
642 3820
642 3821
642 3835
642 3978
642 4106
642 4134
642 4228
642 4237
642 4269
642 4270
642 4288
642 4307
642 4321
642 4328
642 4329
642 4343
642 4354
642 4360
642 4365
642 4366
642 4379
642 4402
642 4404
642 4413
642 4417
642 4420
642 4454
642 4465
642 4466
642 4502
642 4515
642 4535
642 4540
642 4541
642 4562
642 4610
642 4617
642 4632
642 6054
642 6961
642 7648
642 8147
642 10121
642 11062
642 11579
642 12123
642 12560
642 13337
642 13969
642 14500
642 16348
642 17641
642 18619
642 23348
642 23463
642 24033
642 24325
642 24568
642 24668
642 24689
643 2413
645 2558
645 3607
673 2789
683 24252
701 3551
701 3820
701 4459
701 16076
708 34
714 15688
726 701
726 2789
726 3402
726 3468
726 4400
726 14232
726 14361
726 18034
726 18293
737 601
737 640
737 2097
737 3457
737 3571
737 4106
737 17641
753 2194
776 8353
776 13969
792 8403
800 7
810 2194
814 2592
814 4353
814 4553
814 13662
814 18602
824 4432
830 640
830 1157
830 1270
830 2655
830 2931
830 3610
830 3653
830 3844
830 4312
830 4439
830 4457
830 4493
830 4920
830 6177
830 6811
830 17332
830 24033
830 24393
831 24226
847 6961
865 5449
866 4520
884 3227
884 4435
884 4487
884 4542
884 4553
884 4589
884 4626
884 4638
884 19172
929 8321
929 18169
929 24033
938 23348
946 17180
962 16348
966 4354
966 24224
993 10307
993 13969
1013 638
1013 3363
1013 4350
1013 4404
1013 4415
1013 4420
1013 4530
1013 12135
1013 15588
1013 18574
1013 21240
1013 24519
1018 2925
1018 4337
1018 4597
1018 14295
1018 15588
1022 8984
1037 4223
1037 4455
1038 14195
1045 1842
1045 2134
1045 3705
1045 15303
1063 8996
1105 601
1105 640
1105 642
1105 714
1105 726
1105 814
1105 1013
1105 1901
1105 1913
1105 2242
1105 2459
1105 2467
1105 3827
1105 4307
1105 4308
1105 4338
1105 4345
1105 4358
1105 4406
1105 4438
1105 4439
1105 4450
1105 4451
1105 4453
1105 4465
1105 4466
1105 4551
1105 4571
1105 4588
1105 4634
1105 4635
1105 5345
1105 6177
1105 6961
1105 7648
1105 8353
1105 9025
1105 9695
1105 14054
1105 24033
1109 601
1109 4343
1109 4439
1110 3468
1110 4009
1110 4635
1110 8353
1116 4446
1137 4339
1137 4482
1137 11313
1137 17332
1140 1868
1140 1913
1140 2831
1140 4391
1140 4525
1140 15714
1140 16348
1141 4106
1141 9239
1141 13003
1141 15447
1153 24496
1158 3201
1158 3452
1158 11599
1158 18088
1173 255
1173 3172
1173 3226
1173 4409
1173 4506
1173 6528
1173 15259
1173 17290
1173 20726
1190 12720
1197 16884
1215 2490
1215 11698
1215 18602
1215 21882
1215 24250
1221 115
1221 830
1221 1137
1221 1913
1221 4094
1221 4443
1221 4450
1221 4482
1230 814
1234 764
1234 6049
1234 7940
1234 14835
1234 16859
1242 4341
1244 2036
1244 3439
1244 4502
1244 5162
1244 17641
1244 24366
1248 3798
1251 24033
1280 5901
1291 3005
1301 6811
1311 23943
1312 2053
1312 2416
1312 3719
1312 4562
1312 4654
1312 11157
1312 18602
1312 24409
1313 1116
1313 24033
1382 14094
1384 1045
1384 4600
1384 6023
1384 12135
1403 4513
1403 4562
1403 10856
1407 1921
1407 3349
1407 4308
1407 4455
1407 11782
1407 15235
1407 16348
1407 17332
1407 20550
1430 255
1430 503
1430 642
1430 814
1430 2036
1430 3172
1430 3367
1430 3820
1430 4359
1430 4378
1430 4439
1430 4520
1430 4600
1430 4601
1430 6278
1430 7778
1430 8996
1430 12279
1430 14583
1430 18602
1430 18619
1430 19901
1430 21020
1430 21899
1430 24222
1430 24695
1436 15814
1436 18619
1459 3825
1486 1312
1495 1868
1495 4510
1495 12123
1515 466
1520 4584
1538 717
1538 4598
1538 24250
1542 1741
1542 3554
1547 4439
1576 21823
1581 252
1581 644
1581 7554
1581 24394
1582 4543
1582 18034
1595 4352
1613 993
1613 4345
1613 4500
1613 8996
1613 24393
1613 24579
1632 3226
1632 19915
1632 20726
1639 3172
1639 24508
1658 130
1658 2416
1658 4196
1658 4349
1658 4361
1658 4404
1658 4468
1658 6557
1667 1692
1667 4450
1667 14189
1667 19554
1692 2984
1692 4656
1692 13383
1734 2491
1740 44
1740 287
1740 2713
1740 7648
1740 13518
1740 14691
1740 17291
1740 17880
1751 18602
1780 1039
1780 4360
1780 4414
1780 4417
1780 9015
1780 12560
1780 17332
1780 19730
1781 24508
1816 3528
1816 24259
1842 3705
1842 4455
1842 6811
1842 17472
1842 19683
1846 1913
1846 3425
1846 3468
1846 3540
1846 3554
1846 4307
1846 4360
1846 4434
1846 4443
1846 4455
1846 6811
1846 17276
1846 18602
1846 22730
1846 24033
1862 4255
1901 4438
1901 11698
1913 601
1913 2487
1913 4360
1921 23219
1951 3377
1951 3468
1951 4336
1951 4381
1951 4420
1951 4556
1951 4613
1951 4649
1951 11760
1951 23348
1966 410
1976 2036
1998 1018
2008 4601
2008 14806
2036 3397
2036 3986
2036 4456
2036 4652
2036 7778
2036 9321
2036 13969
2036 14195
2036 18822
2036 21020
2036 23473
2045 2134
2053 386
2053 441
2053 2491
2053 4330
2053 8984
2053 9239
2053 10811
2053 11697
2053 17299
2053 24393
2063 12135
2072 4557
2097 7940
2100 4562
2100 4577
2134 2255
2134 3456
2134 4341
2134 4354
2134 4538
2134 4544
2134 13383
2134 14578
2134 16076
2134 17332
2134 18602
2134 18619
2148 16323
2158 19901
2168 2900
2194 213
2194 606
2194 642
2194 830
2194 1430
2194 1639
2194 1868
2194 1913
2194 2036
2194 2361
2194 2416
2194 2491
2194 2497
2194 2680
2194 3055
2194 3907
2194 3920
2194 3925
2194 4324
2194 4348
2194 4392
2194 4433
2194 4450
2194 4469
2194 4474
2194 4475
2194 4477
2194 4487
2194 4500
2194 4501
2194 4502
2194 4574
2194 4578
2194 4617
2194 4637
2194 5162
2194 5329
2194 5345
2194 5978
2194 6557
2194 6961
2194 7778
2194 8995
2194 9842
2194 9851
2194 11313
2194 14116
2194 14806
2194 18438
2194 19059
2194 21954
2194 24381
2194 24393
2194 24640
2197 19437
2197 22708
2236 4484
2236 15178
2236 19896
2236 22807
2239 287
2239 15450
2239 15588
2239 17290
2239 21828
2242 533
2255 18602
2304 1215
2307 1215
2307 15447
2307 23219
2324 2036
2324 4146
2352 11238
2361 1627
2361 4237
2361 4627
2361 14267
2361 14304
2361 18401
2361 18602
2361 24259
2380 4321
2384 4542
2392 1270
2392 1383
2392 3047
2392 5147
2392 6961
2392 11715
2392 14034
2392 19177
2392 22708
2411 2036
2411 3554
2411 8353
2411 13184
2411 24033
2413 2939
2413 3452
2413 3978
2413 4339
2413 4389
2413 4469
2413 4561
2413 4615
2413 12560
2413 19730
2413 22513
2413 24626
2416 601
2416 717
2416 1013
2416 2361
2416 2925
2416 3911
2416 4181
2416 4629
2416 6557
2416 9239
2416 14224
2416 16581
2416 18574
2416 18602
2423 19946
2431 4394
2442 2036
2467 1576
2487 149
2487 3047
2487 3425
2487 3821
2487 12560
2487 21739
2487 22708
2491 15714
2491 17880
2497 601
2497 1221
2497 2459
2497 3425
2497 3468
2497 3667
2497 3827
2497 3925
2497 4380
2497 4453
2497 4637
2497 5162
2497 6054
2497 6811
2497 11698
2497 12560
2497 14587
2497 16884
2497 18602
2499 4469
2499 4488
2499 4633
2508 533
2508 2015
2550 255
2550 2318
2550 3377
2550 4329
2550 4582
2550 6811
2550 18602
2550 24695
2566 10862
2578 1178
2578 2467
2578 11782
2583 5162
2583 9177
2584 14742
2591 1576
2591 7410
2592 111
2592 348
2592 546
2592 606
2592 1913
2592 2283
2592 2307
2592 2602
2592 3334
2592 3367
2592 3601
2592 3719
2592 3792
2592 4219
2592 4237
2592 4242
2592 4255
2592 4334
2592 4404
2592 4410
2592 4467
2592 4553
2592 4571
2592 4591
2592 4609
2592 4610
2592 4619
2592 4631
2592 9030
2592 10307
2592 13518
2592 13662
2592 14195
2592 15360
2592 18574
2592 18602
2592 18619
2592 24033
2619 24722
2622 18602
2628 2036
2628 3051
2628 4454
2629 503
2629 630
2629 3051
2629 14583
2633 24707
2654 15714
2655 1921
2655 12539
2659 24226
2700 9842
2713 554
2713 4276
2713 23424
2748 20512
2775 21786
2811 13327
2811 13969
2811 24737
2818 2036
2831 596
2831 606
2831 642
2831 2036
2831 2467
2831 2497
2831 4380
2831 5162
2831 6961
2831 10168
2831 13969
2831 14131
2831 19149
2831 24393
2831 24518
2831 24519
2831 24695
2842 24033
2872 4627
2900 16859
2918 9842
2925 24379
2931 3698
2938 1921
2939 3551
2939 16076
2961 4360
2961 24224
2997 3363
2997 4561
2997 13383
2998 130
2998 255
2998 1105
2998 4928
2998 14742
2998 14806
2998 16998
2998 19554
3005 2036
3005 4276
3023 503
3023 4417
3049 1157
3049 4242
3049 18602
3049 19298
3051 4484
3051 14583
3051 18619
3051 24393
3087 13969
3105 14500
3113 2036
3113 2194
3113 4255
3113 4420
3113 4564
3113 20355
3113 24252
3130 6023
3130 6278
3130 24033
3133 399
3133 1862
3143 1639
3143 3821
3143 4433
3143 4494
3143 23846
3171 7648
3171 10566
3171 12834
3172 1270
3172 4388
3172 4434
3172 7648
3172 13065
3172 13969
3172 16976
3172 24033
3172 24322
3172 24737
3203 4360
3203 13518
3203 14224
3226 4557
3226 24451
3233 4453
3275 1270
3288 4359
3292 13003
3296 14691
3296 17310
3296 24433
3302 21913
3330 5329
3334 6961
3337 24710
3363 19870
3372 14691
3397 9177
3415 13684
3425 2467
3425 3978
3425 14835
3425 21240
3425 22730
3439 2631
3439 18602
3439 21911
3452 6811
3457 18689
3468 15688
3469 4627
3528 1585
3528 3130
3528 24224
3528 24494
3540 5020
3540 17706
3554 1780
3554 4237
3554 8363
3579 6023
3591 11412
3591 12720
3591 16018
3609 0
3609 130
3609 640
3609 4308
3609 4358
3609 17300
3610 5176
3610 9011
3610 13232
3653 17641
3667 2831
3667 3468
3667 6054
3667 8921
3667 9842
3705 8996
3705 18602
3719 724
3719 10811
3719 11579
3719 17641
3725 601
3744 19424
3757 3601
3757 4546
3757 12123
3757 24226
3757 24568
3760 12123
3762 14595
3792 11536
3792 13337
3792 21899
3798 6961
3804 6651
3804 24551
3825 4409
3825 21926
3827 22513
3835 3203
3843 1312
3843 2491
3843 3122
3843 3609
3843 3899
3843 4308
3843 4337
3843 4432
3843 6811
3843 9113
3843 9239
3843 18955
3911 10811
3920 13232
3925 8995
3928 18602
3947 17066
3957 2036
3982 11819
3982 16581
3982 20355
3986 4237
3986 4375
3986 24518
4048 2602
4048 3005
4048 4496
4048 24460
4077 1270
4084 18602
4106 4323
4106 4391
4106 4619
4106 5147
4106 8733
4106 10307
4106 14500
4106 17332
4106 23348
4106 24551
4106 24695
4121 4439
4121 4527
4121 4533
4121 4920
4121 13379
4121 21899
4134 14361
4143 4395
4146 18602
4154 4345
4154 17332
4191 401
4191 645
4191 2283
4191 3296
4191 4269
4191 4458
4191 4472
4191 13003
4191 16608
4191 17095
4191 24433
4196 3844
4223 1822
4223 4496
4223 17880
4237 3397
4237 4456
4237 6811
4237 14189
4237 16076
4237 16884
4237 18001
4237 18719
4242 44
4242 503
4242 814
4242 1270
4242 2304
4242 3439
4242 3469
4242 3609
4242 3895
4242 4315
4242 4561
4242 4564
4242 4589
4242 4626
4242 4628
4242 6054
4242 6651
4242 8321
4242 11929
4242 12900
4242 14195
4242 14691
4242 17880
4242 18602
4242 19886
4242 21899
4242 22276
4242 24293
4242 24601
4242 24682
4243 6811
4255 36
4255 4564
4255 18602
4255 24707
4272 4121
4277 3172
4280 830
4280 2072
4280 4121
4280 4315
4280 4439
4280 4527
4280 4533
4280 4557
4280 4920
4280 5178
4280 5914
4280 12720
4280 13489
4280 15570
4280 18574
4280 19901
4280 21402
4280 22598
4280 24127
4305 642
4308 22134
4312 2467
4312 6974
4312 20817
4312 21786
4312 23956
4312 24133
4312 24404
4312 24737
4316 2591
4320 111
4324 3425
4330 4333
4331 606
4331 7410
4340 8984
4340 17880
4340 24472
4343 601
4350 6054
4353 8107
4353 11698
4353 14147
4353 23039
4362 12572
4365 18449
4368 6681
4369 2905
4373 3883
4381 6961
4386 4315
4387 4183
4388 2838
4388 19172
4389 3609
4391 8921
4394 4429
4394 14500
4394 16076
4394 17157
4394 22276
4395 23473
4397 21899
4399 16859
4401 4400
4404 9239
4404 14806
4406 714
4406 11313
4410 363
4410 4412
4410 18619
4417 16076
4421 3744
4425 6974
4426 20355
4427 4420
4438 8921
4438 11503
4439 4533
4439 4920
4439 7778
4439 18293
4439 18619
4440 596
4440 2283
4440 3804
4440 18602
4441 18619
4442 6528
4442 13969
4444 24250
4447 7648
4448 24532
4449 2053
4449 4553
4449 11579
4449 14935
4449 17333
4454 13370
4456 3055
4456 4370
4456 13327
4456 15187
4456 22708
4456 24626
4457 14414
4459 16998
4462 4450
4464 2194
4470 18602
4471 13684
4475 2045
4485 4468
4488 21739
4493 3349
4495 17809
4497 19555
4498 12135
4500 4406
4500 13574
4500 19730
4505 19426
4507 16076
4507 24226
4511 19901
4512 17866
4513 4510
4513 4515
4515 19730
4516 15588
4517 255
4518 9177
4522 4482
4525 14232
4525 24599
4528 14920
4538 18619
4540 3270
4543 18034
4544 18619
4545 4920
4545 19685
4546 18401
4558 5329
4560 14195
4563 21240
4569 18602
4576 21699
4577 4562
4578 15277
4578 19554
4578 24640
4579 9057
4586 6488
4587 24409
4591 13184
4594 2441
4599 9057
4602 14500
4607 1021
4607 4654
4607 14806
4607 15235
4607 15714
4611 11861
4612 24133
4618 2184
4623 24033
4626 5329
4628 7778
4631 4610
4633 7410
4635 6557
4636 16076
4638 4582
4638 16859
4640 8995
4645 12720
4650 3468
4685 255
4685 2036
4685 2961
4685 3206
4685 3377
4685 4323
4685 4562
4685 8733
4685 9842
4685 12900
4781 2591
4781 4553
4805 23039
4879 6557
4879 9026
4879 14691
4920 630
4920 1209
4920 3051
4920 4315
4920 4400
4920 4402
4920 4438
4920 4478
4920 4509
4920 4529
4920 4582
4920 4601
4920 4652
4920 7202
4920 12720
4920 13786
4920 14713
4920 15450
4920 18293
4920 20355
4920 20817
4920 22598
4920 24127
4920 24519
4920 24664
4928 606
4928 13232
4928 24393
5107 9842
5147 4556
5147 4565
5147 13181
5147 14189
5147 20726
5152 9057
5152 11715
5162 4455
5162 6557
5162 14387
5178 503
5178 1581
5178 1582
5178 2158
5178 2831
5178 4121
5178 4315
5178 4386
5178 4403
5178 4439
5178 4484
5178 4509
5178 4543
5178 4557
5178 4601
5178 4920
5178 11536
5178 12720
5178 13786
5178 18034
5178 18293
5178 20817
5178 24518
5178 24695
5196 4449
5196 4643
5196 8147
5196 15714
5196 17736
5284 2053
5284 3610
5284 19554
5329 606
5329 2491
5329 2925
5329 3609
5329 4154
5329 4338
5329 4378
5329 4388
5329 4404
5329 4418
5329 4499
5329 4614
5329 4644
5329 5544
5329 5600
5329 6557
5329 8321
5329 14361
5329 14806
5329 19172
5329 24695
5345 466
5345 6811
5345 7648
5345 11313
5409 15303
5449 4439
5449 24737
5544 5600
5544 14806
5544 17051
5839 13786
5855 2036
5975 4309
6017 19683
6040 9239
6049 1822
6049 6811
6095 1901
6095 4456
6095 4582
6095 4588
6095 9365
6095 9695
6095 11899
6095 22807
6278 4352
6278 4372
6278 4417
6278 4600
6278 6961
6278 14232
6278 19498
6285 23039
6485 14920
6528 606
6528 11955
6528 24349
6557 642
6557 2184
6557 2831
6557 3201
6557 3468
6557 3610
6557 3698
6557 4391
6557 4404
6557 4408
6557 4415
6557 4428
6557 4522
6557 5176
6557 5232
6557 7648
6557 12135
6557 15450
6557 17332
6557 18940
6557 20355
6575 645
6627 4582
6651 9232
6811 1157
6811 1221
6811 1270
6811 2416
6811 2925
6811 3122
6811 4269
6811 4341
6811 4349
6811 4436
6811 4542
6811 4609
6811 5162
6811 7648
6811 14691
6811 16884
6811 17675
6811 20038
6811 22513
6845 4450
6845 4515
6845 7785
6845 14387
6961 726
6961 1141
6961 1383
6961 5162
6961 10856
6961 11062
6961 13099
6961 13184
6961 14232
6961 17290
6961 18602
6961 20355
6961 20726
6974 2467
6974 4512
6974 12135
6974 13406
7352 7499
7410 309
7410 3610
7410 4384
7410 4405
7410 4558
7410 4612
7410 6528
7410 11697
7410 11955
7410 13383
7410 19059
7410 19870
7410 24393
7410 24668
7499 4469
7499 6811
7499 7785
7499 19437
7554 18602
7554 18689
7648 503
7648 640
7648 1270
7648 1384
7648 1639
7648 2283
7648 2680
7648 2831
7648 3843
7648 4345
7648 4456
7648 6961
7648 9239
7648 9724
7648 9842
7648 10566
7648 11157
7648 14414
7648 16880
7648 17749
7648 18574
7648 19901
7648 20817
7648 21756
7648 24033
7778 865
7778 3049
7778 3824
7778 3957
7778 4473
7778 4528
7778 4649
7778 6054
7778 11599
7778 14583
7778 20817
7778 21699
7778 22708
7940 4477
8068 15235
8102 13027
8127 255
8127 4270
8199 19426
8289 19870
8305 1780
8305 5162
8305 21786
8321 8996
8353 24460
8363 601
8363 14147
8491 1209
8921 1951
8921 4404
8921 24033
8984 1312
8984 2184
8984 6557
8984 7410
8984 9011
8984 10811
8984 11725
8984 11955
8984 13196
8984 14806
8984 15714
8984 17840
8984 18602
8984 24325
8993 12900
8995 2497
8995 4477
8996 0
8996 213
8996 309
8996 533
8996 601
8996 606
8996 643
8996 717
8996 1333
8996 1382
8996 2008
8996 2194
8996 2352
8996 2655
8996 3172
8996 3609
8996 3844
8996 4155
8996 4269
8996 4299
8996 4396
8996 4418
8996 4455
8996 4474
8996 4488
8996 4496
8996 4545
8996 4607
8996 4626
8996 5600
8996 6023
8996 7648
8996 9019
8996 11488
8996 11955
8996 15688
8996 16581
8996 16883
8996 17472
8996 19172
8996 20285
8996 21240
8996 21402
8996 21828
8996 21954
8996 22513
8999 6023
9011 2416
9011 2998
9011 3964
9011 4455
9011 4582
9011 7648
9011 8289
9011 11313
9011 11955
9011 12900
9011 17003
9011 17880
9011 19870
9011 24460
9016 23039
9022 9842
9025 309
9025 496
9025 642
9025 1270
9025 1913
9025 2283
9025 2352
9025 2592
9025 3840
9025 4242
9025 4484
9025 4613
9025 6437
9025 9842
9025 13184
9025 14221
9025 18619
9026 14691
9030 349
9030 21817
9057 7
9057 155
9057 441
9057 479
9057 606
9057 640
9057 717
9057 830
9057 833
9057 1141
9057 1710
9057 2036
9057 2352
9057 2467
9057 3130
9057 4388
9057 4403
9057 4406
9057 4496
9057 4499
9057 4525
9057 5449
9057 6437
9057 7816
9057 8996
9057 9177
9057 9695
9057 11536
9057 12106
9057 13270
9057 13343
9057 14094
9057 16348
9057 17157
9057 17641
9057 17979
9057 19059
9057 20284
9057 21828
9057 21899
9057 21954
9057 22513
9057 23630
9057 24127
9057 24506
9057 24519
9177 36
9177 2487
9177 4516
9177 4573
9177 4594
9177 6991
9177 19149
9177 23219
9232 596
9232 19454
9239 640
9239 2008
9239 2490
9239 3825
9239 4359
9239 4391
9239 4413
9239 4590
9239 4626
9239 6049
9239 9011
9239 11157
9239 13232
9239 13383
9239 15447
9239 17003
9239 18396
9239 19554
9239 21926
9239 24322
9239 24695
9325 3145
9325 4123
9325 14108
9365 4477
9365 4582
9516 4458
9553 24293
9584 11313
9724 3792
9724 9025
9724 10566
9724 12834
9724 14578
9724 16076
9842 2352
9842 9177
9842 13184
9842 13969
9842 14232
9842 24393
9842 24695
10006 4438
10121 2036
10121 3468
10121 4322
10121 8147
10168 642
10183 2774
10183 22598
10253 1576
10253 1639
10292 255
10292 503
10292 606
10292 1528
10292 1576
10292 2036
10292 2361
10292 3601
10292 3792
10292 3895
10292 4391
10292 4565
10292 6991
10292 12135
10292 12720
10292 14131
10292 16018
10292 16076
10292 16348
10292 18602
10292 19149
10292 21020
10292 24226
10292 24325
10292 24393
10307 814
10307 4469
10307 13969
10307 14578
10307 16548
10408 14595
10558 4643
10566 640
10566 642
10566 830
10566 1018
10566 1639
10566 1913
10566 2818
10566 4146
10566 4330
10566 4415
10566 4455
10566 4466
10566 6557
10566 8321
10566 8353
10566 8921
10566 11157
10566 12726
10566 13684
10566 13969
10566 15145
10566 17641
10566 24393
10811 213
10811 638
10811 642
10811 1913
10811 2283
10811 3468
10811 4269
10811 4359
10811 4420
10811 4456
10811 4555
10811 5162
10811 6278
10811 16348
10811 18602
10811 21699
10811 23463
10811 24393
10844 3270
10856 9177
10856 14976
10856 18602
10862 15814
10973 14195
11062 3825
11062 4488
11076 11955
11130 3843
11157 36
11157 255
11157 503
11157 586
11157 606
11157 1576
11157 1751
11157 2361
11157 2550
11157 3419
11157 3601
11157 3667
11157 4391
11157 4419
11157 4478
11157 4579
11157 4634
11157 4920
11157 5162
11157 14920
11157 16018
11157 18602
11157 19149
11157 24226
11313 0
11313 130
11313 11840
11313 11861
11313 16998
11313 17880
11460 3292
11488 5162
11488 16883
11503 44
11503 386
11503 2008
11503 3609
11503 12726
11503 14295
11503 15698
11503 16880
11503 17880
11503 24722
11522 11313
11536 642
11536 3705
11536 4018
11536 4334
11536 4359
11536 20355
11536 24325
11579 606
11579 638
11579 1312
11579 4400
11579 4401
11579 4404
11579 4451
11579 4500
11579 15235
11579 19149
11579 24393
11599 4548
11599 15617
11657 12834
11657 13196
11684 348
11684 642
11684 1141
11684 1725
11684 1913
11684 2091
11684 2361
11684 4475
11684 4632
11684 14587
11684 14976
11684 18602
11684 18689
11684 24325
11687 20817
11698 2416
11700 2036
11700 11157
11715 255
11715 606
11715 4242
11715 4349
11715 5176
11715 12117
11715 16998
11715 17880
11715 24033
11722 3440
11725 2584
11727 11276
11756 640
11756 1901
11756 1913
11756 3468
11756 24252
11782 4566
11817 5839
11817 16883
11817 24293
11819 642
11819 3047
11819 4082
11819 11715
11819 14221
11840 130
11861 0
11861 601
11861 1270
11861 4308
11861 4339
11861 4360
11861 13191
11861 14835
11868 10566
11899 307
11899 4588
11899 6811
11899 9842
11936 18602
11971 4469
12025 764
12025 2411
12053 4315
12053 18602
12090 6054
12117 4402
12117 7648
12123 24266
12135 3334
12135 3840
12135 4350
12135 4391
12135 4400
12135 4467
12135 4541
12135 4573
12135 4599
12135 6023
12135 6961
12135 13969
12135 15588
12135 17641
12135 19554
12135 21020
12135 21402
12135 24033
12198 16998
12209 2939
12209 4319
12209 11157
12231 14295
12279 3797
12279 4359
12415 20285
12416 14189
12432 1913
12432 3705
12519 546
12519 4643
12519 19871
12528 14304
12528 24404
12720 20817
12720 22598
12832 4592
12834 287
12834 1639
12834 3292
12834 4191
12834 4346
12834 4458
12834 4515
12834 4542
12834 13196
12834 16609
12834 17097
12834 19554
12834 23039
12870 833
12870 3925
12870 11313
12874 280
12874 24519
12900 2036
12900 3835
12900 4404
12900 9177
12900 9239
12900 16581
12900 19554
12900 20512
12900 24322
12964 3607
13003 271
13003 399
13003 645
13003 1780
13003 1913
13003 2134
13003 3554
13003 3978
13003 4237
13003 4340
13003 4341
13003 4349
13003 4453
13003 4469
13003 4582
13003 11460
13003 11782
13003 12834
13003 14578
13003 16076
13003 18602
13003 24042
13027 2255
13065 1173
13065 20355
13181 7648
13181 13184
13181 20038
13184 309
13184 1868
13184 2091
13184 2283
13184 20355
13184 24033
13191 4457
13196 2713
13196 4333
13196 4408
13196 4464
13196 4604
13196 4625
13196 4872
13196 16892
13196 19010
13203 14806
13232 44
13232 606
13232 1658
13232 3798
13232 4477
13232 4622
13232 5345
13232 6049
13232 12560
13232 12726
13232 14195
13232 19730
13232 24393
13270 1976
13270 2736
13270 23039
13270 23535
13270 24435
13271 13337
13336 255
13336 4438
13336 8147
13336 21079
13343 4414
13370 320
13370 14976
13379 1613
13379 2100
13379 3468
13379 6345
13379 8996
13379 9551
13383 2713
13383 4432
13383 4537
13383 11157
13406 3528
13406 4574
13406 22708
13406 23335
13466 399
13518 13684
13518 17291
13601 1209
13601 10566
13604 726
13652 4920
13662 4553
13662 10856
13684 764
13684 1039
13684 1221
13684 1264
13684 1270
13684 1407
13684 2254
13684 2416
13684 2713
13684 2998
13684 3762
13684 4308
13684 4450
13684 4537
13684 4626
13684 4638
13684 6049
13684 8353
13684 13383
13786 130
13786 714
13786 2602
13786 3367
13786 3468
13786 3609
13786 4106
13786 4312
13786 4360
13786 4391
13786 4419
13786 4439
13786 4551
13786 4566
13786 4626
13786 6023
13786 8321
13786 13211
13786 14094
13786 14387
13786 14414
13786 14587
13786 14805
13786 16018
13786 18602
13786 21899
13887 4372
13929 4367
13929 4455
13969 332
13969 4308
13969 4389
13969 4469
13969 4472
13969 13184
13969 14034
13969 14195
13969 14578
13969 17097
13969 21240
13969 24322
13969 24393
13969 24737
14034 14295
14054 2591
14054 8996
14054 19554
14054 22167
14094 4388
14094 4403
14094 4551
14094 11488
14116 18602
14147 987
14147 11599
14172 4515
14189 18472
14195 642
14195 1270
14195 2998
14195 3528
14195 3825
14195 4343
14195 4471
14195 4542
14195 6811
14195 9551
14195 11782
14195 15235
14195 24033
14195 24108
14195 24252
14211 814
14211 6054
14224 1913
14224 3439
14224 4451
14224 4551
14224 4582
14224 7648
14224 8984
14224 15714
14224 24707
14232 4467
14232 4512
14232 18619
14232 24707
14267 6811
14295 2591
14295 11313
14295 16859
14304 4582
14304 18602
14355 4499
14355 11955
14361 2361
14361 3554
14361 4288
14361 4380
14361 4402
14361 4610
14361 6991
14361 13969
14361 24033
14387 1270
14387 3468
14387 3528
14387 4360
14387 24710
14401 3920
14414 1725
14414 2015
14414 4582
14414 19424
14471 3827
14496 13929
14496 17736
14500 36
14500 3667
14500 4288
14500 4502
14500 4515
14500 9239
14500 13337
14500 14131
14500 22730
14500 24226
14583 9057
14583 19901
14583 22598
14587 18602
14595 601
14595 2416
14595 4534
14595 5329
14595 14578
14691 19730
14713 24033
14730 1887
14805 717
14805 938
14805 4515
14805 13184
14806 4348
14806 16890
14806 17095
14806 21240
14835 13574
14835 15610
14835 20783
14920 1013
14920 2036
14920 3725
14920 4350
14920 4378
14920 4512
14920 4582
14920 10862
14920 16186
14920 23535
14920 24018
14927 4417
15005 9842
15024 18602
15057 3334
15057 4502
15057 15755
15116 386
15116 16890
15116 17290
15161 1388
15229 1605
15229 6049
15282 155
15282 1934
15282 4636
15282 19149
15332 1141
15332 24518
15345 17299
15447 1913
15447 2416
15447 3206
15447 3911
15447 4315
15447 4477
15447 4565
15447 4582
15447 9365
15447 10811
15447 11157
15447 18602
15447 18619
15447 24695
15450 44
15450 640
15450 1270
15450 1384
15450 1913
15450 3047
15450 4230
15450 4269
15450 4308
15450 24442
15570 24033
15610 18088
15617 4548
15688 1037
15688 1270
15688 4360
15688 4471
15688 4589
15698 3825
15698 9025
15698 16348
15698 16880
15714 309
15714 601
15714 1913
15714 2008
15714 2053
15714 3334
15714 4499
15714 12726
15714 16884
15714 17003
15714 24393
15814 1116
15814 4446
15814 22634
15989 2361
16018 9057
16018 11861
16018 12539
16018 14094
16018 24695
16028 4316
16047 830
16047 11698
16047 24033
16076 1215
16076 4470
16076 4476
16076 4512
16076 4556
16076 18602
16099 4506
16186 2036
16186 3827
16186 18602
16186 24033
16336 4331
16336 6528
16336 19438
16345 1430
16345 19901
16388 10307
16548 993
16548 14578
16577 15024
16581 586
16581 2592
16581 18619
16608 2592
16609 5544
16613 9239
16859 525
16859 1693
16859 3944
16859 4276
16859 4308
16859 4404
16859 4436
16859 13684
16859 19554
16859 19883
16859 24349
16859 24722
16880 18034
16892 24722
16897 3843
16897 4384
16897 9239
16897 14295
16897 24393
16998 19870
16998 24380
17051 17576
17058 3941
17066 4480
17071 24601
17095 2008
17113 1044
17157 5178
17157 24695
17290 2069
17290 16348
17293 6049
17299 642
17299 2459
17299 3610
17299 4348
17299 4404
17299 4571
17299 17276
17300 1141
17300 3844
17300 4196
17300 5329
17300 19172
17312 6961
17312 24325
17332 1270
17333 3083
17333 4321
17333 24409
17338 24737
17349 4582
17472 4455
17472 13406
17576 3705
17675 4329
17724 24033
17732 3233
17732 4445
17749 22222
17768 4656
17840 4489
17840 7410
17843 17880
17872 4328
17979 17290
18034 252
18034 2283
18034 2416
18034 2998
18034 3136
18034 4316
18034 4445
18034 5978
18034 6974
18034 15588
18034 16345
18034 19901
18034 20904
18034 24224
18169 213
18169 601
18169 833
18169 4353
18169 8996
18231 15755
18280 4502
18293 4316
18293 4402
18323 1430
18396 5345
18396 12231
18424 11782
18438 21954
18472 12416
18472 16213
18547 9601
18574 7778
18574 20817
18602 1913
18602 3792
18602 4134
18602 4353
18602 4360
18602 4478
18602 4628
18602 11782
18602 14131
18602 14500
18602 15755
18602 17332
18602 18619
18602 18689
18602 20355
18602 21954
18602 24252
18602 24393
18602 24601
18602 24692
18604 1215
18604 4146
18604 24551
18619 717
18619 1141
18619 2091
18619 3113
18619 3377
18619 3468
18619 3827
18619 4269
18619 4328
18619 4366
18619 4402
18619 4473
18619 4516
18619 4525
18619 4540
18619 9239
18619 21020
18619 22224
18619 24018
18619 24033
18619 24042
18619 24226
18664 24496
18689 726
18689 987
18689 1141
18689 1725
18689 2134
18689 2361
18689 3055
18689 3113
18689 3123
18689 3554
18689 4237
18689 4565
18689 4582
18689 4590
18689 4632
18689 11599
18689 11936
18689 13383
18689 16348
18689 17332
18689 24601
18764 12726
18855 1270
18917 601
18917 2831
18917 6811
19058 24224
19059 230
19059 8321
19059 14888
19087 4576
19143 24222
19149 2467
19149 3441
19149 4390
19149 4445
19172 2998
19172 4468
19172 4487
19172 14920
19177 8147
19181 24445
19266 560
19298 16388
19301 3005
19355 2361
19379 4312
19379 24435
19421 2194
19421 14835
19424 16018
19437 3821
19437 4615
19437 22708
19438 1312
19438 1901
19438 2053
19438 3920
19438 4338
19438 4438
19438 8984
19438 9012
19438 11725
19438 14224
19438 15714
19438 24033
19438 24707
19443 15235
19446 13969
19454 138
19454 2602
19454 13211
19454 16087
19454 18619
19454 21020
19454 21756
19498 4372
19554 307
19554 1141
19554 1430
19554 2999
19554 4582
19554 4590
19554 5604
19554 9025
19554 17097
19644 4413
19683 11861
19685 285
19685 503
19685 12432
19685 13786
19698 1244
19730 606
19730 4442
19730 4637
19730 11313
19730 11840
19730 17095
19730 17880
19730 20038
19730 23039
19730 24737
19802 2194
19802 3886
19802 4464
19870 1038
19870 1153
19870 1822
19870 2491
19870 3825
19870 4370
19870 12900
19870 17880
19871 449
19871 546
19871 4424
19871 4565
19894 503
19894 16018
19896 4431
19901 814
19901 2283
19901 2629
19901 4315
19901 4439
19901 4545
19901 4574
19901 4920
19901 5978
19901 8321
19901 10183
19901 20817
19901 21899
19901 24127
19901 24379
19901 24394
19946 1407
20038 4434
20058 4477
20058 6095
20058 9365
20058 24710
20212 16348
20242 1725
20242 4515
20242 11861
20285 2194
20285 2602
20285 4345
20285 16998
20285 17180
20285 20550
20355 606
20355 642
20355 1215
20355 1639
20355 2036
20355 2100
20355 3172
20355 3425
20355 3978
20355 3986
20355 4322
20355 4389
20355 4392
20355 4488
20355 4529
20355 14583
20387 23039
20435 3797
20512 401
20512 645
20512 3468
20512 4319
20512 9695
20512 23335
20517 1105
20517 9851
20638 3419
20638 4540
20638 4573
20684 872
20812 14805
20812 23943
20812 24246
20812 24404
20817 630
20817 1190
20817 2491
20817 4280
20817 7202
20817 9057
20817 13786
20817 15450
20817 19149
20817 19685
20817 21899
20817 24127
20817 24394
20889 4615
20897 10
20897 3130
20897 24281
20904 3425
20904 5162
20904 8321
20904 12231
20904 22559
21020 642
21020 1270
21020 2318
21020 3377
21020 3419
21020 4175
21020 4269
21020 4310
21020 4313
21020 4412
21020 4439
21020 4480
21020 4613
21020 14232
21020 18396
21058 4434
21079 601
21079 640
21079 3705
21079 4419
21079 4563
21079 6811
21110 1141
21110 2194
21110 4415
21168 2036
21174 14361
21177 13518
21208 15235
21213 644
21213 2134
21213 3419
21213 4307
21213 4569
21213 17332
21213 18602
21213 18619
21213 20812
21240 1639
21240 2713
21240 4872
21240 7785
21240 8147
21240 11782
21240 14691
21240 17880
21240 24722
21336 4482
21356 3206
21356 4383
21356 5178
21356 24695
21402 2525
21402 3005
21402 4920
21402 22598
21699 184
21699 601
21699 643
21699 1270
21699 1725
21699 2036
21699 3122
21699 3452
21699 3468
21699 3824
21699 4269
21699 4313
21699 4321
21699 4402
21699 4434
21699 4444
21699 4449
21699 4512
21699 4560
21699 4566
21699 4582
21699 6488
21699 9030
21699 12135
21699 14387
21699 14587
21699 14805
21699 18034
21699 19554
21699 21882
21699 22224
21699 22708
21699 24250
21739 4615
21739 11062
21739 20355
21786 285
21786 5178
21786 24737
21800 15688
21872 4371
21876 20355
21878 1013
21878 3895
21878 4390
21899 4316
21899 4439
21899 4920
21913 130
21926 14131
21926 16883
21954 714
21954 1901
21954 2283
21954 2352
21954 2416
21954 4315
21954 4434
21954 4478
21954 4501
21954 4582
21954 4640
21954 5162
21954 11313
21954 19915
22134 1037
22134 4358
22134 7940
22134 15714
22134 16859
22209 4424
22209 13184
22209 18602
22214 1585
22224 4402
22224 18293
22227 4383
22227 24259
22276 3377
22341 10
22341 1157
22513 454
22513 2497
22513 4455
22513 4656
22513 19554
22598 19901
22708 2036
22759 12279
22782 13786
22807 213
22807 399
22807 1751
22807 2467
22807 3226
22807 3367
22807 3468
22807 3653
22807 3825
22807 4436
22807 4455
22807 4467
22807 4515
22807 4574
22807 4582
22807 4590
22807 6278
22807 8353
22807 12135
22807 13406
22807 14691
22807 15447
22807 16345
22807 17332
22807 17641
22882 6937
22882 18689
22906 23701
23039 714
23039 13518
23039 24634
23130 643
23130 1312
23226 16345
23254 6961
23348 399
23348 1270
23348 1862
23348 1868
23348 2036
23348 2091
23348 3820
23348 4134
23348 4237
23348 4247
23348 4365
23348 4490
23348 4546
23348 7778
23348 15447
23348 18396
23348 18449
23348 20028
23348 21868
23348 21894
23348 23940
23348 24033
23348 24445
23348 24601
23348 24668
23473 1951
23473 7778
23478 14094
23535 1230
23535 2655
23535 12539
23535 14805
23719 4450
23719 15617
23912 21699
23927 44
23929 4502
23929 24518
23946 2490
23946 18547
23956 503
24033 1913
24033 2886
24033 4228
24033 4395
24033 4441
24033 5162
24033 14387
24033 16076
24033 18396
24033 18689
24108 14578
24127 814
24127 4121
24127 4403
24127 8321
24127 13786
24127 15570
24132 3539
24133 24033
24150 18602
24156 3468
24167 44
24191 13184
24200 1855
24224 4445
24224 4461
24226 255
24226 503
24226 1951
24226 2307
24226 3377
24226 3601
24226 3702
24226 4103
24226 4255
24226 4305
24226 4352
24226 4417
24226 4454
24226 4502
24226 4573
24226 4574
24226 4613
24226 11929
24226 12135
24226 14976
24226 17113
24226 17641
24226 21899
24226 22559
24226 23219
24226 24033
24226 24518
24250 662
24250 4392
24250 4414
24250 4456
24252 606
24252 642
24252 938
24252 1868
24252 2036
24252 2283
24252 2467
24252 3005
24252 3468
24252 4269
24252 4315
24252 4326
24252 4391
24252 4400
24252 4401
24252 4477
24252 4553
24252 4582
24252 4625
24252 10292
24252 11157
24252 13406
24252 13574
24252 17641
24252 19149
24252 24133
24252 24393
24252 24519
24259 14131
24259 24692
24293 1270
24293 16883
24310 9022
24322 3302
24381 97
24381 1137
24381 2467
24381 20517
24390 2239
24393 503
24393 606
24393 1270
24393 2584
24393 3705
24393 5409
24393 9011
24393 9177
24393 14224
24393 16998
24394 9057
24404 4507
24409 830
24409 2053
24409 2592
24409 3367
24409 4176
24409 4320
24409 24707
24425 100
24442 642
24442 4637
24442 11579
24442 11698
24442 16884
24442 17675
24448 24568
24451 4455
24460 2353
24460 2713
24460 4582
24460 5329
24463 2998
24463 6961
24492 14691
24515 16348
24530 601
24531 21020
24555 640
24562 12135
24565 14034
24568 255
24568 3377
24568 3820
24568 23943
24579 2184
24579 2459
24579 15610
24591 18574
24591 19149
24594 20285
24599 19879
24664 4532
24664 4541
24680 12135
24682 4872
24692 3835
24695 503
24702 987
24707 2592
24707 3083
24707 4507
24707 4565
24710 4339
0 6345
20 623
20 18602
21 115
21 929
21 2971
21 4607
21 4706
21 4944
21 8199
21 8996
21 10090
21 13211
21 13406
21 14806
21 19149
44 215
44 2152
44 2353
44 2558
44 4459
44 4872
44 4928
44 4976
44 5544
44 11861
44 11955
44 12198
44 16859
44 16998
44 18169
97 1551
115 285
115 642
115 804
115 2194
115 2997
115 3827
115 4715
115 4721
115 7648
115 8197
115 14806
115 18634
117 18602
125 390
125 1020
130 2629
130 4482
130 4515
130 4667
130 4668
130 4670
130 8321
149 20355
155 3824
155 13406
155 21699
155 23348
172 19901
172 21899
194 3679
197 1780
198 4449
198 20038
213 1050
213 3925
213 4340
213 4824
213 11861
215 645
215 4339
230 2811
231 285
231 2053
231 4758
231 4976
231 19870
252 4653
252 4969
252 14805
255 608
255 1632
255 2997
255 4449
255 4737
255 4764
255 4775
255 4964
255 7648
255 8733
255 9239
255 12135
255 13027
255 19181
255 19554
255 20355
255 20512
255 20517
263 4435
271 1105
271 3172
271 4667
271 16163
275 19554
285 124
285 642
285 2540
285 2997
285 4919
285 19087
285 21020
287 503
287 11522
287 15394
320 642
320 1430
332 14595
333 7778
344 903
344 4449
344 4496
344 4667
344 16591
344 21786
348 726
348 771
348 4772
348 4840
348 4870
348 4938
348 4944
348 7778
348 7923
348 12874
348 14055
348 24695
349 623
349 2987
349 4872
349 17051
349 24722
381 1913
381 4160
381 4258
381 4607
386 623
386 3843
386 5152
386 5600
386 8984
386 8996
386 12198
386 13370
386 15714
386 16859
394 1667
394 16591
403 20242
412 4911
441 4704
451 917
451 1323
451 2592
451 4355
451 4836
451 18449
454 2036
454 2361
454 2497
454 4520
454 18764
454 19730
460 10121
465 4725
465 4809
503 1468
503 3172
503 4698
503 4905
503 4911
503 4943
503 18634
503 21020
523 3334
525 4755
525 6811
525 13972
525 16998
546 2182
574 4724
596 2201
596 4868
601 683
601 4242
601 19087
601 19441
603 19438
607 19191
608 6961
610 929
610 2194
610 2971
610 14805
616 20292
623 2134
623 2840
623 4488
623 5604
623 20355
623 24545
640 275
642 623
642 934
642 990
642 1003
642 1419
642 2102
642 2143
642 2416
642 2487
642 2938
642 2997
642 3206
642 3717
642 3853
642 3975
642 4035
642 4340
642 4396
642 4450
642 4472
642 4483
642 4546
642 4705
642 4713
642 4728
642 4735
642 4757
642 4762
642 4767
642 4768
642 4783
642 4789
642 4823
642 4824
642 4835
642 4852
642 4870
642 4885
642 4899
642 4904
642 4931
642 4949
642 4957
642 4972
642 4993
642 4994
642 5008
642 5196
642 5409
642 6811
642 6874
642 8363
642 8975
642 8996
642 13383
642 13574
642 14805
642 15319
642 16998
642 17092
642 18440
642 18602
642 18771
642 23360
642 24409
642 24508
643 3952
643 4807
643 10292
644 9842
644 18574
671 1741
673 596
673 2462
673 4667
683 5409
695 1020
695 24393
714 3468
726 503
726 596
726 643
726 1753
726 2462
726 2640
726 2831
726 2939
726 3113
726 3835
726 4290
726 4607
726 4669
726 4703
726 4704
726 4715
726 4746
726 4885
726 4895
726 4903
726 4913
726 5604
726 9685
726 9724
726 14224
726 14387
726 14969
726 15450
726 17113
726 17706
726 18449
726 18602
726 19149
726 22927
726 24568
726 24707
737 11971
763 21954
771 14587
776 3172
776 4451
776 6049
776 11149
776 18602
792 3130
804 2411
804 2416
804 12411
830 124
830 3619
830 3717
830 4014
830 4035
830 4710
830 4880
830 5600
830 8996
830 11460
830 11971
830 13168
830 15145
830 19059
872 13184
876 14094
890 11722
894 2266
895 4662
895 11955
906 4835
906 19888
929 130
929 4607
929 4667
929 4668
929 6728
929 8996
929 13184
934 6811
934 9011
934 19438
962 2997
966 2381
966 4396
966 4705
975 4858
990 6557
993 4737
1013 115
1013 451
1013 2971
1013 4720
1013 4804
1013 4903
1013 16581
1013 18169
1013 18280
1013 19802
1013 19985
1013 22466
1018 332
1018 1296
1018 11704
1018 14224
1018 14595
1020 332
1020 24393
1045 1846
1045 2352
1045 12874
1045 14730
1097 1468
1097 4684
1105 193
1105 830
1105 1780
1105 1818
1105 2036
1105 2301
1105 2352
1105 3996
1105 4092
1105 4113
1105 4160
1105 4340
1105 4523
1105 4666
1105 4668
1105 4721
1105 4755
1105 4780
1105 4825
1105 4895
1105 4911
1105 4913
1105 4923
1105 4966
1105 4983
1105 5600
1105 7410
1105 8993
1105 8996
1105 10527
1105 11722
1105 11881
1105 13184
1105 13786
1105 17880
1105 20917
1105 22222
1105 22276
1105 24693
1109 4719
1109 13184
1109 13972
1110 4599
1116 643
1137 381
1137 498
1137 3468
1137 3827
1137 4572
1137 4824
1137 10168
1137 11955
1137 20917
1139 269
1140 2304
1140 10811
1140 19985
1141 285
1141 2416
1158 3496
1158 3869
1158 4451
1158 4807
1215 4909
1221 2361
1221 3907
1221 5409
1221 15447
1230 19191
1234 231
1234 287
1234 1270
1234 1693
1234 5600
1234 6961
1234 14595
1234 15394
1234 19554
1234 19915
1235 15450
1244 643
1244 5178
1244 13637
1244 19167
1260 4876
1269 24224
1280 13184
1280 20638
1280 23348
1280 24226
1280 24599
1296 14806
1296 17041
1296 20242
1312 176
1312 269
1312 567
1312 2569
1312 2633
1312 3996
1312 4675
1312 4850
1312 10811
1312 22276
1312 24226
1313 2352
1323 18449
1346 8321
1351 4734
1383 4409
1383 22234
1383 24033
1384 4809
1384 8102
1384 20058
1397 8147
1403 2938
1403 3206
1403 8996
1403 22276
1407 1020
1407 2266
1407 3921
1407 4815
1407 8921
1407 19191
1430 1312
1430 1971
1430 3206
1430 4242
1430 4559
1430 4629
1430 4661
1430 4709
1430 4748
1430 4836
1430 4840
1430 4920
1430 6437
1430 10292
1430 11700
1430 12135
1430 12720
1430 12874
1430 13184
1430 13535
1430 14969
1430 18138
1430 18764
1430 19059
1458 4442
1458 15714
1462 4635
1462 7498
1462 13059
1462 13118
1462 16998
1462 23320
1486 2840
1486 20355
1504 2392
1520 410
1520 4523
1520 4999
1547 21954
1551 5600
1551 16018
1569 1780
1581 4661
1582 7778
1582 9232
1613 172
1613 287
1613 642
1613 15610
1632 4607
1632 4721
1632 14806
1632 17675
1632 20517
1632 20917
1632 21954
1632 24474
1658 4948
1658 14224
1658 14805
1667 197
1692 13684
1692 19730
1721 3975
1734 381
1740 496
1740 2152
1740 4308
1740 4928
1740 11715
1740 11955
1740 12900
1740 14295
1740 16859
1740 18396
1740 18472
1740 19554
1741 3574
1741 16998
1741 24033
1763 21337
1780 3425
1780 4670
1780 4693
1780 4855
1780 7410
1780 8975
1780 10121
1780 20292
1781 7108
1781 20285
1786 4676
1786 15382
1800 4339
1818 10292
1818 13184
1818 18449
1842 2361
1846 3172
1846 3528
1846 3717
1846 4482
1846 4855
1846 4972
1846 4990
1846 16998
1846 21112
1858 349
1899 14386
1901 18955
1901 24269
1905 3113
1913 4669
1913 21786
1913 22276
1934 11996
1951 3206
1951 3853
1951 4546
1951 4636
1951 4669
1951 4885
1951 4977
1951 6937
1951 8733
1951 19961
1951 24018
1951 24519
1971 15542
1998 6961
1998 8991
1998 14355
1998 22075
2036 2143
2036 4681
2036 4699
2036 4795
2036 4861
2036 11577
2036 13184
2036 13406
2036 13574
2036 14189
2036 14387
2036 14500
2036 15404
2036 16018
2036 16388
2036 21336
2053 390
2053 603
2053 2998
2053 4884
2053 4943
2064 4867
2065 4755
2071 2906
2072 3684
2072 11353
2072 11700
2072 24519
2100 4953
2100 19437
2102 13184
2112 671
2134 399
2134 1786
2134 3528
2134 4237
2134 4475
2134 4889
2134 4979
2134 8363
2134 13027
2134 24354
2143 623
2143 3869
2143 4840
2143 14888
2143 16163
2143 16388
2143 22708
2166 4969
2194 193
2194 601
2194 2547
2194 2997
2194 3172
2194 3674
2194 4607
2194 4740
2194 4820
2194 4895
2194 4911
2194 4985
2194 5178
2194 5600
2194 6345
2194 8049
2194 8993
2194 9239
2194 10227
2194 10408
2194 10811
2194 11722
2194 15394
2194 17675
2194 17840
2194 18764
2194 18771
2194 19454
2194 20512
2194 20517
2197 2748
2197 15187
2201 2547
2201 6961
2201 18719
2239 344
2239 4572
2239 5147
2239 10811
2239 14355
2239 16591
2239 20904
2242 1725
2242 6054
2242 22222
2242 24413
2304 14500
2304 18602
2304 22807
2307 3113
2307 6345
2307 19901
2329 5178
2352 12874
2353 21240
2361 333
2361 737
2361 3009
2361 4270
2361 4520
2361 4795
2361 7778
2361 14010
2361 14387
2381 23348
2384 5839
2384 6114
2384 14700
2384 16018
2384 19683
2384 20242
2387 13969
2392 1780
2392 1846
2392 4483
2392 4878
2392 9057
2392 13535
2392 18280
2411 124
2411 2591
2411 2831
2411 12135
2411 12411
2411 17472
2411 17830
2411 22807
2413 276
2413 2036
2413 2765
2413 3496
2413 4277
2413 4435
2413 4488
2413 4515
2413 4683
2413 4765
2413 4803
2413 4809
2413 4835
2413 6811
2413 10121
2413 11669
2413 11722
2413 13211
2413 15404
2413 17840
2413 18440
2413 20355
2413 22021
2413 24293
2416 3172
2416 3206
2416 4242
2416 4667
2416 4721
2416 4728
2416 4902
2416 4961
2416 11722
2416 17966
2416 20355
2416 21885
2462 1725
2462 2831
2467 6054
2487 4990
2487 7410
2487 20355
2491 285
2497 130
2497 683
2497 714
2497 1667
2497 2462
2497 2872
2497 3437
2497 3717
2497 4109
2497 4670
2497 4692
2497 4731
2497 4850
2497 4966
2497 4970
2497 5409
2497 8996
2497 10121
2497 14189
2497 14806
2497 17092
2497 24537
2499 3952
2499 15394
2507 17866
2508 24722
2540 13214
2540 22276
2547 3113
2547 4660
2547 4870
2547 13184
2547 24226
2550 2640
2550 8733
2550 16256
2550 22882
2569 4673
2581 1235
2582 4976
2582 21240
2583 19901
2592 44
2592 332
2592 503
2592 643
2592 645
2592 2239
2592 2416
2592 3705
2592 4617
2592 4647
2592 4751
2592 4767
2592 4806
2592 4836
2592 4885
2592 4898
2592 4980
2592 9239
2592 9842
2592 11569
2592 12135
2592 13003
2592 14414
2592 14969
2592 16163
2592 17830
2592 18170
2592 18771
2592 19622
2592 21240
2592 21786
2592 22209
2592 22276
2592 24680
2619 4832
2628 4503
2628 7778
2629 2036
2629 3684
2629 13786
2629 20817
2629 24519
2633 4675
2633 6278
2633 11971
2633 14805
2655 11727
2713 2497
2713 5232
2748 764
2748 1725
2748 4914
2748 11894
2748 13383
2748 24033
2797 1551
2811 1105
2811 4721
2811 4915
2811 8993
2811 11955
2831 4745
2852 1781
2872 4586
2872 4636
2872 14888
2918 19087
2925 13726
2925 21233
2931 4634
2938 12135
2939 642
2939 3496
2939 11971
2948 4721
2956 4674
2997 451
2997 608
2997 4752
2997 4922
2997 4959
2997 11955
2997 13969
2997 22651
2998 381
2998 1693
2998 1913
2998 4771
2998 8993
2998 8996
2998 11130
2998 11894
2998 12298
2998 14355
2998 20285
2998 21913
2998 24349
3009 13027
3028 569
3051 172
3051 4607
3051 4960
3051 5645
3051 12209
3051 16602
3051 18449
3051 19172
3055 1725
3055 3123
3055 3415
3055 4237
3067 1050
3077 23943
3078 601
3078 4913
3098 20259
3107 4677
3113 15
3113 643
3113 1116
3113 2640
3113 3231
3113 3667
3113 4675
3113 4735
3113 4912
3113 4950
3113 6345
3113 10292
3113 11184
3113 18602
3113 23929
3113 24226
3113 24404
3113 24695
3143 4853
3153 4790
3168 18602
3172 726
3172 872
3172 1875
3172 2036
3172 2091
3172 3907
3172 4607
3172 4629
3172 4974
3172 9553
3172 13232
3172 13786
3172 14888
3172 17349
3172 18602
3172 19437
3172 21858
3172 22075
3172 24413
3203 19087
3206 12135
3212 24451
3227 115
3227 5544
3231 4942
3231 10292
3336 24033
3337 2872
3397 9057
3425 3717
3425 4450
3425 4855
3425 4972
3425 20292
3433 4449
3433 10811
3437 8995
3456 4472
3457 18619
3474 4914
3496 4667
3523 19901
3528 205
3528 2872
3528 4661
3541 23473
3546 24393
3555 24722
3574 764
3579 4406
3585 1919
3585 15450
3591 4690
3609 714
3609 1693
3609 4258
3609 11861
3609 24472
3619 13232
3620 4115
3620 4995
3620 24693
3667 4735
3679 14189
3684 4920
3684 24393
3705 4872
3709 4523
3709 4939
3709 4951
3709 18602
3725 4664
3756 1351
3756 4854
3757 4255
3824 269
3824 11715
3824 18619
3825 4667
3843 895
3843 2353
3843 2987
3843 4459
3843 4821
3843 4976
3843 11955
3843 13232
3843 17051
3853 4920
3869 8921
3869 24018
3921 4874
3921 6054
3921 19452
3925 19730
3943 14806
3944 24349
3975 4237
3975 8975
3986 496
3986 4657
3986 4927
3988 9011
4021 4160
4026 8984
4028 726
4028 15588
4029 24537
4048 6493
4066 20355
4077 19191
4077 19961
4079 11971
4106 4808
4109 20897
4121 2540
4121 4657
4121 4719
4121 4940
4121 11700
4121 19888
4121 21926
4121 24519
4125 8993
4173 1384
4173 8102
4187 643
4191 255
4196 642
4196 929
4196 4666
4196 19172
4223 990
4237 2201
4237 3528
4237 4647
4237 4674
4237 4692
4237 4731
4237 4848
4237 4970
4237 5147
4237 13232
4237 14888
4237 18602
4237 21954
4237 24150
4237 24354
4242 496
4242 635
4242 872
4242 1789
4242 1971
4242 2036
4242 2361
4242 2381
4242 2540
4242 2998
4242 4472
4242 4559
4242 4572
4242 4607
4242 4647
4242 4669
4242 4747
4242 4798
4242 4885
4242 4892
4242 4938
4242 8491
4242 10566
4242 11955
4242 12874
4242 13181
4242 13211
4242 13535
4242 13972
4242 14224
4242 14295
4242 14806
4242 15394
4242 15410
4242 18280
4242 18472
4242 19730
4242 20038
4242 20517
4242 21079
4242 22209
4242 22513
4242 22521
4242 22990
4242 24226
4242 24409
4242 24518
4248 10168
4255 1430
4255 3083
4255 3457
4255 4035
4255 6054
4280 172
4280 596
4280 804
4280 20259
4308 13232
4308 17300
4317 17706
4325 4907
4325 16076
4355 24252
4370 4539
4375 1027
4375 17706
4384 11756
4407 4155
4407 4795
4407 4870
4407 19379
4410 4876
4422 11152
4422 12106
4440 503
4440 11184
4440 14500
4440 21885
4440 24537
4449 642
4449 16581
4449 17113
4449 18602
4449 19961
4449 21786
4450 12894
4459 1904
4459 13684
4482 2948
4488 6811
4488 16602
4488 21786
4533 6345
4539 231
4572 2491
4572 4785
4574 21823
4578 3143
4607 4483
4607 4667
4607 4704
4607 4721
4607 4735
4607 4911
4607 4971
4607 13363
4607 19437
4629 1551
4629 4668
4636 18619
4641 20259
4647 4728
4661 12874
4667 683
4667 3824
4667 4668
4667 4854
4667 19059
4667 21786
4672 4482
4674 11861
4675 10292
4678 11684
4680 22276
4681 3584
4681 11184
4685 2640
4685 3745
4685 4746
4685 4854
4685 16256
4686 3725
4688 14189
4690 9842
4691 4690
4695 8996
4696 6811
4696 14595
4696 16548
4697 3705
4700 503
4703 4374
4703 4807
4703 19622
4704 5544
4706 194
4708 1020
4711 13726
4712 3853
4712 4776
4712 4777
4712 6345
4712 24519
4714 3496
4718 4667
4719 4572
4719 8996
4721 10566
4721 19421
4723 11184
4724 3425
4724 14211
4726 13184
4727 966
4729 5284
4734 12209
4735 2266
4735 23130
4735 24293
4737 15
4737 231
4737 410
4737 601
4737 638
4737 1913
4737 2416
4737 3869
4737 3947
4737 4911
4737 4920
4737 8107
4737 8623
4737 8921
4737 10566
4737 12900
4737 13181
4737 14969
4737 21802
4737 22167
4741 4740
4742 4740
4743 8289
4743 8996
4745 8921
4747 4026
4747 8996
4747 14094
4747 19059
4750 2491
4753 18602
4755 24472
4757 4774
4759 3153
4761 24224
4763 24599
4764 4775
4766 9239
4770 124
4770 603
4770 1532
4770 3584
4770 3745
4770 4617
4770 6874
4770 24695
4772 16076
4776 14500
4776 24226
4778 231
4782 11599
4787 19438
4791 4772
4792 9011
4792 17815
4795 21899
4797 195
4799 2651
4800 17252
4801 3269
4803 2553
4803 3496
4803 13003
4804 4720
4807 601
4810 2361
4811 4307
4815 16581
4817 1462
4818 14361
4820 4307
4825 4367
4826 22209
4829 4875
4829 20429
4835 14920
4841 269
4842 269
4846 10121
4848 9011
4854 4340
4854 4863
4854 24568
4856 2113
4857 4014
4859 2266
4864 18449
4866 596
4867 9232
4870 496
4870 596
4870 673
4870 3528
4870 3577
4870 4899
4870 14500
4871 24420
4874 6345
4880 5600
4881 3744
4882 5307
4883 24226
4885 15282
4885 24226
4887 10811
4891 21356
4893 19191
4894 24599
4897 24599
4898 18602
4898 23348
4900 6345
4909 13337
4913 22927
4915 16859
4920 172
4920 2036
4920 4712
4920 4723
4920 4927
4920 12411
4920 14805
4920 15404
4920 22840
4921 673
4922 285
4924 23298
4927 18293
4928 21800
4937 24191
4940 19901
4944 4952
4945 3051
4950 255
4952 4092
4963 15414
4964 20355
4970 24150
4974 19554
4977 8102
4980 18449
4996 20512
4997 6874
4999 20517
5004 3528
5005 21800
5007 8991
5147 3437
5147 4109
5147 4848
5147 4931
5152 2239
5152 17069
5152 18005
5152 21634
5178 130
5178 165
5178 643
5178 1468
5178 2628
5178 4785
5178 7778
5178 11700
5178 19059
5178 22521
5196 4870
5284 804
5284 4954
5284 11955
5329 2352
5329 3844
5329 3943
5329 4572
5329 4780
5329 4793
5329 11669
5329 24252
5345 6114
5345 10168
5409 714
5409 2491
5409 3717
5409 4035
5409 4109
5409 4450
5409 4948
5409 10121
5409 14805
5409 18634
5409 24702
5427 643
5449 4920
5449 7778
5449 18034
5458 11599
5534 11955
5534 17840
5544 11861
5544 24722
5645 8993
5645 20512
5845 20512
5855 4859
5914 9516
5975 10811
6049 24327
6054 643
6114 19683
6233 4735
6278 3206
6278 14976
6285 15688
6437 11184
6450 18602
6485 271
6528 11184
6557 496
6557 503
6557 934
6557 1296
6557 4599
6557 4933
6557 10292
6557 11704
6557 16163
6557 17051
6557 18771
6557 20517
6557 21079
6557 22651
6575 1403
6575 3959
6660 11971
6660 24460
6811 3226
6811 3609
6811 3705
6811 3943
6811 4160
6811 4248
6811 14888
6811 16018
6811 18169
6811 24702
6845 4656
6874 6054
6955 13337
6961 638
6961 1280
6961 1913
6961 2416
6961 4430
6961 4488
6961 4784
6961 5002
6961 14414
6961 15319
6961 17113
6961 18771
6961 24519
7352 23039
7405 16602
7410 1462
7410 20355
7446 8984
7446 9239
7481 2361
7499 4435
7499 4737
7499 13969
7499 24033
7648 872
7648 990
7648 1842
7648 3203
7648 4607
7648 4735
7648 4780
7648 4879
7648 4999
7648 14232
7648 15688
7648 21177
7648 22807
7648 24349
7661 130
7661 11967
7667 496
7778 52
7778 642
7778 2413
7778 2462
7778 3541
7778 4155
7778 4407
7778 4483
7778 4515
7778 4706
7778 4969
7778 11700
7778 12106
7778 13211
7778 14805
7778 18619
7778 19938
7778 20893
7816 5600
7940 13232
7940 16998
8068 804
8068 13969
8102 2996
8102 4092
8102 4863
8102 4873
8102 4950
8102 10168
8102 16186
8102 20684
8127 285
8147 9305
8197 14361
8197 19915
8199 9232
8199 10090
8305 5544
8305 10121
8305 13969
8321 12539
8436 9011
8623 18602
8733 14195
8921 2633
8921 4971
8921 20038
8975 8991
8975 13383
8975 24275
8984 2592
8984 2998
8984 3172
8984 4451
8984 4983
8984 8921
8984 19191
8984 24327
8993 14386
8993 21913
8995 12894
8996 572
8996 1551
8996 1998
8996 2266
8996 3618
8996 4035
8996 4217
8996 4237
8996 4308
8996 4662
8996 4667
8996 4704
8996 4752
8996 4756
8996 4879
8996 4880
8996 4976
8996 4991
8996 5329
8996 11522
8996 11577
8996 11669
8996 11700
8996 13118
8996 13363
8996 14595
8996 15145
8996 15450
8996 17675
8996 18602
8996 19059
8996 19730
8996 19881
8996 19901
8996 19938
8996 20817
8996 21337
8996 22708
8996 24293
8996 24710
8999 269
8999 14806
9011 1858
9011 2248
9011 3834
9011 4370
9011 14806
9011 16591
9011 20242
9025 601
9025 714
9025 876
9025 990
9025 1323
9025 2266
9025 2491
9025 3051
9025 4258
9025 4449
9025 4607
9025 4723
9025 4795
9025 4961
9025 8996
9025 11715
9025 13969
9025 14224
9025 15187
9025 15542
9025 16998
9025 18169
9025 20517
9025 20917
9025 24693
9025 24695
9030 8289
9030 18602
9057 601
9057 1018
9057 2411
9057 2416
9057 2462
9057 2655
9057 4217
9057 4483
9057 4668
9057 4743
9057 5600
9057 8006
9057 8049
9057 9025
9057 9516
9057 12411
9057 13483
9057 13786
9057 14805
9057 14806
9057 15145
9057 18169
9057 18602
9057 18619
9057 19938
9057 24269
9177 4918
9177 15319
9239 503
9239 1632
9239 1913
9239 4695
9239 4696
9239 4898
9239 4899
9239 4915
9239 4964
9239 7108
9239 10307
9239 11861
9239 14595
9239 16548
9239 18602
9239 21079
9305 21112
9365 255
9365 2036
9365 4430
9365 4885
9392 830
9392 14500
9516 3925
9516 4482
9553 503
9553 4488
9553 18280
9685 11881
9724 3172
9724 4736
9724 16847
9724 19087
9724 19554
9724 21020
9776 19901
9842 390
9842 643
9842 666
9842 2462
9842 2831
9842 12874
9842 19961
9842 21356
9842 24206
9960 804
9960 3336
10121 643
10121 1403
10121 4789
10121 14805
10121 20355
10121 23348
10168 4848
10168 6811
10168 11313
10227 11971
10227 18967
10292 15
10292 1097
10292 1312
10292 1951
10292 2416
10292 2540
10292 2592
10292 3334
10292 4546
10292 4751
10292 4770
10292 4883
10292 6874
10292 13214
10292 13786
10292 14224
10292 18449
10292 18634
10292 19087
10292 19167
10292 19802
10292 19888
10292 20355
10292 21786
10292 22276
10292 23360
10292 24695
10307 7648
10527 21240
10558 4806
10558 14195
10566 255
10566 285
10566 596
10566 1462
10566 2416
10566 2997
10566 3172
10566 4752
10566 4792
10566 4899
10566 4954
10566 11149
10566 11715
10566 11881
10566 15394
10566 18602
10566 19191
10566 20285
10811 1013
10811 2416
10811 3546
10811 4647
10811 4655
10811 4720
10811 4728
10811 4861
10811 8991
10811 11722
10811 11971
10811 16581
10811 18440
10811 22646
10811 23320
10811 24404
10811 24438
10856 642
10973 11422
10973 17066
10997 645
11062 4767
11076 4821
11130 621
11149 14500
11149 19191
11157 596
11157 2036
11157 2266
11157 2416
11157 2540
11157 3113
11157 3334
11157 4684
11157 4977
11157 6874
11157 10292
11157 16864
11157 18449
11157 20355
11157 22276
11157 24695
11184 18602
11184 20355
11184 20861
11184 21885
11313 714
11313 1462
11313 4878
11313 20242
11313 20285
11318 23348
11318 24033
11412 4684
11422 18619
11460 2872
11460 4014
11460 13191
11460 14888
11488 533
11488 608
11488 3051
11488 4815
11488 6114
11488 11607
11488 13181
11488 13969
11503 263
11503 4872
11503 10527
11503 11955
11503 16591
11503 21337
11503 21926
11503 23927
11577 596
11577 2239
11577 4406
11577 5107
11577 11861
11577 20517
11577 21336
11579 990
11579 4954
11579 12411
11599 4786
11599 14882
11599 20512
11657 44
11657 1234
11657 3227
11657 4976
11657 11669
11657 12900
11657 14295
11657 19554
11657 20280
11684 2497
11684 24508
11687 503
11698 5409
11700 124
11700 215
11700 1887
11700 2091
11700 2831
11700 4242
11700 4785
11700 6345
11700 13652
11700 21926
11700 22089
11700 22521
11700 22840
11700 24652
11715 3203
11715 4758
11715 9724
11715 24626
11722 4769
11722 11313
11725 3496
11725 4710
11725 24327
11733 124
11733 8921
11733 11971
11751 4976
11751 14806
11756 2540
11756 4599
11817 4736
11819 276
11819 4735
11819 24520
11840 4482
11861 2462
11861 4572
11861 7661
11899 4160
11899 4520
11899 5409
11955 4308
11955 21337
11967 4809
12025 4520
12053 4669
12053 4758
12117 4752
12117 19191
12135 285
12135 642
12135 1312
12135 1323
12135 1532
12135 1818
12135 1913
12135 1951
12135 2304
12135 2462
12135 2540
12135 2640
12135 3577
12135 4430
12135 4634
12135 4704
12135 4731
12135 4738
12135 4751
12135 4752
12135 4784
12135 4813
12135 4850
12135 4919
12135 4933
12135 12874
12135 19961
12135 20285
12135 22276
12198 15688
12209 13633
12298 20705
12358 4928
12358 23904
12375 4276
12411 19167
12416 19896
12519 285
12670 8993
12685 18602
12720 19901
12774 6811
12834 8993
12870 3172
12870 20038
12874 19059
12900 671
12900 4459
12900 4696
12900 4829
12900 4875
12900 4951
12900 6961
12900 11722
12900 13969
12900 14195
12900 16548
12900 17675
12900 18619
12900 21240
12900 23039
12900 24033
12964 11971
12964 18619
12964 22807
13003 276
13003 381
13003 2872
13003 8975
13003 11313
13003 13383
13003 18689
13003 24033
13027 643
13027 3528
13027 4677
13027 7778
13027 14882
13027 18619
13059 13406
13099 4990
13118 19438
13181 4340
13181 4911
13181 8049
13181 13969
13181 18602
13184 503
13184 642
13184 1951
13184 4667
13184 4698
13184 4868
13184 4937
13184 9057
13184 12411
13184 15450
13184 18764
13184 23360
13184 24565
13191 4339
13191 12560
13191 17675
13191 22341
13196 1818
13196 10527
13196 11669
13196 11861
13196 15450
13196 21079
13196 24226
13214 546
13214 23320
13232 572
13232 1462
13232 1913
13232 3907
13232 4472
13232 4878
13232 6961
13232 13786
13232 16998
13232 17252
13232 20038
13232 21954
13232 24722
13270 2872
13270 3172
13270 4667
13270 4950
13270 5351
13270 8996
13270 13191
13270 14805
13270 14888
13270 15361
13270 17675
13336 44
13336 4787
13336 11704
13336 19438
13336 21240
13337 643
13343 5147
13355 6811
13355 22990
13363 19938
13363 20355
13370 8623
13379 2266
13379 4488
13379 4834
13379 6961
13379 22075
13383 390
13383 18634
13383 23927
13406 3824
13406 4407
13406 4515
13406 4679
13406 4706
13406 4751
13406 4769
13406 4969
13406 12135
13406 14195
13406 21699
13406 23473
13535 1998
13535 11700
13535 22021
13535 22075
13552 4440
13578 18967
13604 255
13662 12720
13662 12874
13684 643
13684 2248
13684 2558
13684 4026
13684 4838
13684 4902
13684 4928
13684 5600
13684 14806
13684 24420
13684 24722
13694 3620
13762 1296
13786 643
13786 683
13786 2152
13786 2540
13786 2547
13786 2831
13786 4113
13786 4242
13786 4674
13786 4705
13786 4755
13786 4780
13786 4940
13786 4948
13786 6049
13786 12720
13786 14835
13786 19059
13786 19167
13786 19894
13786 19901
13786 20038
13786 20904
13786 20917
13786 21336
13786 21926
13786 22675
13786 24420
13837 4747
13969 814
13969 4635
13969 4729
13969 4939
13969 4951
13969 5284
13969 8107
13969 8993
13969 11722
13969 11955
13969 20429
13969 20512
13969 22208
13969 24269
14054 638
14094 8321
14094 11577
14142 714
14189 1384
14189 2025
14189 4520
14189 11056
14189 14691
14189 20242
14195 4704
14195 4769
14195 11722
14195 19915
14211 4913
14211 5409
14211 18919
14224 1846
14224 11704
14224 18771
14232 3334
14295 2036
14295 2353
14295 4928
14295 5005
14295 6049
14295 7648
14295 13363
14295 15688
14295 16998
14295 19438
14295 23904
14355 13059
14361 3679
14361 4237
14387 4855
14387 4875
14387 6114
14387 11422
14387 14805
14414 213
14414 714
14414 10168
14414 11861
14414 24710
14471 18602
14496 4607
14496 4976
14500 2201
14529 3172
14595 4721
14595 4879
14595 10527
14595 12231
14595 14195
14595 19915
14595 21768
14691 16859
14691 18472
14713 5178
14713 5914
14713 20517
14805 4079
14805 4809
14805 8996
14805 11971
14805 13363
14805 18619
14805 19454
14805 22807
14805 24442
14806 3907
14806 4255
14806 4795
14806 16591
14806 20242
14806 21926
14835 11313
14888 714
14888 15450
14888 17675
14888 17768
14888 20917
14920 1296
14920 1312
14920 1582
14920 2992
14920 4913
14920 6961
14920 8996
14920 11971
14920 14806
14920 18619
14920 19167
14920 22521
14920 24438
14920 24519
14927 4845
14927 9239
15005 11971
15057 4757
15057 17090
15097 1971
15116 115
15116 4991
15116 11955
15116 21240
15145 5600
15145 10811
15145 18169
15187 17840
15229 4892
15277 4985
15277 11955
15277 16859
15404 3684
15414 19554
15447 601
15447 643
15447 1312
15447 4840
15450 271
15450 1976
15450 2547
15450 4662
15450 4780
15450 4795
15450 4872
15450 4983
15450 5178
15450 5369
15450 13003
15450 14806
15450 20917
15542 19896
15570 4690
15594 2831
15594 4109
15594 19730
15602 4026
15610 276
15610 4370
15610 5232
15610 24033
15610 24693
15688 2152
15688 3705
15688 4026
15688 6049
15688 6811
15688 12231
15688 13633
15688 23039
15688 23927
15698 4721
15698 6961
15698 11955
15714 2998
15714 14806
15814 1582
15814 1901
15814 4255
15814 18619
15841 22646
15989 2491
16018 130
16018 640
16018 20917
16018 21954
16076 4757
16076 4932
16076 7446
16076 18619
16076 20883
16076 21786
16163 623
16163 4435
16163 4933
16163 8436
16163 18771
16186 4836
16186 11353
16186 21739
16256 23348
16336 17840
16336 19191
16420 20624
16548 22513
16581 15
16581 285
16581 638
16581 4290
16581 4661
16581 4720
16581 12135
16581 19802
16581 23320
16591 24252
16609 17051
16609 19554
16609 21240
16613 496
16613 2987
16613 13118
16613 20280
16847 19087
16859 2248
16859 4755
16859 4928
16859 10910
16859 19038
16927 23039
17051 21240
17058 2540
17058 24707
17069 2239
17096 44
17096 22869
17157 12720
17157 19167
17290 4879
17299 24519
17326 15450
17333 2036
17333 2143
17333 12135
17338 287
17338 3996
17338 4924
17576 4792
17576 13684
17675 197
17675 1050
17675 2266
17675 2872
17675 4160
17675 4809
17675 4875
17675 8049
17675 10227
17675 11971
17675 14500
17675 19730
17706 1410
17706 14387
17706 24226
17830 2811
17830 4829
17830 4878
17830 8363
17830 12135
17840 4719
17840 8996
17840 11149
17840 19191
17843 4884
17880 16998
17880 24393
17950 4981
18034 4734
18034 24404
18056 11722
18056 15277
18056 19554
18118 12411
18138 2072
18169 1137
18169 1296
18169 3827
18169 5600
18169 19059
18169 20917
18280 503
18280 24033
18282 19167
18293 3654
18341 19149
18401 4923
18401 15450
18426 17003
18449 2540
18449 4430
18449 18602
18449 19961
18449 24252
18472 1462
18472 4817
18472 10527
18472 19038
18574 130
18574 638
18574 4449
18574 6054
18574 9842
18574 11700
18574 12720
18602 503
18602 2467
18602 2938
18602 3334
18602 3667
18602 4270
18602 4678
18602 4722
18602 4728
18602 4765
18602 4768
18602 4845
18602 4861
18602 4920
18602 4988
18602 19149
18602 19802
18602 22437
18604 4885
18619 155
18619 623
18619 683
18619 1312
18619 1951
18619 2413
18619 2971
18619 4384
18619 4520
18619 4824
18619 4835
18619 4836
18619 4870
18619 4910
18619 4913
18619 4944
18619 5458
18619 7785
18619 10033
18619 12316
18619 13211
18619 19149
18619 19901
18619 23980
18634 3705
18634 4928
18689 2462
18689 3077
18689 3528
18689 4258
18689 4515
18689 4876
18689 4950
18689 4996
18689 15187
18689 18440
18689 20684
18689 21020
18719 13337
18764 4868
18764 12411
18771 15
18771 2640
18917 4693
18919 3468
18940 6961
19059 2266
19059 4339
19059 5600
19059 14805
19059 16591
19059 19881
19059 20917
19087 4679
19087 21020
19087 24460
19105 2134
19105 8363
19105 24537
19140 24710
19167 8006
19172 2353
19172 13184
19177 17349
19181 15
19181 2381
19181 4764
19301 21079
19328 3468
19328 10292
19355 5232
19421 3143
19421 9239
19437 2487
19438 115
19438 804
19438 1462
19438 4715
19438 12411
19438 14806
19438 16163
19438 20517
19438 20817
19443 19087
19452 2826
19454 61
19454 830
19454 4737
19454 4913
19454 5600
19454 6874
19454 11733
19454 11971
19454 14386
19454 21786
19454 22089
19454 24409
19554 726
19554 804
19554 2194
19554 3609
19554 4092
19554 4160
19554 4756
19554 4866
19554 8107
19554 8993
19554 11715
19554 11722
19554 21954
19554 24508
19683 11955
19685 130
19685 5232
19685 12720
19698 1313
19698 1323
19730 130
19730 601
19730 1462
19730 1667
19730 2045
19730 3528
19730 3609
19730 4113
19730 4237
19730 4482
19730 4483
19730 4668
19730 4848
19730 4909
19730 4976
19730 5409
19730 7661
19730 11861
19730 11967
19730 14010
19730 15187
19730 20242
19730 21954
19730 22513
19730 23927
19802 1430
19802 2540
19802 4661
19802 19901
19870 546
19870 1235
19870 1934
19870 3113
19870 4430
19870 4449
19870 4758
19870 4895
19870 21020
19872 22513
19878 4798
19879 14805
19896 4920
19901 503
19901 596
19901 1312
19901 2036
19901 4270
19901 4886
19901 6345
19901 10292
19901 14805
19901 17298
19901 19730
19901 20259
19901 21356
19901 24695
19915 645
19915 1403
19915 2352
19915 2462
19915 13181
19915 19622
19915 20242
19915 20512
19915 20517
19915 24537
19938 21954
20038 2266
20038 11894
20038 22513
20058 44
20058 3975
20058 4092
20058 4725
20058 4786
20058 4955
20058 8102
20058 8996
20058 13003
20058 18169
20242 1050
20242 1913
20242 4482
20242 4747
20242 4848
20242 21336
20259 12720
20285 2997
20285 4915
20285 17880
20285 19191
20355 804
20355 1097
20355 1818
20355 2462
20355 4483
20355 4515
20355 4735
20355 4834
20355 4990
20355 15542
20355 16256
20355 19437
20355 24568
20387 1913
20387 7648
20429 14595
20512 3574
20512 4710
20512 19554
20512 20517
20512 24537
20517 390
20517 3943
20517 8993
20517 20058
20517 21954
20517 23039
20674 14806
20812 285
20812 601
20812 2043
20812 3921
20812 9025
20812 19191
20817 460
20817 503
20817 1468
20817 3674
20817 4690
20817 11700
20817 21926
20817 24519
20861 4723
20861 8623
20897 14469
20904 714
20904 11979
20917 21954
20973 2507
21020 2266
21020 3824
21020 3869
21020 4944
21020 20684
21032 20883
21058 484
21058 18619
21079 176
21079 872
21079 6806
21079 9030
21079 10527
21079 17051
21079 24722
21110 642
21168 18602
21177 4871
21213 21786
21240 496
21240 934
21240 4747
21240 4787
21240 4906
21240 8975
21240 8991
21240 9011
21240 11704
21240 13383
21240 19191
21240 19438
21336 4719
21356 4242
21356 4661
21356 4940
21356 19167
21699 20
21699 156
21699 645
21699 683
21699 1403
21699 2540
21699 2547
21699 2591
21699 2997
21699 3113
21699 3496
21699 3541
21699 3869
21699 3907
21699 4155
21699 4217
21699 4339
21699 4430
21699 4607
21699 4706
21699 4813
21699 4899
21699 4957
21699 4966
21699 8733
21699 8996
21699 14224
21699 18440
21699 18967
21699 20893
21699 21020
21699 23473
21739 642
21739 4735
21739 24520
21786 255
21786 596
21786 2266
21786 4898
21786 9025
21786 11971
21786 13604
21786 17840
21786 23348
21800 4026
21800 4743
21800 5600
21800 6049
21813 3334
21813 4738
21878 10811
21884 4572
21884 24710
21899 12720
21913 15145
21913 24349
21926 21337
21954 205
21954 255
21954 804
21954 1818
21954 2462
21954 3579
21954 4948
21954 8321
21954 21786
21954 24537
22092 2640
22092 4993
22130 18602
22134 3269
22208 4721
22209 1280
22209 1818
22209 1913
22209 4480
22209 4901
22209 4911
22209 4912
22209 6961
22209 19622
22209 23348
22214 4901
22227 20355
22276 623
22276 4751
22276 4895
22276 6345
22328 2036
22328 15005
22341 4572
22341 5409
22341 7661
22341 17675
22373 18602
22385 3921
22513 1728
22513 2833
22513 4482
22513 4789
22513 15187
22513 24508
22598 4999
22708 2765
22708 4870
22708 9305
22708 20512
22708 24293
22807 596
22807 601
22807 737
22807 830
22807 1296
22807 1312
22807 2918
22807 4079
22807 4675
22807 4789
22807 7778
22807 9239
22807 10227
22807 11715
22807 11971
22807 15005
22807 19087
22807 19454
22807 24033
22840 9776
22882 4706
22882 11715
22882 24703
22927 1105
23130 2036
23130 4951
23130 9011
23130 11715
23130 15450
23272 19901
23348 15
23348 215
23348 255
23348 285
23348 683
23348 2939
23348 2997
23348 3853
23348 4776
23348 4808
23348 4816
23348 4858
23348 4885
23348 4920
23348 4932
23348 5604
23348 8733
23348 11184
23348 18440
23348 18634
23360 124
23473 4657
23473 4809
23473 24519
23500 13337
23535 1581
23535 11971
23535 14806
23535 16591
23535 22807
23633 9553
23782 496
23782 934
23782 11704
23846 4785
23895 502
23895 4224
23904 3844
23929 11184
23933 4981
24018 4706
24033 503
24033 3425
24033 4546
24033 4667
24033 4734
24033 4808
24033 4813
24033 4914
24033 20684
24033 23943
24033 24519
24108 1050
24108 8049
24127 503
24127 4719
24127 12874
24133 4722
24133 4836
24133 4870
24150 3009
24167 4396
24167 16548
24174 2765
24224 4993
24225 18602
24226 642
24226 1913
24226 2633
24226 3231
24226 4675
24226 4988
24226 6278
24226 6874
24226 14920
24226 15319
24226 18602
24226 24438
24233 19432
24238 4918
24252 603
24252 643
24252 726
24252 917
24252 1403
24252 2540
24252 2831
24252 3172
24252 4698
24252 4789
24252 4919
24252 8996
24252 12135
24252 13337
24252 14835
24252 18634
24252 18967
24266 24599
24276 18440
24281 3674
24281 24519
24308 4308
24308 8993
24308 17051
24308 19915
24349 24626
24354 4876
24381 642
24393 34
24393 1235
24393 12874
24393 14806
24393 17003
24404 1312
24409 124
24409 804
24409 3083
24409 4721
24409 4767
24409 11353
24409 11971
24409 19802
24409 21878
24442 454
24442 2036
24442 2497
24442 3437
24442 4948
24442 11971
24442 12411
24448 4907
24460 3468
24460 4743
24460 10121
24472 285
24474 8049
24474 8993
24518 4938
24518 6278
24518 6961
24518 18602
24519 1468
24519 3130
24519 4242
24519 4661
24519 11313
24534 21786
24555 24508
24565 15450
24568 966
24568 2266
24568 2939
24568 4901
24568 4903
24568 4923
24568 4933
24568 9461
24568 13211
24574 11894
24584 13191
24591 15
24599 3777
24600 714
24652 8996
24664 2036
24676 14295
24682 4276
24692 18440
24710 2872
24710 4515
24710 15187
24737 10811
0 21225
20 2592
20 4125
20 4478
20 7874
21 1780
21 2091
21 2459
21 2463
21 4606
21 4733
21 4772
21 5027
21 5174
21 6811
21 9232
21 17568
21 17950
21 24519
21 24613
44 20
44 4608
44 5093
44 5128
44 5136
44 5151
44 5168
44 5201
44 5262
44 6049
44 10856
44 19301
97 1
97 14888
115 117
115 776
115 1383
115 4862
115 5081
115 5141
115 5202
115 5600
115 8996
115 10856
115 19730
115 23085
117 1038
117 2438
130 117
130 556
130 5075
130 5127
130 9776
130 17349
130 20242
186 287
194 642
194 5114
194 18169
198 13184
212 2361
213 865
213 1441
230 11698
231 2413
231 2997
231 13406
252 1419
252 1609
252 2361
252 4228
252 4701
255 20
255 410
255 2558
255 2775
255 4106
255 5115
255 6880
255 9842
255 17097
255 19149
255 23921
255 24156
271 285
271 1221
285 2036
285 2871
285 9057
285 18088
285 19440
285 23320
287 2166
287 2609
287 5093
287 9724
287 15450
309 18626
312 44
312 3922
312 22167
320 3334
320 4749
320 4795
320 16843
343 4270
343 5044
344 9057
344 14387
348 642
348 830
348 4228
348 5233
348 6961
348 14587
349 1264
349 5201
349 6557
381 4406
386 2248
386 5006
395 4920
405 194
412 3113
412 3219
424 1137
441 16581
451 1913
454 642
454 2215
462 2497
465 20038
477 2560
491 5225
491 8993
491 11698
491 11929
498 11861
502 2592
503 2573
503 6049
503 17157
524 5238
524 11313
540 4952
560 2036
567 1549
579 876
586 4735
596 642
596 4712
596 5041
596 5043
596 5044
596 23226
596 24599
601 3921
607 14189
608 1632
608 5134
610 4844
610 5047
610 5086
616 10121
622 8102
622 13196
623 5077
623 5901
623 6961
623 11577
633 642
633 5127
633 5195
633 24226
640 14609
642 410
642 412
642 714
642 726
642 966
642 1038
642 1039
642 1221
642 1913
642 1989
642 2233
642 2336
642 2387
642 2413
642 2438
642 2443
642 2491
642 2871
642 3219
642 3601
642 3679
642 3714
642 3762
642 3792
642 3920
642 3982
642 4029
642 4242
642 4286
642 4334
642 4394
642 4563
642 4685
642 4846
642 4937
642 5010
642 5018
642 5031
642 5041
642 5044
642 5049
642 5051
642 5063
642 5065
642 5083
642 5085
642 5103
642 5105
642 5106
642 5109
642 5114
642 5126
642 5127
642 5129
642 5132
642 5134
642 5141
642 5142
642 5153
642 5175
642 5180
642 5202
642 5203
642 5204
642 5205
642 5207
642 5212
642 5218
642 5221
642 5225
642 5252
642 5256
642 5260
642 5262
642 5275
642 5287
642 5290
642 5293
642 5294
642 5295
642 5300
642 5301
642 6049
642 8102
642 9002
642 11698
642 11779
642 12231
642 13099
642 14587
642 16076
642 16877
642 17062
642 17675
642 17698
642 17840
642 18650
642 19149
642 19426
642 19883
642 19946
642 19985
642 20778
642 21337
642 23254
642 23906
642 24152
642 24405
642 24596
673 19149
673 20778
726 1140
726 1789
726 2036
726 3084
726 3452
726 4242
726 4701
726 4712
726 4772
726 5019
726 5049
726 5086
726 5134
726 5153
726 5171
726 5174
726 5179
726 5184
726 5237
726 5271
726 6937
726 17840
726 18650
726 20778
726 23320
726 24399
726 24438
726 24519
726 24596
737 1204
737 4772
776 2997
776 4862
804 5008
804 19445
830 130
830 524
830 833
830 4018
830 4423
830 4968
830 5126
830 5174
830 5259
830 8993
830 11313
830 11861
830 14055
830 14387
830 22256
830 24452
833 11861
865 24519
866 1221
866 5019
866 24730
876 1551
876 5277
876 19059
884 1551
884 1684
884 5600
884 15688
895 4308
895 5230
895 16856
895 19883
906 1374
917 1951
929 344
929 2409
929 3172
929 9057
934 2629
949 3143
966 4546
1013 642
1013 1573
1013 2008
1013 2053
1013 2119
1013 2143
1013 3601
1013 5034
1013 5047
1013 5069
1013 5277
1013 7410
1013 9025
1013 10299
1013 14969
1013 15610
1013 18088
1013 24613
1018 6049
1020 7410
1020 18602
1044 348
1044 642
1044 5219
1045 1551
1045 5767
1045 5901
1045 8251
1045 18689
1097 9776
1105 1
1105 503
1105 776
1105 1141
1105 1939
1105 2182
1105 2540
1105 3227
1105 4458
1105 4968
1105 4999
1105 5013
1105 5107
1105 5262
1105 8107
1105 11669
1105 11698
1105 14295
1105 14835
1105 16900
1105 18719
1105 19140
1105 19454
1105 20726
1137 287
1137 1551
1137 1605
1137 1999
1137 2438
1137 2655
1137 2961
1137 3051
1137 4189
1137 4563
1137 4568
1137 4968
1137 5093
1137 13191
1137 14387
1137 15450
1137 19140
1137 24721
1140 1312
1140 1323
1140 2491
1140 5218
1140 16897
1140 20355
1141 14414
1158 2243
1158 4332
1158 5098
1158 6049
1158 24721
1183 13406
1190 15282
1204 4340
1221 1989
1221 2384
1221 4126
1221 4712
1221 5161
1221 5202
1221 10121
1221 19432
1221 24088
1234 8993
1243 2609
1244 642
1244 5034
1244 18602
1264 11657
1269 1975
1269 3084
1291 4183
1312 6991
1312 8147
1312 20355
1313 11817
1318 14920
1346 1887
1346 3827
1346 4968
1384 19149
1403 633
1403 642
1403 5127
1403 5297
1403 14224
1403 18438
1407 5174
1422 13969
1430 20
1430 596
1430 2243
1430 2992
1430 3219
1430 3415
1430 4926
1430 5021
1430 5080
1430 5135
1430 5221
1430 5289
1430 8147
1430 9776
1430 13662
1430 24519
1432 13969
1457 14888
1462 3415
1462 4332
1462 4455
1462 19901
1469 4009
1486 13363
1520 5089
1520 5166
1538 4546
1547 4844
1551 3130
1551 4928
1551 13181
1551 20355
1581 21699
1605 15277
1616 2592
1632 287
1632 642
1632 2558
1632 2655
1632 3825
1632 3920
1632 5118
1632 11817
1632 15688
1632 19870
1639 21699
1665 2992
1667 3679
1667 5152
1667 6806
1667 14010
1667 21337
1692 642
1692 4183
1692 4994
1692 5006
1740 4889
1740 5262
1740 24499
1741 15450
1780 1781
1780 6726
1780 13099
1780 20355
1780 20762
1781 194
1781 2053
1781 3172
1781 14806
1822 3172
1846 1039
1846 2417
1846 2438
1846 4394
1846 4450
1846 5018
1846 5065
1846 5170
1846 5203
1846 11698
1846 11715
1846 18428
1846 20762
1846 21927
1846 23226
1887 4046
1887 11313
1913 2491
1913 5016
1913 5069
1951 285
1951 1374
1951 2411
1951 3384
1951 4228
1951 4286
1951 5002
1951 5075
1951 5157
1951 5180
1951 5236
1951 5260
1951 5271
1951 5290
1951 5291
1951 7778
1951 14583
1951 14888
1951 17840
1951 19426
1951 22651
1951 23956
1951 24695
1982 5099
1989 4242
1998 5079
1999 4979
1999 19946
1999 20058
2036 18169
2036 18602
2043 2143
2043 6961
2053 642
2053 2790
2053 5283
2053 7410
2053 12870
2053 20904
2056 18169
2056 21786
2071 642
2072 2036
2072 6937
2072 17475
2134 1781
2134 1846
2134 1951
2134 2413
2134 3825
2134 5059
2134 5083
2134 5187
2134 5247
2134 5254
2134 5271
2134 9030
2134 14147
2134 17475
2134 17729
2134 20058
2134 21394
2134 21927
2134 23085
2134 24018
2134 24152
2134 24494
2143 1573
2143 3025
2143 5166
2143 5231
2148 14805
2153 13003
2166 4242
2166 5086
2182 23298
2194 230
2194 726
2194 1141
2194 2384
2194 2438
2194 4406
2194 4494
2194 4862
2194 5026
2194 5044
2194 5066
2194 5192
2194 5256
2194 6095
2194 6880
2194 8984
2194 9025
2194 11579
2194 11698
2194 18602
2194 19149
2194 21927
2194 22208
2194 24156
2197 2413
2197 20355
2233 4737
2239 5249
2239 5251
2239 8939
2239 14387
2239 19140
2242 3554
2242 4189
2242 4844
2242 13406
2361 642
2361 2036
2361 2056
2361 2938
2361 5296
2361 5539
2361 8975
2361 20778
2361 24519
2384 498
2384 1137
2384 2655
2384 4568
2384 4968
2384 5182
2384 5259
2384 8995
2384 11313
2384 11727
2384 11861
2384 12209
2384 24088
2384 24721
2387 1383
2387 4724
2387 4735
2387 4915
2387 8996
2387 11715
2387 12117
2387 19730
2387 20355
2387 23085
2392 642
2392 1215
2392 1781
2392 2438
2392 3049
2392 3172
2392 4166
2392 4334
2409 5061
2411 1419
2411 2202
2411 4183
2411 5006
2411 15181
2413 285
2413 1520
2413 1605
2413 1780
2413 1913
2413 2242
2413 3714
2413 4473
2413 5034
2413 5039
2413 5063
2413 5089
2413 5118
2413 5203
2413 5241
2413 6049
2413 8996
2413 13969
2413 24152
2413 24405
2413 24596
2443 18602
2467 2609
2467 20355
2487 1780
2487 4724
2487 8996
2487 15542
2487 24393
2491 2592
2491 5544
2497 405
2497 2336
2497 2871
2497 3172
2497 3515
2497 3657
2497 3762
2497 3835
2497 4029
2497 4053
2497 4140
2497 4242
2497 4394
2497 4568
2497 4889
2497 5018
2497 5052
2497 5126
2497 5149
2497 5213
2497 5224
2497 5225
2497 5296
2497 5539
2497 11577
2497 14805
2497 15450
2497 19730
2497 21922
2497 24479
2508 5183
2508 20892
2550 5013
2550 19946
2558 11817
2573 5080
2591 3921
2591 9239
2592 642
2592 1140
2592 1312
2592 2008
2592 3219
2592 5174
2592 5179
2592 5212
2592 5256
2592 6557
2592 12358
2592 19038
2592 19149
2592 19985
2592 21634
2592 23320
2629 4545
2629 5113
2629 5186
2629 6937
2629 13662
2633 1560
2655 18056
2700 16306
2700 18602
2736 865
2736 4473
2748 3574
2797 4274
2811 1432
2811 11698
2811 12834
2811 15259
2831 18602
2841 4004
2864 4473
2931 642
2931 2862
2931 5255
2931 24707
2934 2961
2938 2609
2938 13726
2948 15450
2964 4920
2996 10811
2997 4355
2997 4884
2997 5126
2997 5148
2997 5203
2997 5279
2997 18088
2998 1221
2998 1939
2998 4308
2998 24519
3019 3172
3049 4109
3051 3781
3051 15404
3078 20778
3091 4854
3113 642
3113 2609
3113 3219
3113 5130
3113 5226
3113 5274
3113 18650
3127 6557
3153 4286
3153 4606
3153 5014
3172 255
3172 1215
3172 1462
3172 1632
3172 2056
3172 2409
3172 2438
3172 4237
3172 4781
3172 5026
3172 5052
3172 5148
3172 5152
3172 5192
3172 5265
3172 5299
3172 5600
3172 6961
3172 9776
3172 11313
3172 11577
3172 12067
3172 13406
3172 14609
3172 15332
3172 15450
3172 17675
3172 21225
3172 21699
3172 22708
3172 22882
3172 24156
3172 24393
3203 285
3203 19440
3219 4920
3227 1551
3227 3415
3227 4607
3227 4928
3227 5201
3227 9025
3227 13184
3227 13796
3227 15688
3227 21225
3227 24682
3255 5148
3292 22882
3296 5149
3296 5170
3358 5051
3358 5291
3425 4607
3428 4242
3431 5014
3433 638
3433 5012
3433 16998
3433 21954
3452 4926
3506 24033
3515 820
3523 1050
3528 2609
3540 11698
3550 5811
3562 5106
3574 1441
3574 2361
3574 2497
3574 5901
3574 8970
3574 18195
3574 19087
3579 10425
3579 20904
3591 4282
3601 2808
3610 22134
3620 2215
3620 5116
3627 2015
3637 4242
3705 194
3749 13969
3749 19554
3760 5086
3781 20778
3824 5101
3824 22708
3827 11840
3834 1432
3843 287
3843 1684
3843 5183
3928 1913
3934 24226
3941 3415
3946 3143
3946 5115
3946 5600
3946 9960
3965 5211
3971 8996
3982 6961
4004 255
4018 5014
4018 11684
4018 24452
4039 3384
4106 5106
4106 5130
4121 5080
4121 15688
4125 3172
4125 4862
4125 6961
4125 13726
4140 1137
4140 11313
4140 20038
4140 21336
4154 4276
4154 5544
4160 11698
4187 5345
4223 4928
4223 8993
4237 2056
4237 2413
4237 2938
4237 3415
4237 3762
4237 4109
4237 4870
4237 5018
4237 5029
4237 5039
4237 5142
4237 5296
4237 8975
4237 20058
4237 21702
4242 287
4242 424
4242 560
4242 833
4242 934
4242 1221
4242 1822
4242 1951
4242 2233
4242 2443
4242 3219
4242 4340
4242 4735
4242 4905
4242 5039
4242 5107
4242 5179
4242 14888
4242 16608
4242 17475
4242 18034
4242 19149
4242 21240
4242 23130
4242 24452
4255 1462
4255 2413
4255 4712
4255 20778
4255 20812
4276 4811
4276 21225
4303 255
4330 4844
4339 4844
4339 14583
4339 24479
4340 15450
4394 5213
4394 5258
4406 287
4406 2438
4406 6006
4406 14805
4406 17349
4406 17675
4411 208
4440 4029
4440 4733
4440 15450
4440 17113
4440 17706
4440 20778
4440 24519
4449 6961
4449 17062
4449 20355
4449 21878
4449 23254
4455 15645
4533 1971
4563 2361
4568 19730
4572 5019
4578 4985
4587 2361
4587 5901
4607 2036
4607 4663
4607 4915
4607 5158
4607 5258
4607 5811
4607 13184
4607 15688
4607 19498
4607 20778
4660 2112
4663 22276
4667 4473
4667 21699
4685 20
4685 2497
4685 4703
4685 4905
4685 4987
4685 5077
4685 17058
4685 23933
4700 19946
4701 18698
4703 5013
4703 20873
4703 23933
4712 194
4712 3428
4712 4242
4712 5207
4712 14587
4712 18602
4713 3431
4715 22276
4715 24226
4719 115
4719 1137
4724 18917
4724 19730
4724 23085
4735 2036
4735 11157
4737 503
4737 3637
4737 4814
4737 13969
4781 9516
4843 17675
4844 8996
4854 5013
4854 5049
4854 5098
4854 5121
4854 5153
4854 21300
4854 24438
4869 20517
4870 1140
4870 3601
4870 3781
4870 5069
4870 5127
4870 5130
4870 5132
4870 5226
4870 6991
4870 10299
4870 17113
4870 19870
4870 19985
4870 24613
4871 4308
4871 19301
4879 44
4883 5017
4889 16186
4903 11599
4920 642
4920 906
4920 2409
4920 2573
4920 2655
4920 2831
4920 4282
4920 5055
4920 5124
4920 5158
4920 5186
4920 5243
4920 5298
4920 6937
4920 17552
4920 19149
4920 22276
4926 17113
4928 287
4928 1462
4928 5151
4928 5600
4928 15542
4928 18626
4937 5185
4950 3124
4950 5132
4952 9239
4952 24695
4979 20058
4980 23298
4984 22882
4989 2202
5002 4728
5008 17706
5009 22341
5013 22209
5014 935
5014 3993
5014 14976
5014 17950
5014 18602
5022 11722
5024 2184
5024 3921
5028 18449
5040 5038
5043 2202
5044 10227
5046 7554
5047 21300
5047 23535
5049 13184
5054 5811
5054 15450
5055 7778
5056 567
5062 5011
5064 2036
5067 968
5069 24133
5072 1913
5073 4250
5074 21885
5076 5178
5077 23348
5079 11715
5082 13184
5086 14920
5087 4125
5090 14835
5094 11157
5095 24026
5096 19437
5100 1729
5100 18602
5105 11579
5105 12358
5110 5051
5116 19355
5119 18602
5127 1560
5127 4228
5127 5146
5127 22276
5127 24226
5128 4151
5128 7648
5130 9664
5130 15332
5135 14500
5136 287
5137 12870
5137 24494
5138 3130
5139 5493
5147 3679
5150 5136
5152 194
5152 2036
5152 2409
5152 2609
5152 2655
5152 3130
5152 3921
5152 5148
5152 8996
5152 11313
5152 14386
5152 14806
5152 14888
5152 15369
5152 18169
5152 19140
5152 22256
5154 13191
5160 1137
5160 2194
5160 4494
5160 6866
5160 7648
5160 9842
5160 13905
5160 17041
5160 20778
5160 22217
5160 23846
5163 5148
5165 8996
5165 13099
5166 13969
5169 17706
5170 12231
5172 2321
5173 21240
5178 642
5178 2629
5178 3219
5178 5188
5178 5192
5178 5288
5178 5298
5178 6937
5178 9776
5178 9969
5178 13184
5178 22598
5178 24519
5181 5148
5181 14387
5186 3921
5186 5226
5186 23171
5194 23991
5196 1432
5197 6961
5200 14094
5202 20355
5203 3762
5203 10811
5203 18919
5208 712
5208 16721
5209 4736
5214 194
5216 24088
5217 13099
5220 5205
5234 12250
5235 5233
5235 17568
5238 24088
5240 4619
5241 5151
5245 5053
5248 5901
5249 9776
5249 15145
5251 15145
5254 24682
5255 8984
5258 24601
5263 11727
5268 2938
5271 5273
5274 2609
5281 401
5282 4568
5284 1312
5284 7410
5284 9239
5284 11579
5284 19883
5289 5287
5293 5290
5294 21872
5295 18401
5296 21702
5299 24033
5304 1940
5304 6961
5304 11929
5307 14189
5307 17706
5329 934
5329 2629
5345 13810
5409 3657
5544 4274
5544 15688
5544 20355
5600 5645
5600 13969
5645 5118
5845 2550
5855 20726
5855 24721
5925 20355
6006 20550
6049 19482
6095 642
6095 2655
6095 4125
6095 14387
6095 17675
6278 5129
6278 14969
6278 18602
6528 17066
6557 20
6557 1140
6557 1141
6557 4332
6557 5031
6557 5134
6557 5146
6557 5156
6557 5199
6557 5210
6557 5255
6557 14295
6557 17880
6660 194
6660 2700
6660 4455
6660 18602
6806 12358
6806 12891
6811 3384
6811 3679
6811 4039
6845 4979
6874 18719
6937 5014
6937 5296
6961 1781
6961 2343
6961 4332
6961 5127
6961 5188
6961 5204
6961 5226
6961 15024
6961 18449
6961 21922
7410 24349
7499 1221
7499 5225
7499 14224
7648 287
7648 776
7648 1551
7648 1632
7648 1658
7648 1899
7648 2558
7648 2592
7648 3574
7648 3781
7648 3946
7648 4862
7648 5115
7648 5192
7648 5238
7648 5259
7648 5299
7648 10168
7648 11817
7648 20512
7648 20778
7648 21634
7648 23906
7648 24693
7648 24721
7778 155
7778 2736
7778 4844
7778 5096
7778 5157
7778 5204
7778 5222
7778 17840
7778 20355
7778 24519
8102 19730
8132 19554
8132 21300
8132 24088
8147 2043
8147 5087
8147 5127
8147 13466
8147 15319
8147 24152
8199 896
8199 5233
8305 8995
8363 4984
8491 934
8921 1141
8921 2790
8921 17113
8939 14700
8975 3554
8975 3835
8975 21919
8984 804
8984 1405
8984 3113
8984 5203
8984 6961
8984 19730
8988 3384
8993 15450
8993 19454
8995 4406
8996 44
8996 1781
8996 2583
8996 3227
8996 4276
8996 4473
8996 5066
8996 5148
8996 5178
8996 6866
8996 8995
8996 10121
8996 10856
8996 13184
8996 13406
8996 14094
8996 14387
8996 14414
8996 19140
8996 19301
8996 24479
8996 24499
9002 10811
9002 24252
9011 390
9011 3051
9011 6880
9025 194
9025 1221
9025 2242
9025 2384
9025 2409
9025 3127
9025 3172
9025 3415
9025 3637
9025 5156
9025 5161
9025 5277
9025 20778
9025 24156
9057 172
9057 1137
9057 2384
9057 2409
9057 3172
9057 4154
9057 5142
9057 5259
9057 8321
9057 11727
9057 14387
9057 14609
9057 17675
9057 18323
9057 21192
9057 22708
9136 5086
9177 5188
9177 5233
9177 24596
9232 5120
9232 17568
9239 3227
9239 3601
9239 3946
9239 4125
9239 4563
9239 4937
9239 4954
9239 5087
9239 5107
9239 5115
9239 17475
9239 18719
9239 19901
9239 24479
9365 2540
9553 2387
9553 4473
9553 4735
9553 6345
9553 24479
9584 17349
9724 3227
9724 5107
9724 5151
9724 9239
9724 11698
9724 19730
9724 21699
9724 21954
9842 2036
9842 2609
9842 5044
9842 5249
9842 5298
9842 9776
9842 11727
9842 16608
9842 18602
9842 23906
9960 337
9969 5011
9969 15542
10121 212
10121 2215
10121 4406
10121 5231
10121 5301
10121 8993
10121 17880
10168 5029
10168 19140
10292 285
10292 2938
10292 3428
10292 4587
10292 4663
10292 5002
10292 5010
10292 5051
10292 5094
10292 8147
10292 9969
10292 14969
10292 23933
10292 24519
10558 2036
10566 1405
10566 2592
10566 4572
10566 5126
10566 5148
10566 6049
10566 7410
10566 9239
10566 13637
10566 15610
10566 20778
10566 23298
10811 20
10811 172
10811 2134
10811 2871
10811 3428
10811 5017
10811 5275
10811 5294
10811 19149
10811 19883
10856 269
10856 606
10856 2582
10856 7940
10856 9025
10856 22559
11062 1405
11062 12870
11149 1913
11157 642
11157 1215
11157 1551
11157 3172
11157 5038
11157 5188
11157 10299
11157 14969
11157 17113
11157 20778
11157 21699
11276 11577
11313 5286
11313 14387
11313 24499
11313 24710
11361 623
11361 5081
11361 6961
11361 20726
11460 4406
11460 16867
11460 17675
11460 23085
11488 4125
11488 11698
11488 20778
11503 1551
11503 4928
11522 4758
11577 5168
11577 5265
11577 13184
11577 14609
11577 19140
11577 24479
11579 2119
11579 3168
11579 5168
11579 9239
11579 19434
11579 19883
11599 3528
11599 15814
11657 3415
11657 19301
11669 17675
11684 4607
11684 4713
11684 5038
11684 7971
11684 20355
11698 4968
11700 194
11700 405
11700 2043
11700 2361
11700 3452
11700 5148
11700 5214
11700 5259
11715 337
11715 1215
11715 1405
11715 1551
11715 11522
11756 24393
11779 2467
11779 3127
11779 4735
11817 13406
11840 2655
11840 5286
11840 18056
11861 5600
11861 15450
11861 19140
11967 287
12053 5051
12067 5148
12117 287
12117 6049
12135 145
12135 441
12135 2008
12135 2443
12135 3428
12135 4242
12135 5017
12135 5070
12135 5132
12135 5174
12135 5275
12135 5290
12135 14969
12197 9239
12358 337
12358 1405
12358 2961
12375 4685
12411 5901
12432 4029
12510 24682
12588 23298
12855 14387
12870 3067
12870 4568
12870 6049
12870 6850
12870 20778
12874 9057
12874 17062
12900 5136
12900 5168
12900 6811
12900 19440
12900 22167
12964 3528
12964 18602
13003 4607
13003 5078
13003 5089
13027 642
13027 20058
13065 4844
13065 4915
13065 5126
13181 2999
13181 4125
13181 5026
13181 5299
13181 21954
13184 721
13184 3637
13184 4542
13184 5038
13184 5040
13184 5145
13184 5192
13191 4844
13196 255
13196 5158
13196 19946
13270 498
13270 4406
13270 6049
13270 11861
13336 3657
13337 18602
13370 14969
13370 17113
13370 24568
13383 671
13383 902
13383 5106
13383 5247
13383 5539
13383 9724
13383 24682
13406 642
13406 4844
13406 5096
13406 5141
13406 5157
13406 5222
13406 9842
13406 13191
13406 18698
13406 19379
13406 23407
13431 5600
13431 18602
13483 4920
13483 9776
13601 1405
13601 7410
13652 24519
13662 172
13662 5011
13662 5298
13662 17552
13662 18323
13684 5078
13684 5107
13684 8993
13684 19482
13684 20517
13786 344
13786 896
13786 1781
13786 2202
13786 2242
13786 3206
13786 4568
13786 4685
13786 4928
13786 5002
13786 5011
13786 5019
13786 5026
13786 5028
13786 5149
13786 5168
13786 5233
13786 5260
13786 7971
13786 9776
13786 11460
13786 11669
13786 13184
13786 13191
13786 14888
13786 17675
13786 19140
13786 19437
13786 20242
13786 21699
13786 23298
13796 1038
13969 231
13969 285
13969 3920
13969 4125
13969 5089
13969 5196
13969 5253
13969 6961
13969 16388
13969 20726
13969 21040
13969 22134
14010 2767
14010 5247
14010 14189
14054 24349
14094 5148
14094 14387
14172 2938
14189 13027
14189 21337
14224 2609
14224 3172
14224 3528
14224 23298
14232 13637
14355 1658
14387 5148
14387 17475
14387 22217
14387 23320
14414 2438
14414 4568
14414 4968
14414 11313
14414 16018
14471 5203
14583 18619
14595 3227
14595 4608
14805 2438
14805 13191
14806 5277
14806 19059
14835 4928
14835 18764
14835 20355
14888 14094
14888 16018
14920 726
14920 2463
14920 3295
14920 4542
14920 4870
14920 4937
14920 5126
14920 5127
14920 5175
14920 16843
14920 17338
14920 17706
14920 18602
14920 21192
14927 20726
14969 22276
14976 1462
15024 2343
15057 14587
15116 5081
15116 5206
15116 16591
15116 21225
15117 255
15117 2964
15145 23298
15181 1034
15259 608
15259 5205
15259 13969
15259 22167
15319 23956
15332 285
15332 3428
15382 714
15382 14805
15404 20355
15447 5017
15447 5034
15447 13637
15450 255
15450 5409
15483 3705
15594 4252
15594 24331
15610 3920
15610 4785
15610 6049
15617 2767
15688 1
15688 44
15688 830
15688 1822
15688 3620
15688 3765
15688 4242
15688 4862
15688 4928
15688 5201
15688 5600
15688 11669
15688 13184
15688 17675
15688 17880
15688 19059
15688 22134
15688 24682
15841 11157
15841 14969
15989 4955
16018 1137
16018 2655
16018 4406
16018 5200
16018 5265
16018 11460
16018 24088
16047 424
16047 1137
16076 503
16076 4701
16087 18602
16186 4685
16186 19882
16581 3172
16581 4870
16581 5126
16581 24613
16591 285
16608 5027
16609 6806
16613 1141
16613 5031
16613 11077
16759 6557
16843 1140
16859 5151
16859 17675
16897 13786
16897 20904
17058 804
17058 4920
17058 5135
17058 17062
17058 18719
17090 18602
17111 5030
17157 3219
17157 4920
17157 9776
17157 18431
17294 1780
17299 1013
17299 20355
17312 4712
17333 1913
17333 2008
17333 5179
17333 20355
17338 5127
17338 24519
17349 14414
17349 14835
17412 642
17472 4618
17568 17950
17576 4276
17576 5006
17675 4862
17675 5175
17675 19140
17698 20355
17706 2202
17732 3172
17815 1405
17830 255
17830 5087
17840 1430
17840 17299
17916 14806
17950 5188
18034 5224
18056 503
18056 13181
18138 5011
18138 13662
18169 285
18169 2361
18169 2655
18169 3172
18169 4968
18169 5034
18169 9002
18169 14888
18169 21192
18169 22256
18401 20
18401 24695
18426 1038
18428 18602
18438 2609
18438 14387
18574 642
18574 5124
18574 9776
18602 194
18602 3428
18602 4546
18602 4883
18602 5017
18602 5114
18602 5135
18602 5290
18602 19946
18602 20778
18602 20812
18602 22651
18602 24452
18602 24519
18619 1221
18619 2790
18619 3219
18619 4018
18619 5010
18619 5034
18619 5151
18619 5224
18619 5291
18619 6937
18619 8975
18619 11698
18619 13184
18619 17090
18619 20774
18619 22276
18689 255
18689 642
18689 5034
18689 5120
18689 5241
18689 5296
18689 19149
18689 24018
18771 15231
18822 830
18869 20778
18917 11698
18919 1846
18940 337
19059 1939
19059 4046
19059 4406
19059 5011
19059 5190
19059 5265
19059 16018
19059 17300
19059 17349
19059 19901
19059 19946
19059 22708
19087 2202
19087 5181
19087 14387
19087 17729
19090 19802
19140 18056
19149 285
19149 1462
19149 13489
19149 21699
19165 24721
19301 21225
19355 642
19379 2036
19379 4121
19421 11698
19421 24498
19438 2540
19438 4242
19438 4735
19438 5205
19438 18088
19438 18602
19438 19901
19438 23254
19454 1462
19454 1551
19454 2507
19454 5151
19469 19730
19480 11313
19482 13969
19554 2036
19554 2050
19554 4458
19554 5118
19554 5126
19683 19730
19685 5055
19730 1137
19730 2438
19730 3172
19730 4274
19730 5066
19730 5224
19730 19140
19730 24479
19730 24584
19802 21634
19870 1141
19870 3824
19870 4242
19870 4884
19870 5086
19870 5101
19870 5175
19870 13786
19871 19985
19878 5069
19901 865
19901 1665
19901 2243
19901 2992
19901 4735
19901 5113
19901 5126
19901 5168
19901 5186
19901 5243
19901 5288
19901 13637
19901 15332
19901 16076
19915 2202
19961 3803
19985 22209
20058 3415
20058 4889
20058 5034
20058 24442
20242 524
20242 556
20242 2413
20242 2467
20242 2655
20242 4125
20242 4237
20242 4406
20242 5039
20242 16018
20242 19140
20276 16067
20285 4928
20285 10121
20285 20355
20292 2695
20355 269
20355 2143
20355 3206
20355 5096
20355 5252
20355 9842
20355 13099
20355 17062
20355 18449
20355 20889
20355 22708
20355 23254
20355 24393
20355 24596
20512 4125
20512 8996
20512 24721
20517 498
20517 4319
20517 11460
20517 13181
20705 11657
20812 3574
20812 11727
20812 20778
20817 1430
20817 3113
20817 4282
20817 5055
20817 5086
20817 5124
20817 5186
20883 642
20883 5120
20883 18602
20897 3838
20904 3554
20904 5148
20904 5214
20904 10791
20904 13184
20904 22708
21058 1913
21058 17706
21079 312
21079 1676
21079 5224
21079 5230
21079 14295
21192 117
21192 2609
21192 20778
21194 7410
21213 2384
21227 18650
21233 13552
21240 1264
21240 11077
21300 4332
21300 24438
21394 4950
21402 2573
21434 271
21434 424
21699 866
21699 896
21699 917
21699 934
21699 1137
21699 1374
21699 1551
21699 1781
21699 1913
21699 2242
21699 2384
21699 2871
21699 3051
21699 3206
21699 3528
21699 4029
21699 4332
21699 4473
21699 4715
21699 4844
21699 4968
21699 5055
21699 5076
21699 5085
21699 5096
21699 5127
21699 5148
21699 5152
21699 5175
21699 5185
21699 5233
21699 5259
21699 5275
21699 7923
21699 11577
21699 12067
21699 14094
21699 14835
21699 14888
21699 15450
21699 18169
21699 18719
21699 20778
21699 20904
21699 21899
21699 22276
21699 23219
21699 23407
21739 24405
21786 287
21786 5125
21786 23472
21786 24672
21800 4276
21800 11967
21800 24499
21823 17113
21899 255
21899 2629
21919 2361
21919 21786
21926 14387
21926 19059
21954 1137
21954 3172
21954 4735
21954 7648
21954 21699
21954 23085
21954 24088
21954 24596
22092 5109
22092 5236
22134 1822
22134 5045
22134 5230
22134 7410
22134 11503
22208 11698
22209 642
22209 2304
22209 3295
22209 4542
22209 4685
22209 4870
22209 5180
22209 10811
22209 18034
22209 21300
22209 22651
22209 24438
22265 4563
22276 596
22276 5010
22276 10299
22276 24226
22341 2384
22341 4126
22341 4568
22341 10791
22341 19140
22513 830
22513 5029
22598 503
22598 5011
22708 4844
22708 18602
22730 2497
22730 5213
22807 642
22807 5010
22807 5034
22807 18602
22882 405
22882 2115
22882 4807
22882 5260
22882 13500
22882 16847
22882 19698
23039 24156
23085 5136
23130 231
23130 4334
23130 5205
23130 8147
23130 13466
23226 2202
23226 4920
23226 13905
23226 17706
23348 115
23348 4685
23348 5044
23348 5275
23348 7923
23348 8975
23348 24519
23407 5148
23535 344
23535 5214
23535 11700
23535 19946
23535 21300
23744 4125
23906 2036
23921 5294
23927 4276
23927 4736
23933 3431
23943 24132
23946 24682
23996 6991
24033 287
24033 5044
24033 5148
24033 7405
24033 8091
24033 14224
24033 18602
24033 20355
24033 21192
24033 24156
24033 24494
24037 6177
24037 20285
24088 1137
24088 2655
24088 4125
24088 4568
24088 4968
24088 5154
24088 5259
24088 6006
24088 11313
24088 11861
24088 13191
24088 19140
24127 19149
24127 24519
24133 194
24133 285
24133 2202
24152 1789
24167 1551
24167 9239
24191 4542
24224 5077
24224 5121
24226 5017
24226 5030
24226 5038
24226 5151
24226 5180
24226 5291
24226 17111
24250 16
24250 642
24250 5044
24252 212
24252 255
24252 337
24252 503
24252 1551
24252 2050
24252 2384
24252 4406
24252 4928
24252 5051
24252 5901
24252 8363
24252 14387
24252 16047
24252 17062
24252 20242
24281 17066
24381 11313
24383 642
24383 2343
24393 212
24393 2036
24393 11460
24393 18169
24393 23298
24399 24519
24404 9002
24404 24033
24405 14583
24409 10299
24409 18650
24442 5034
24442 13003
24451 1038
24452 642
24452 5014
24452 5127
24460 644
24460 1038
24460 4928
24463 5143
24469 6557
24469 11817
24474 726
24474 4928
24474 17066
24479 4125
24502 1089
24502 9239
24518 5021
24519 19881
24526 385
24526 7648
24526 15450
24526 18619
24526 19901
24531 24601
24555 14189
24568 5034
24601 5211
24601 18771
24637 12874
24640 11698
24676 16856
24676 19454
24682 4183
24682 4889
24682 5006
24682 5078
24682 5247
24682 14595
24682 20058
24682 21927
24695 3637
24695 5030
24695 5040
24707 5300
24710 5029
24710 12067
24710 13191
24710 15450
24721 13726
24737 2384
