24740 8838
0 642
0 5570
21 866
21 10090
21 15282
44 49
44 602
44 764
44 1532
44 1842
44 2882
44 2984
44 3172
44 3227
44 4308
44 4408
44 4638
44 5031
44 5037
44 5373
44 5484
44 5600
44 8996
44 13383
44 16591
44 16900
44 21914
44 22134
44 22373
44 24722
49 1264
49 4638
49 21800
97 130
97 8996
97 17276
99 2036
99 5510
115 412
115 1221
115 1530
115 1632
115 2384
115 4308
115 4482
115 4672
115 4756
115 4860
115 5299
115 5332
115 5497
115 5603
115 6049
115 12090
115 18291
115 24710
117 5406
121 596
125 20673
130 5198
130 5599
130 16018
155 2615
194 5348
194 5384
194 6660
205 15447
212 567
212 18034
213 524
213 2194
213 3476
213 3551
213 5327
213 5345
213 5356
213 14835
213 17768
213 20512
231 642
231 764
231 1846
231 2143
231 2997
231 3172
231 4926
231 12823
231 14029
231 15610
252 1913
252 5502
252 5532
252 12316
252 14920
252 18602
255 213
255 361
255 642
255 1013
255 1018
255 1105
255 1658
255 1901
255 2467
255 3055
255 3337
255 3551
255 4685
255 4737
255 4782
255 5354
255 5387
255 5462
255 5479
255 5513
255 5517
255 5559
255 5855
255 6880
255 7648
255 8107
255 8353
255 8984
255 8995
255 9724
255 11698
255 12432
255 12473
255 12646
255 12834
255 13181
255 13969
255 14927
255 15193
255 17097
255 18764
255 19105
255 19554
255 20726
255 21954
255 24065
255 24408
260 5506
260 18602
271 310
271 8353
271 21394
285 1020
285 5196
285 5257
285 5503
285 8939
285 14379
287 5487
312 3227
320 20446
335 16076
344 130
344 8321
344 9025
344 23039
348 4441
348 5448
348 18202
348 23219
349 3963
386 5321
401 8353
408 21878
412 1530
412 5276
412 5577
412 5616
451 5592
462 20146
471 9331
482 4411
482 16775
491 3336
498 4735
498 7648
524 1137
525 4879
540 24156
545 9365
557 213
557 14888
574 4312
579 9057
596 14
596 3528
596 4106
596 4146
596 4371
596 4407
596 5328
596 5335
596 5340
596 5392
596 5480
596 5576
596 7923
596 8939
596 11929
596 18293
596 21240
596 21702
596 23956
596 24333
601 4920
601 14805
601 24409
607 14189
622 441
623 968
623 5031
623 5513
623 11929
638 1403
640 4638
640 16047
642 212
642 726
642 968
642 1846
642 1901
642 1951
642 3358
642 3714
642 4393
642 4441
642 4782
642 4785
642 5127
642 5285
642 5289
642 5325
642 5404
642 5406
642 5417
642 5423
642 5431
642 5454
642 5461
642 5490
642 5506
642 5529
642 5569
642 5617
642 6437
642 8921
642 9275
642 10253
642 11152
642 12090
642 13337
642 17050
642 17768
642 18602
642 19876
642 23219
642 24150
642 24226
642 24520
644 4920
726 14
726 601
726 866
726 1609
726 2375
726 2812
726 4685
726 5285
726 5360
726 5402
726 5412
726 7648
726 16345
726 18034
726 23348
737 5524
740 5480
764 14806
776 946
776 4308
776 17276
776 24088
776 24409
830 31
830 833
830 1137
830 2655
830 5486
830 5510
830 5513
830 5570
830 5600
830 9516
830 16946
833 12870
833 18169
847 8921
887 23956
890 5518
895 16900
906 2361
906 4913
906 5406
906 14583
926 9776
929 130
929 4411
929 4934
929 5192
929 5274
929 5520
929 5585
929 9893
929 13184
934 6811
934 8996
935 4952
935 5546
946 4928
946 5433
946 5504
946 6049
946 9551
949 5468
949 10408
968 1850
968 2361
968 5067
968 5114
988 3528
993 13181
993 19915
1013 726
1013 2413
1013 2592
1013 2997
1013 4370
1013 5203
1013 5285
1013 5433
1013 5513
1013 6961
1013 21876
1013 23946
1018 776
1018 3227
1018 3538
1018 14386
1022 8984
1037 23927
1045 2194
1045 9025
1045 23472
1053 2236
1097 5447
1097 19901
1105 213
1105 231
1105 260
1105 1532
1105 1676
1105 1989
1105 2239
1105 2570
1105 3072
1105 3947
1105 4242
1105 4308
1105 5127
1105 5376
1105 5462
1105 5487
1105 5504
1105 5537
1105 5563
1105 5598
1105 9025
1105 10811
1105 11313
1105 11725
1105 12894
1105 14888
1105 15097
1105 15450
1105 16047
1105 16900
1105 17349
1105 17880
1105 18426
1105 18602
1105 19876
1105 22217
1105 24333
1105 24349
1109 172
1109 10183
1110 3476
1110 5371
1137 2655
1137 3072
1137 3925
1137 4242
1137 5311
1137 5505
1137 5567
1137 5600
1137 9365
1137 9516
1137 16892
1137 20512
1140 1639
1140 2685
1140 5002
1140 5257
1141 7648
1158 255
1158 4926
1158 5517
1158 11929
1158 18034
1158 18689
1173 24721
1188 16600
1215 993
1215 3372
1215 13969
1220 11657
1221 4482
1221 5321
1221 17768
1221 18689
1221 24088
1234 19454
1244 5372
1244 18416
1244 18602
1248 4439
1260 8199
1281 2194
1281 14386
1312 260
1312 4255
1312 9239
1312 22048
1312 24409
1313 4242
1313 11698
1313 11929
1313 13027
1313 22742
1316 22513
1316 24710
1317 2633
1318 2491
1318 12053
1346 830
1346 2024
1346 2655
1346 3925
1346 13786
1346 19730
1384 5538
1384 9030
1393 20883
1393 23407
1399 16163
1403 2633
1403 4898
1403 5127
1403 5164
1403 21786
1422 9851
1430 503
1430 1913
1430 2307
1430 2629
1430 4685
1430 4870
1430 4920
1430 5447
1430 5478
1430 5481
1430 5490
1430 5566
1430 5611
1430 8921
1430 22651
1462 5203
1495 5412
1495 20512
1520 5378
1520 17736
1532 24133
1547 213
1547 5587
1569 5417
1569 24320
1609 3091
1609 3804
1609 10090
1609 24448
1616 252
1616 1913
1632 412
1632 1141
1632 5304
1632 5322
1632 5337
1632 5378
1658 623
1658 2583
1658 5304
1658 5356
1658 14927
1658 16047
1665 8996
1692 255
1692 5479
1740 49
1740 1105
1740 1989
1740 2882
1740 4242
1740 4308
1740 5262
1740 5373
1740 10259
1740 15237
1740 16047
1740 23927
1741 1202
1741 2388
1741 2580
1741 5122
1741 5409
1780 2438
1780 2624
1780 5341
1780 17297
1796 12432
1827 2467
1842 21240
1846 601
1846 623
1846 1312
1846 1780
1846 2438
1846 3192
1846 4237
1846 5372
1846 5417
1846 5542
1846 5581
1846 5613
1846 6437
1846 8984
1846 8995
1846 11698
1846 13099
1846 17092
1846 18602
1846 21702
1846 22424
1846 24276
1846 24320
1846 24442
1851 7778
1851 8289
1862 12190
1887 13786
1889 24445
1899 20285
1901 4638
1901 5535
1901 16998
1913 5304
1913 5311
1913 5507
1913 9239
1913 11929
1913 18602
1951 408
1951 866
1951 1018
1951 2375
1951 2831
1951 4370
1951 4913
1951 5171
1951 5335
1951 5337
1951 5407
1951 5445
1951 21786
1951 24183
1951 24226
1951 24250
1989 4242
1989 9030
1991 255
1999 1901
2020 155
2036 5498
2036 11577
2036 18602
2036 19087
2036 19379
2036 19901
2036 20355
2053 4308
2053 5304
2053 9275
2053 14029
2053 23348
2069 3227
2134 1454
2134 1493
2134 1846
2134 2388
2134 3218
2134 4237
2134 5384
2134 5411
2134 5444
2134 9030
2134 15450
2134 16076
2134 21927
2134 24033
2134 24354
2143 1493
2194 260
2194 503
2194 726
2194 830
2194 1013
2194 1105
2194 1137
2194 1140
2194 2361
2194 2592
2194 3172
2194 4491
2194 4638
2194 4672
2194 4731
2194 4950
2194 5031
2194 5127
2194 5325
2194 5388
2194 5409
2194 5411
2194 5444
2194 5451
2194 5468
2194 5479
2194 5538
2194 5598
2194 5626
2194 8984
2194 9239
2194 10408
2194 18574
2194 20512
2194 24308
2197 776
2197 12117
2202 5043
2236 4638
2239 130
2239 1901
2239 3172
2239 5598
2239 11840
2239 16047
2242 20512
2304 1913
2304 12358
2307 4671
2307 4920
2307 5413
2307 5437
2307 5482
2307 5628
2307 18602
2307 22265
2307 24226
2343 18619
2361 3055
2361 4237
2361 5261
2361 5372
2361 5491
2361 5550
2361 5617
2361 8921
2361 9025
2361 14583
2361 16076
2361 18602
2361 22592
2361 22708
2361 24246
2361 24520
2375 19901
2384 213
2384 3302
2384 4242
2384 5486
2384 11313
2384 16268
2384 18291
2384 24710
2387 471
2387 4265
2387 5326
2388 3337
2388 5311
2388 19105
2392 596
2392 1221
2392 1383
2392 4242
2392 4638
2392 10121
2392 17801
2409 4920
2411 21300
2413 231
2413 764
2413 2036
2413 2375
2413 2387
2413 3072
2413 3716
2413 4113
2413 4370
2413 4756
2413 4782
2413 5127
2413 5436
2413 5518
2413 5569
2413 13099
2413 13141
2413 14387
2413 16076
2413 17801
2413 18602
2413 21875
2417 1846
2421 5304
2455 3392
2455 18438
2462 5302
2487 623
2487 5325
2487 5403
2487 5433
2487 5613
2487 9239
2487 11819
2487 13099
2487 16186
2491 1934
2491 3227
2491 15116
2497 833
2497 1221
2497 3083
2497 4785
2497 5145
2497 5171
2497 5325
2497 5397
2497 5409
2497 5469
2497 5569
2497 5570
2497 16892
2497 18602
2497 19469
2497 24320
2499 4265
2508 4928
2583 5600
2591 5504
2592 260
2592 412
2592 642
2592 726
2592 1410
2592 1951
2592 2152
2592 2629
2592 2633
2592 3015
2592 3152
2592 3372
2592 4242
2592 4498
2592 4870
2592 5203
2592 5232
2592 5256
2592 5257
2592 5389
2592 5413
2592 5466
2592 5467
2592 5484
2592 5524
2592 5568
2592 5598
2592 5975
2592 6528
2592 8127
2592 8921
2592 9275
2592 10811
2592 11579
2592 13184
2592 14045
2592 15935
2592 18602
2592 19149
2592 21876
2592 21954
2592 22265
2592 22276
2592 23219
2592 24409
2593 5219
2622 5127
2622 5329
2622 11579
2622 19881
2629 503
2629 929
2629 1097
2629 1951
2629 2036
2629 2736
2629 3015
2629 4870
2629 4934
2629 5455
2629 5523
2629 8450
2629 11700
2629 15360
2629 24250
2633 5127
2633 5527
2633 6437
2633 13337
2633 24252
2633 24524
2654 3476
2655 130
2831 4685
2831 24226
2872 11700
2872 18689
2880 10090
2961 18602
2984 4242
2984 24167
2992 4242
2997 2413
2997 5336
2997 5343
2997 16076
2997 16345
2997 18426
2997 18764
2997 19886
2998 1105
2998 1137
2998 9516
2998 18426
2998 20512
2998 21800
3023 5628
3049 1780
3049 4237
3049 5501
3049 14379
3049 24520
3055 4237
3055 4782
3055 5009
3055 5296
3055 9516
3055 16186
3055 18689
3060 2831
3091 255
3113 130
3113 2307
3113 3168
3113 5482
3113 5507
3113 5588
3113 8921
3113 9842
3113 10253
3113 18602
3113 21786
3113 24226
3162 11157
3168 11579
3172 503
3172 623
3172 642
3172 1403
3172 2392
3172 3716
3172 3947
3172 4735
3172 4952
3172 5127
3172 5274
3172 5311
3172 5321
3172 5372
3172 5487
3172 5496
3172 5503
3172 5510
3172 5522
3172 5569
3172 5598
3172 8996
3172 9025
3172 9275
3172 13099
3172 13118
3172 13184
3172 13379
3172 14094
3172 17768
3172 17801
3172 18034
3172 20355
3172 20512
3172 23711
3192 130
3192 3145
3192 3571
3192 3626
3192 4280
3192 4340
3192 4406
3192 4870
3192 5096
3192 5331
3192 5372
3192 5429
3192 5503
3192 7661
3192 8321
3192 9842
3192 10811
3192 11926
3192 15229
3192 24226
3203 2997
3203 4455
3203 4638
3203 9025
3218 5338
3227 4408
3227 5332
3227 5413
3227 5543
3227 5600
3227 14595
3227 16591
3227 16946
3227 24033
3250 5192
3272 5355
3276 16067
3302 20108
3302 23535
3330 11313
3337 11405
3358 5127
3358 23226
3425 5325
3425 5570
3425 5613
3425 11899
3431 5452
3523 24408
3528 3679
3528 17801
3538 5586
3538 9239
3555 49
3579 5510
3591 12720
3591 24519
3609 5598
3609 9239
3620 18034
3705 17768
3709 2615
3709 5335
3709 19876
3709 23943
3735 23226
3745 12135
3757 3211
3757 5405
3757 5448
3824 5367
3825 9619
3827 5311
3835 4160
3843 44
3843 2508
3843 2882
3843 6049
3843 6285
3843 10259
3843 11077
3843 19946
3843 24722
3920 1632
3920 13969
3925 19730
3928 2413
3946 596
3947 16608
3947 24390
3948 1403
3948 2416
3981 2202
3986 5543
3986 5550
3986 24707
3993 5014
4004 3219
4004 18619
4046 14094
4106 18602
4106 24250
4113 4926
4121 5329
4121 12572
4121 13099
4121 19881
4125 255
4125 4455
4125 4458
4125 5484
4125 5558
4125 22559
4126 14387
4126 17297
4150 5311
4150 23348
4173 5145
4183 18689
4183 24033
4223 1037
4223 4952
4223 5321
4223 5343
4223 18764
4237 465
4237 642
4237 4242
4237 4491
4237 5296
4237 5384
4237 5406
4237 5429
4237 10121
4237 11779
4237 14267
4237 18602
4237 21702
4237 22744
4237 24150
4237 24451
4237 24710
4242 44
4242 287
4242 408
4242 1312
4242 2361
4242 2611
4242 4370
4242 4399
4242 4665
4242 5037
4242 5127
4242 5326
4242 5434
4242 5448
4242 5467
4242 5523
4242 5570
4242 5576
4242 9275
4242 10844
4242 11698
4242 14920
4242 15097
4242 16591
4242 18034
4242 18169
4242 19454
4242 22373
4242 22708
4242 22990
4242 23946
4255 6874
4255 9842
4280 11577
4280 12135
4280 14583
4282 1097
4282 5585
4308 8996
4308 11751
4308 15277
4330 19871
4343 5311
4406 5331
4406 8995
4406 22341
4407 5385
4419 18602
4439 18034
4440 4685
4440 4950
4440 5354
4440 5405
4440 18602
4440 21306
4440 21394
4449 2592
4449 5203
4449 5257
4449 5482
4449 5499
4449 8939
4449 8984
4449 10811
4449 11579
4450 17092
4459 5439
4459 21954
4539 14029
4546 10811
4546 15447
4568 19730
4578 10408
4607 5287
4638 3372
4665 2611
4665 8984
4685 642
4685 2615
4685 4638
4685 5462
4685 5502
4685 5566
4685 11756
4685 18440
4685 20878
4685 23348
4685 24033
4700 14379
4711 13726
4712 2611
4731 9030
4731 19730
4735 17736
4737 2592
4737 3113
4737 14927
4737 24308
4737 24599
4743 22990
4802 24180
4860 11704
4870 1312
4870 5311
4870 12874
4870 23219
4870 23348
4879 1105
4879 3372
4879 14189
4913 5498
4920 780
4920 2036
4920 2592
4920 2736
4920 4439
4920 4545
4920 5191
4920 5339
4920 5359
4920 5399
4920 5478
4920 5480
4920 5523
4920 5585
4920 5606
4920 8921
4920 11700
4920 19901
4920 20817
4920 21899
4926 3172
4926 5402
4926 5460
4926 13406
4926 14920
4926 18619
4926 23711
4928 6557
4928 9851
4950 4685
4950 5311
4950 5411
4952 2876
4952 5496
4952 15282
4952 21394
4960 5554
4984 5311
5006 24682
5052 3172
5052 4735
5054 16892
5079 11819
5122 5203
5127 0
5127 140
5127 1030
5127 5079
5127 5311
5127 5527
5127 7648
5127 8329
5127 23254
5127 24226
5146 21876
5149 14387
5152 130
5152 830
5152 2384
5152 2467
5152 3302
5152 3925
5152 4340
5152 4457
5152 5127
5152 5409
5152 5510
5152 5603
5152 7487
5152 7661
5152 11276
5152 11577
5152 12539
5152 13343
5152 14914
5152 15097
5152 15317
5152 16018
5152 19140
5152 20492
5152 20512
5152 20917
5152 21954
5152 22341
5152 23500
5152 24142
5152 24312
5178 2629
5178 2736
5178 5540
5178 11700
5178 18034
5192 13388
5196 2997
5196 6049
5196 8984
5196 16076
5203 3130
5203 10811
5219 5261
5225 5037
5225 7648
5235 3804
5257 13141
5261 5132
5261 5337
5261 5448
5261 18602
5261 18885
5269 13388
5274 5481
5274 13662
5274 13726
5274 14379
5284 2491
5285 21876
5285 21878
5294 11779
5296 21702
5299 21240
5304 601
5304 1850
5304 2939
5304 5334
5304 5352
5304 5396
5304 11929
5304 14583
5304 23348
5307 4882
5309 2467
5310 4340
5310 5359
5310 5449
5310 14920
5310 16345
5311 642
5311 726
5311 1401
5311 2134
5311 2596
5311 3679
5311 3714
5311 4183
5311 4242
5311 4440
5311 4685
5311 4902
5311 5149
5311 5151
5311 5225
5311 5285
5311 5397
5311 5409
5311 5469
5311 5482
5311 6811
5311 12560
5311 18402
5311 18602
5311 19915
5311 20881
5311 21394
5311 21786
5311 21878
5311 21927
5311 24276
5311 24320
5311 24722
5315 5811
5316 24033
5317 21875
5318 1030
5321 1998
5321 13535
5321 16388
5324 601
5324 4598
5324 5513
5324 22990
5325 5563
5325 11899
5325 15097
5325 18602
5329 2984
5329 4308
5329 4399
5329 4408
5329 6285
5329 21337
5329 23927
5330 12898
5337 13141
5338 15187
5339 9776
5342 3679
5349 1202
5354 601
5355 14556
5358 8820
5361 601
5365 1913
5368 23711
5370 18416
5371 7410
5371 19438
5371 19901
5373 4638
5374 7296
5376 8876
5379 14171
5381 24710
5388 13203
5391 5475
5398 7648
5398 18619
5398 24675
5401 5006
5408 19448
5409 15097
5409 24246
5409 24710
5411 5559
5411 6811
5411 7554
5419 18619
5419 19730
5420 7648
5423 18602
5424 23927
5426 21240
5433 8984
5437 11929
5439 12646
5440 12720
5441 4308
5443 9025
5443 12572
5448 5482
5449 31
5449 4439
5449 5480
5449 5540
5449 9842
5453 8995
5454 21240
5457 5455
5459 2045
5459 5416
5465 3551
5473 5192
5474 11929
5475 5416
5475 5450
5475 10090
5476 3792
5477 16226
5483 269
5484 5232
5485 5481
5490 5532
5492 5580
5495 24445
5499 5575
5504 3164
5505 12190
5506 5975
5506 15935
5509 8921
5509 9239
5510 18169
5511 22341
5512 5480
5514 5481
5518 3123
5518 8049
5518 12870
5518 13383
5518 14387
5518 19454
5519 24405
5521 24226
5523 11184
5527 24226
5531 18602
5537 20517
5540 14920
5542 18689
5545 8996
5547 5542
5548 2633
5552 130
5556 5535
5557 8995
5559 23927
5559 24460
5560 5506
5562 5407
5564 5563
5568 9136
5573 11599
5578 13027
5586 18602
5588 5595
5593 804
5596 6874
5596 16880
5598 14386
5598 17050
5603 9025
5604 9239
5605 24404
5610 14583
5615 5631
5615 22708
5616 5577
5621 2137
5622 4146
5626 5623
5630 5628
5645 7291
5645 8996
5811 3550
5811 4607
5811 5054
5855 5425
5855 20512
6006 14805
6049 5600
6049 6811
6049 9239
6049 15688
6095 5535
6437 13337
6528 18426
6557 5559
6557 8984
6557 17880
6660 4125
6811 602
6811 2361
6811 3212
6811 24730
6845 1639
6874 5413
6874 7648
6880 13181
6880 18436
6937 5354
6961 3864
6961 5285
6961 5325
6961 5391
6961 6874
6961 23348
7410 231
7410 8540
7499 5482
7499 9239
7499 10121
7499 11313
7499 17050
7648 115
7648 496
7648 804
7648 1173
7648 1658
7648 1901
7648 1951
7648 3538
7648 4242
7648 4672
7648 4735
7648 5299
7648 5407
7648 5425
7648 5558
7648 5607
7648 12432
7648 14927
7648 16591
7648 18291
7648 18440
7648 18885
7648 19881
7648 23348
7648 24250
7648 24599
7778 4926
7778 5498
7778 5608
7778 13184
7778 18034
7778 18602
7778 18619
7785 13969
7828 15193
7923 23348
8102 576
8102 8353
8127 18449
8199 1609
8199 3804
8199 10090
8353 8984
8540 11579
8921 1312
8921 2239
8921 5551
8921 5588
8921 6278
8921 18885
8984 1405
8984 3476
8984 4009
8984 5257
8984 8540
8984 10566
8984 13118
8984 14806
8984 17880
8984 24737
8988 5409
8993 1296
8993 8996
8993 21913
8995 5331
8995 5372
8995 5479
8995 11698
8995 14211
8995 22341
8995 24704
8996 503
8996 764
8996 2194
8996 2882
8996 4411
8996 4439
8996 5165
8996 5299
8996 5471
8996 5487
8996 5598
8996 9025
8996 11313
8996 13270
8996 14888
8996 15277
8996 16018
8996 16282
8996 19059
8996 21240
8996 21337
8996 22341
8996 23535
9011 285
9011 1469
9011 2388
9011 5196
9011 5487
9011 5496
9011 6880
9011 13072
9025 31
9025 601
9025 3947
9025 5257
9025 5480
9025 5502
9025 9275
9025 13141
9025 13845
9025 15097
9025 16345
9025 16998
9025 18602
9025 18885
9025 23946
9030 2045
9030 3049
9030 3714
9030 11599
9030 19730
9057 3153
9057 8996
9057 21954
9177 4594
9177 4785
9239 726
9239 2592
9239 4735
9239 5285
9239 5583
9239 11408
9239 11698
9239 12949
9239 21878
9239 23348
9275 4665
9275 7648
9275 15447
9275 18602
9275 18764
9331 4160
9511 16163
9516 16186
9516 18602
9516 24088
9553 2194
9553 18034
9553 19087
9584 10662
9682 2462
9682 3227
9682 21702
9724 7648
9812 5600
9823 4482
9842 31
9842 601
9842 2467
9842 24226
10121 3072
10121 5257
10121 11698
10121 15097
10183 172
10253 5496
10253 18602
10253 23254
10307 8921
10308 5455
10566 1020
10566 3988
10566 5321
10566 8996
10566 19443
10811 642
10811 1410
10811 1850
10811 2759
10811 4920
10811 5325
10811 5343
10811 5378
10811 5466
10811 5565
10811 5597
10811 5620
10811 8939
10811 8984
10811 11045
10811 13141
10811 13337
10811 14500
10811 18602
10811 22592
10811 24252
10856 3947
10856 5429
10856 16186
10882 16018
10882 23711
11045 574
11045 22592
11062 5529
11076 13072
11157 115
11157 194
11157 503
11157 1312
11157 2307
11157 3113
11157 3172
11157 4860
11157 5188
11157 5257
11157 5551
11157 5570
11157 5598
11157 8939
11157 9842
11157 10811
11157 15097
11157 18428
11157 18602
11157 21786
11313 9516
11361 4870
11460 12646
11460 13786
11488 1913
11488 8996
11488 13027
11488 18602
11577 830
11577 3302
11577 5321
11577 17880
11577 23535
11579 1410
11579 5203
11579 5257
11579 5433
11579 5466
11579 8984
11657 49
11657 3227
11657 4308
11657 5299
11657 5332
11657 9026
11657 15406
11657 16946
11657 23927
11684 3192
11684 5410
11684 9030
11684 21702
11684 22424
11698 5325
11698 15097
11698 17050
11698 17071
11698 18034
11700 804
11700 5274
11700 5606
11700 13406
11700 19901
11700 20893
11715 3172
11718 5037
11725 1658
11725 16047
11727 5263
11727 11599
11727 21337
11756 8540
11756 17736
11779 14
11779 31
11779 252
11779 1410
11779 1901
11779 1913
11779 2036
11779 2307
11779 2633
11779 2961
11779 3172
11779 3538
11779 3947
11779 4371
11779 4671
11779 5274
11779 5343
11779 5431
11779 5506
11779 5551
11779 5588
11779 5597
11779 6874
11779 8996
11779 11157
11779 13383
11779 14976
11779 16880
11779 18602
11779 23348
11779 24150
11779 24250
11779 24695
11782 12646
11817 4411
11817 12473
11819 1383
11819 3172
11819 12117
11819 13099
11819 17736
11840 833
11840 12298
11840 13191
11861 3302
11861 4242
11861 12870
11899 2497
12012 24286
12053 5203
12053 5503
12053 8127
12053 18449
12106 5404
12117 5079
12117 18034
12123 155
12123 5407
12135 255
12135 2611
12135 5311
12135 5317
12135 5327
12135 5340
12135 5360
12135 5506
12135 5549
12135 5605
12135 5616
12135 9511
12135 19149
12190 3716
12190 16847
12190 19379
12198 5035
12234 704
12298 833
12316 13370
12358 16900
12375 4154
12375 5299
12432 3363
12432 5425
12432 17675
12539 5356
12539 16900
12720 4920
12774 24442
12834 24167
12870 1221
12870 4242
12870 4785
12870 5054
12870 5321
12870 9516
12870 11313
12870 17768
12874 3250
12874 5192
12874 18169
12874 21848
12900 2997
12900 5436
12900 11698
12900 21927
12964 5460
12964 13786
12964 16186
12964 20812
12977 1639
13027 2516
13027 17475
13027 20812
13027 24276
13099 5467
13099 24710
13118 14806
13118 18138
13118 18396
13141 13337
13155 3219
13155 13358
13181 1399
13181 5535
13181 13845
13184 1158
13184 2876
13184 9275
13184 18169
13184 19149
13196 1676
13196 3864
13196 4638
13196 5037
13196 5454
13196 5571
13214 10811
13270 2384
13270 4439
13270 4440
13270 5481
13270 5505
13270 5555
13270 5598
13270 5607
13270 16345
13270 21394
13270 21954
13270 24710
13337 2592
13337 18602
13337 20512
13343 5311
13343 5345
13343 16018
13370 1850
13370 10253
13370 21786
13379 5569
13379 9549
13379 12117
13383 4125
13383 9239
13383 14806
13406 155
13406 2615
13406 5367
13406 5398
13406 5608
13406 7778
13406 12190
13406 13118
13406 18034
13406 23711
13431 24349
13455 20817
13483 130
13489 18602
13662 5481
13673 496
13684 1105
13684 2202
13684 15237
13684 17880
13684 22134
13717 1137
13717 17097
13786 130
13786 3302
13786 4408
13786 4411
13786 5257
13786 5274
13786 5328
13786 5337
13786 5422
13786 5550
13786 5584
13786 16018
13786 22341
13810 5345
13969 623
13969 934
13969 993
13969 1658
13969 2984
13969 3212
13969 4125
13969 5607
13969 5623
13969 6811
13969 11100
13969 17097
13969 18436
14010 2343
14054 20761
14094 5192
14094 5451
14094 10882
14094 16018
14142 19469
14195 2413
14195 3948
14211 13191
14224 1901
14224 5426
14224 11698
14224 16998
14232 496
14232 2611
14232 5127
14232 5455
14232 8921
14232 17830
14355 5420
14355 5433
14387 540
14387 3947
14387 9113
14387 18602
14387 19149
14401 19554
14414 16018
14471 5448
14500 1913
14500 5348
14500 14976
14500 15447
14500 24226
14583 18293
14713 5510
14805 130
14805 213
14805 5356
14805 13786
14806 4160
14806 13673
14888 22341
14920 212
14920 255
14920 4004
14920 5285
14920 5311
14920 5359
14920 5404
14920 5480
14920 11700
14920 12646
14920 13406
14920 16345
14920 18034
14927 3372
14969 2633
14969 5285
14969 8921
14969 21786
14969 21876
14976 3192
14976 5597
15057 1053
15116 3227
15116 5299
15116 16946
15145 8996
15277 4242
15277 5633
15277 16047
15277 24288
15282 5480
15282 5546
15282 16076
15309 18169
15309 18602
15332 5304
15332 21954
15382 2510
15404 16345
15447 348
15447 1913
15447 5311
15447 10856
15447 11929
15447 19149
15450 1639
15450 8996
15450 21394
15688 5215
15688 5362
15688 5471
15688 10090
15688 16226
15688 16892
15714 5420
15814 2519
15841 5164
15935 337
16018 4920
16018 5265
16018 5451
16018 5552
16018 14888
16018 17349
16018 18169
16018 19059
16018 19901
16067 24320
16076 2939
16076 5338
16076 23039
16163 496
16163 503
16163 3936
16163 4607
16163 4671
16163 5445
16163 5507
16163 5549
16163 5550
16163 5560
16163 5604
16186 1221
16186 24276
16323 7291
16345 20883
16388 776
16577 12900
16581 348
16581 4671
16581 4950
16581 5203
16581 5319
16581 5549
16581 10253
16591 10307
16591 16900
16591 24167
16613 5031
16613 5203
16613 5373
16613 15935
16759 4920
16781 5354
16843 1230
16859 22134
16897 8353
17058 642
17058 1913
17058 4271
17058 5582
17058 9239
17058 18602
17058 21786
17058 24150
17097 13003
17097 19105
17157 780
17157 19901
17180 21927
17290 5544
17290 16946
17291 16591
17299 3152
17299 5433
17299 16900
17299 19730
17300 14888
17305 23348
17338 1951
17338 3988
17338 16047
17349 1887
17475 21
17576 24682
17675 13099
17675 14888
17675 18602
17706 3015
17736 5572
17742 4899
17830 255
17830 623
17830 5425
17830 13969
17830 17097
17950 5565
18034 130
18034 2045
18034 3528
18034 5337
18034 5480
18034 5513
18034 9842
18034 17801
18056 5439
18088 5433
18088 13118
18169 99
18169 130
18169 2024
18169 2036
18169 2997
18169 4223
18169 4411
18169 5192
18169 5304
18169 5343
18169 5611
18169 9025
18169 12572
18169 14094
18169 17349
18169 19440
18271 4113
18282 20259
18293 4439
18293 5310
18396 14806
18396 16900
18401 2759
18401 5393
18401 24183
18420 15406
18428 18602
18436 934
18436 12900
18438 5444
18438 11698
18443 21702
18449 10811
18472 9030
18472 15237
18472 24682
18574 926
18574 2629
18574 5334
18574 5480
18574 5481
18574 8820
18574 10253
18574 19901
18574 24518
18574 24531
18602 194
18602 726
18602 968
18602 2633
18602 4920
18602 4960
18602 5219
18602 5372
18602 5384
18602 5391
18602 5406
18602 5554
18602 5564
18602 5597
18602 5598
18602 5628
18602 9239
18602 15447
18602 16900
18602 19149
18602 23943
18602 24276
18604 23219
18619 31
18619 1312
18619 1951
18619 2036
18619 4439
18619 5257
18619 5272
18619 5391
18619 5480
18619 14232
18619 14379
18619 14583
18619 14920
18634 3864
18689 705
18689 1269
18689 1313
18689 2388
18689 3760
18689 5311
18689 5338
18689 5496
18689 5555
18689 6811
18689 13358
18689 19454
18689 19915
18689 21394
18689 24310
18764 1639
18764 2202
18764 4371
18764 5550
18764 18426
18764 19149
18919 24520
18940 24226
19059 934
19059 2194
19059 4408
19059 4411
19059 4439
19059 5311
19059 9113
19059 12546
19059 13184
19087 5498
19087 8321
19087 11276
19087 17801
19149 19440
19149 23348
19171 24033
19172 19454
19177 4125
19181 18869
19355 4491
19355 9030
19379 1862
19379 13270
19379 21699
19438 1312
19438 2592
19438 3152
19438 5337
19438 7410
19438 8921
19438 9275
19438 16895
19438 19901
19439 3716
19454 8995
19454 22990
19454 24682
19480 2384
19480 5518
19480 5631
19480 24710
19482 14224
19554 471
19554 2387
19554 5330
19554 5623
19554 11698
19644 5391
19685 3034
19685 5606
19698 24333
19698 24409
19730 115
19730 1137
19730 1493
19730 2384
19730 2655
19730 3679
19730 4950
19730 5409
19730 5486
19730 5500
19730 12949
19730 16076
19730 18885
19730 19876
19730 22341
19730 24033
19742 5469
19827 24150
19848 11579
19860 5330
19870 764
19870 2880
19871 1318
19871 5203
19871 12053
19881 2361
19901 2629
19901 2736
19901 4439
19901 4785
19901 5307
19901 5327
19901 5481
19901 6961
19901 8921
19901 11704
19901 13184
19901 18323
19901 18619
19901 20355
19901 20817
19901 20893
19901 22598
19901 24206
19915 2134
19915 3679
19915 4638
19915 5623
19985 4870
20058 2134
20058 5310
20058 18689
20242 833
20242 6049
20242 8996
20242 9025
20242 9516
20292 21300
20355 1403
20355 2413
20355 5285
20355 5433
20355 5613
20355 10253
20355 11929
20355 18034
20355 19087
20355 21876
20435 4870
20512 671
20512 2455
20512 13118
20512 18034
20512 24320
20517 3553
20517 5382
20812 2592
20812 22559
20817 1430
20817 1639
20817 4860
20817 5274
20817 5606
20817 12135
20817 18282
20817 22598
20886 1312
20886 24409
20893 5035
20893 5079
20893 14920
20893 19742
21020 2045
21020 2343
21020 18619
21058 968
21058 5510
21058 10121
21079 1913
21079 3963
21079 5362
21079 18602
21192 4685
21192 15174
21240 44
21240 5383
21240 5422
21240 22341
21240 24682
21356 2831
21394 14361
21434 5143
21699 408
21699 726
21699 1862
21699 2242
21699 2375
21699 3172
21699 3206
21699 3948
21699 4113
21699 4242
21699 4671
21699 5127
21699 5257
21699 5274
21699 5334
21699 5359
21699 5379
21699 5388
21699 5436
21699 5450
21699 5479
21699 5482
21699 5524
21699 5594
21699 5598
21699 5628
21699 7778
21699 8996
21699 13270
21699 13406
21699 14171
21699 16345
21699 17801
21699 18034
21699 18619
21699 23219
21699 23254
21699 24333
21699 24588
21702 23219
21786 16345
21786 24226
21800 44
21800 1037
21800 1532
21800 3988
21800 4242
21800 5329
21800 5600
21800 11657
21800 23946
21800 24722
21872 5294
21878 1158
21878 9275
21878 24333
21926 825
21926 5451
21954 115
21954 9030
21954 11313
21954 11698
21954 13191
21954 22217
22134 4308
22134 4408
22134 5371
22134 17276
22134 23782
22134 24722
22276 1403
22276 5604
22276 9239
22276 11929
22276 14034
22276 23219
22276 24409
22328 9113
22328 13270
22328 16608
22341 833
22341 4568
22341 5311
22341 16018
22384 5623
22412 13726
22513 3072
22513 17768
22521 2467
22592 212
22592 3219
22592 22651
22598 5178
22708 1846
22708 5392
22708 8996
22708 19730
22742 11929
22807 99
22807 5448
22807 18602
22882 21786
23039 7539
23130 231
23130 21192
23226 596
23226 1097
23348 642
23348 968
23348 3716
23348 5285
23348 5302
23348 5347
23348 5532
23348 5620
23348 5624
23348 8984
23348 9275
23348 21786
23348 24183
23473 5359
23535 540
23535 1204
23535 1230
23535 4340
23535 5310
23535 9025
23535 10844
23535 13604
23535 19495
23535 22219
23683 14500
23707 11700
23711 5349
23711 13184
23782 13684
23927 4399
23927 17880
23933 5285
23933 10090
23946 496
23946 1312
23946 1676
23946 5484
23946 5547
23946 13684
23946 15450
23946 15688
23946 24682
23996 5509
23996 17801
24033 2615
24033 3708
24033 5285
24033 12190
24088 4308
24088 8996
24088 22341
24133 3015
24133 4407
24133 5466
24133 17706
24133 18602
24156 8995
24167 14806
24167 15116
24191 5568
24206 18282
24222 9776
24224 5393
24224 5503
24225 19149
24226 348
24226 638
24226 1403
24226 5434
24226 5445
24226 5588
24226 8921
24226 11152
24226 18885
24250 5484
24250 11929
24250 18602
24252 255
24252 4685
24252 4870
24252 5413
24252 5540
24252 12646
24252 20512
24276 4160
24286 503
24286 1951
24286 13483
24286 24250
24308 3372
24308 19915
24322 4123
24322 14806
24386 19379
24390 11727
24393 2152
24393 5326
24393 5487
24408 17097
24409 3192
24409 4870
24409 5354
24409 8921
24409 9511
24409 9842
24409 16163
24442 3083
24442 5127
24442 5325
24442 5540
24448 3113
24460 1842
24460 5299
24460 17768
24472 642
24474 2388
24474 4150
24474 17830
24518 5554
24567 6437
24568 4685
24588 125
24588 276
24588 1383
24588 2266
24588 4177
24588 9551
24588 15161
24588 24498
24639 7648
24676 11313
24682 5397
24682 5542
24682 5571
24682 23927
24695 21813
24710 11313
24710 14387
24737 255
24737 9549
20 2831
20 5686
21 3804
44 884
44 1220
44 2602
44 3609
44 4361
44 11313
44 15361
54 5939
99 20907
99 22742
115 20
115 934
115 1595
115 2194
115 2349
115 2591
115 3218
115 3948
115 4109
115 4154
115 4196
115 4682
115 5654
115 5671
115 5687
115 5692
115 5776
115 5862
115 6001
115 10253
115 18619
115 19827
115 19938
115 20907
115 21699
115 22513
115 23912
115 24252
115 24498
117 14387
121 5171
125 5504
125 24393
130 2024
130 3391
130 5797
130 5800
155 348
155 24252
156 9549
156 11715
172 6003
172 13578
212 5643
213 833
213 1842
213 4154
213 5898
213 13191
213 18433
215 833
230 285
231 20
231 410
231 1135
231 1350
231 1486
231 2774
231 2875
231 4125
231 5600
231 5743
231 5748
231 5969
231 7648
231 11725
231 12519
231 19999
231 20512
231 23348
231 24545
252 831
252 3337
252 5698
252 5804
252 6054
252 23921
252 24252
255 335
255 434
255 1221
255 1781
255 2682
255 2875
255 3212
255 5633
255 5653
255 6114
255 8996
255 9025
255 11729
255 12900
255 16076
255 18438
255 19181
255 24442
255 24558
255 24707
260 3719
260 16602
271 5939
271 16892
285 496
285 540
285 2592
285 5409
285 5783
285 9025
285 18764
285 19087
285 20285
287 567
287 5765
287 5797
287 5866
287 9842
287 20355
292 596
292 17706
312 8996
320 4242
320 4311
320 7648
320 8921
320 15940
337 17293
344 3563
348 5236
348 5604
348 11152
348 23912
348 24502
348 24695
349 3638
376 4920
381 19554
386 5658
386 16163
390 1458
390 2053
410 4685
412 8921
412 12834
434 20355
454 5660
454 5683
454 11408
454 19827
465 285
465 2497
465 4556
465 4876
465 5857
491 814
491 15332
496 3301
496 22276
498 2194
498 22513
503 5898
524 13578
525 2592
540 843
540 5409
540 9025
540 13604
540 13652
540 21058
545 3168
545 5903
545 5906
557 5518
557 5821
557 13191
560 5822
560 21746
567 1549
574 24152
596 496
596 5463
596 5533
596 5616
596 5692
596 5842
596 10253
596 18602
596 23203
596 24695
601 4814
601 5602
610 2179
610 18034
640 20904
642 1407
642 1836
642 2497
642 2682
642 3023
642 4970
642 4972
642 5329
642 5448
642 5539
642 5655
642 5677
642 5685
642 5772
642 5858
642 5937
642 5996
642 9239
642 11698
642 14920
642 14969
642 15602
642 19865
642 19946
642 23912
642 24183
643 15814
645 255
645 3218
645 3420
645 5600
645 6095
645 9057
645 13066
645 13717
645 17180
645 19181
671 3946
673 763
673 8328
673 9045
679 4361
705 5132
708 5810
737 5616
763 21954
809 19105
814 5535
830 285
830 2069
830 4568
830 5019
830 5567
830 5759
830 5783
830 5807
830 5838
830 6627
830 11725
830 11967
830 12358
830 14414
830 15251
830 19087
830 19730
830 24695
831 5956
831 20907
833 3172
833 5282
833 5831
833 5878
833 9057
833 9812
833 13845
833 14414
833 15542
833 19730
833 21699
876 3563
876 5409
876 8996
884 4361
884 11657
884 15688
884 21240
906 3177
906 17475
906 17706
929 285
929 876
929 4280
929 4683
929 5227
929 13483
929 19901
929 20512
929 22276
934 2134
934 5869
934 10811
946 4
946 5659
949 8995
949 24498
988 15193
1013 115
1013 1312
1013 1318
1013 2591
1013 3201
1013 5284
1013 5705
1013 5874
1013 5934
1013 5960
1013 9275
1013 10811
1013 13141
1013 19999
1013 20874
1013 24393
1018 1141
1018 5654
1018 5676
1018 5686
1018 9553
1018 15714
1018 19438
1020 17003
1038 2361
1044 18602
1045 2592
1045 4876
1045 5887
1045 10057
1045 11725
1045 11899
1045 13684
1045 16186
1045 17055
1045 20907
1045 22315
1050 285
1050 3072
1050 17055
1097 833
1105 344
1105 1220
1105 3609
1105 4682
1105 4928
1105 5362
1105 5505
1105 5546
1105 5604
1105 5658
1105 5730
1105 5733
1105 5802
1105 5890
1105 5942
1105 5987
1105 8540
1105 13578
1105 17180
1105 19878
1105 19915
1105 20429
1105 24250
1109 4121
1109 9549
1133 15251
1137 645
1137 1220
1137 5409
1137 5518
1137 5632
1137 5685
1137 5776
1137 5862
1137 8996
1137 11967
1137 20038
1137 22513
1140 4106
1140 5799
1141 17472
1158 4510
1158 20907
1159 2984
1215 4402
1221 5311
1221 5740
1221 5844
1221 22513
1234 6049
1235 255
1244 5707
1244 5760
1244 5916
1248 3356
1264 11657
1312 1318
1312 5799
1312 5969
1312 11926
1313 5409
1313 5677
1313 5770
1313 8102
1313 12123
1318 5969
1346 4568
1346 6049
1346 8939
1346 8995
1346 8996
1384 3055
1384 5677
1384 5718
1384 11727
1384 15024
1392 4683
1393 2318
1393 4920
1393 15814
1403 255
1403 5561
1403 5800
1403 5815
1403 6528
1403 14629
1407 19712
1430 255
1430 1407
1430 2036
1430 3051
1430 4127
1430 5227
1430 5693
1430 5731
1430 5765
1430 5919
1430 6003
1430 18169
1430 18619
1430 20355
1430 21702
1430 22276
1430 24226
1458 8984
1486 3948
1486 20907
1495 5489
1495 24348
1538 3708
1538 5959
1538 15814
1543 21240
1582 21786
1632 285
1632 2194
1632 2387
1632 2499
1632 2549
1632 2655
1632 4659
1632 4682
1632 4982
1632 5152
1632 5654
1632 5705
1632 5921
1632 5958
1632 6961
1632 7648
1632 9239
1632 10791
1632 13099
1632 15145
1632 16388
1632 22276
1632 23458
1632 24250
1658 5572
1658 5898
1658 6557
1658 6944
1658 8996
1658 23085
1667 1846
1667 4876
1667 5747
1692 3055
1692 3139
1692 5718
1692 13684
1708 14713
1730 5616
1740 4802
1740 13518
1740 15940
1740 21800
1741 2732
1741 3485
1741 4150
1741 4160
1741 5652
1741 5718
1741 6285
1741 18602
1741 24682
1780 2151
1780 5844
1780 21300
1780 23912
1781 2413
1781 4455
1781 5783
1781 20355
1781 20512
1800 5841
1842 2194
1842 5725
1842 16591
1846 1542
1846 1913
1846 3083
1846 4724
1846 4970
1846 4972
1846 5203
1846 5325
1846 5427
1846 5649
1846 5677
1846 5702
1846 5706
1846 5778
1846 5844
1846 5910
1846 5937
1846 5946
1846 6114
1846 14295
1846 15602
1846 18917
1852 18764
1852 19554
1861 5569
1887 115
1887 5783
1887 16591
1887 18764
1901 18438
1907 5704
1913 5873
1934 1318
1937 12358
1937 13726
1951 496
1951 5598
1951 5652
1951 5723
1951 5904
1951 5936
1951 5966
1951 5969
1951 17302
1951 20907
1991 19870
1993 5639
2022 5480
2022 6488
2022 19355
2027 5794
2036 5227
2036 5642
2036 5673
2036 5894
2036 5944
2036 13270
2036 14361
2036 20512
2043 11152
2053 2248
2053 14295
2053 14969
2053 17830
2053 19938
2134 574
2134 4160
2134 5538
2134 5614
2134 5706
2134 5718
2134 5869
2134 11881
2134 15024
2134 24266
2134 24567
2143 1105
2147 3212
2184 9500
2194 320
2194 814
2194 934
2194 1407
2194 2036
2194 3025
2194 3865
2194 4127
2194 4242
2194 4663
2194 5600
2194 5633
2194 5671
2194 5715
2194 5722
2194 5867
2194 5946
2194 7648
2194 8993
2194 8995
2194 12123
2194 13181
2194 13604
2194 15145
2194 17342
2194 19554
2194 19742
2194 19901
2194 21509
2194 21954
2197 597
2197 642
2197 5969
2197 5983
2199 5878
2239 11727
2239 12949
2239 16018
2239 17349
2239 18619
2239 20889
2239 22513
2242 1781
2242 2413
2243 5616
2243 5813
2255 9239
2274 4816
2274 23458
2304 19827
2307 2787
2307 5546
2307 5752
2307 5873
2307 13604
2307 20684
2309 1842
2361 4150
2361 4970
2361 5542
2361 5685
2361 5834
2361 12949
2361 13099
2361 22276
2387 1410
2387 1486
2387 5448
2387 7648
2387 11715
2387 19454
2387 19999
2387 24250
2392 54
2392 5615
2392 5685
2392 11819
2392 16843
2392 20889
2392 23912
2411 763
2411 1169
2411 21702
2413 287
2413 3363
2413 5946
2413 18917
2413 19999
2467 9025
2487 1595
2487 1846
2487 4526
2487 5494
2487 5649
2487 5844
2487 10121
2487 16018
2487 19437
2487 21786
2487 23912
2491 1013
2497 424
2497 1784
2497 2151
2497 3072
2497 4109
2497 4556
2497 5454
2497 5648
2497 5685
2497 5715
2497 5718
2497 5740
2497 5844
2497 5871
2497 5875
2497 5967
2497 6000
2497 11698
2497 19730
2497 19946
2497 20512
2497 21107
2499 5518
2499 5768
2499 19870
2508 5833
2508 12774
2514 4472
2549 5815
2549 15688
2549 22217
2563 833
2563 5311
2563 5701
2581 11157
2583 16880
2583 22315
2591 24252
2592 496
2592 1018
2592 1318
2592 1654
2592 3324
2592 3334
2592 4408
2592 5677
2592 5686
2592 5782
2592 5803
2592 5828
2592 5871
2592 5874
2592 6961
2592 8820
2592 10566
2592 10605
2592 12135
2592 12900
2592 14029
2592 15940
2592 20684
2592 21300
2609 24252
2622 3502
2622 8996
2622 16018
2628 4920
2628 5639
2628 11700
2629 172
2629 4121
2629 4920
2629 15570
2629 20512
2629 22486
2633 5900
2633 5916
2654 15714
2713 20907
2713 24408
2732 8540
2732 12358
2748 1784
2748 5518
2787 1913
2811 5600
2811 12834
2811 13969
2811 19938
2811 22208
2831 763
2840 5915
2875 12834
2906 5615
2939 18619
2998 5345
2998 12834
3018 5079
3018 12209
3035 20874
3049 5702
3049 12949
3049 20512
3055 5518
3055 5542
3113 4402
3113 5132
3113 5878
3113 15940
3113 16843
3113 22276
3123 5311
3143 5468
3148 4472
3168 12135
3168 22882
3172 285
3172 1502
3172 1913
3172 4920
3172 5656
3172 5660
3172 5775
3172 15450
3172 19901
3172 19999
3172 20907
3172 21786
3203 16843
3218 934
3218 1384
3218 12358
3218 15382
3218 16186
3227 3946
3227 4308
3227 4682
3227 4928
3227 5727
3227 5964
3227 11669
3227 17880
3227 21337
3227 22134
3227 24633
3250 5540
3250 5569
3295 19149
3330 5569
3334 15057
3337 15814
3337 16781
3391 19901
3425 4972
3425 5783
3425 23348
3528 2732
3528 5617
3528 5652
3528 5913
3528 21110
3528 21699
3577 4870
3581 20355
3591 20817
3609 344
3609 1220
3609 2349
3609 4682
3609 5963
3609 8996
3609 12670
3609 13118
3609 16099
3609 19730
3609 20429
3609 22513
3620 5489
3620 8996
3620 23711
3622 5963
3638 5311
3638 7940
3638 19105
3684 5801
3684 14920
3705 5311
3705 13518
3708 5959
3719 11579
3733 3025
3756 3993
3756 5849
3757 831
3757 5731
3757 5810
3757 5956
3757 9177
3757 15282
3757 23203
3804 5822
3804 5858
3804 18604
3834 12834
3843 5658
3865 5645
3874 255
3897 19181
3946 20
3946 567
3946 2549
3946 5366
3946 5692
3946 5769
3946 5802
3946 5867
3946 7648
3946 15361
3946 17880
3946 24498
3947 14224
3947 24029
4004 6557
4029 5939
4051 5189
4084 24033
4086 18619
4106 5794
4106 5858
4106 23970
4109 1789
4109 2176
4109 5054
4109 5152
4109 9025
4109 13027
4109 14224
4109 15602
4109 19827
4109 22217
4109 22807
4121 644
4121 4920
4121 5086
4121 5572
4121 5639
4121 5689
4121 5735
4121 5815
4121 5858
4121 10253
4121 11700
4121 11929
4121 16028
4121 24504
4125 4231
4125 11630
4125 12209
4125 12473
4125 20355
4128 3609
4140 833
4140 16018
4154 4682
4154 5727
4160 15024
4173 1221
4173 4160
4173 5330
4173 5677
4187 5751
4196 20907
4223 645
4223 19870
4225 2862
4225 6937
4231 24252
4237 2497
4237 3025
4237 12949
4237 14387
4237 18917
4237 20512
4240 12358
4242 285
4242 645
4242 884
4242 2356
4242 2387
4242 3391
4242 5362
4242 5409
4242 5504
4242 5617
4242 5764
4242 5786
4242 5866
4242 5893
4242 5926
4242 5997
4242 6991
4242 7499
4242 9025
4242 9057
4242 11756
4242 11899
4242 13072
4242 14034
4242 14232
4242 14969
4242 16843
4242 16998
4242 17085
4242 17880
4242 19827
4242 20907
4242 22276
4242 22742
4242 24226
4242 24250
4255 496
4255 2387
4255 5711
4255 5828
4255 5838
4255 7648
4280 4664
4280 5878
4280 6278
4280 20512
4282 8996
4282 9031
4396 2655
4408 12670
4440 596
4440 673
4440 705
4440 3804
4440 19166
4440 19865
4440 19878
4449 5782
4449 6961
4449 13141
4449 22276
4449 24191
4526 17736
4533 3356
4578 3865
4613 18619
4615 2413
4659 5616
4659 9239
4663 14888
4664 17338
4665 5973
4666 5329
4666 5362
4685 285
4685 5803
4685 5875
4685 5973
4685 6049
4685 6937
4685 9025
4685 16076
4685 19181
4685 22315
4685 24558
4712 5878
4712 18602
4724 12894
4785 5665
4802 5409
4802 7940
4802 11657
4802 14806
4816 23348
4846 5922
4870 22276
4876 4952
4879 44
4879 2602
4879 5866
4879 8996
4885 23348
4920 172
4920 1582
4920 2194
4920 2487
4920 4282
4920 4683
4920 5546
4920 5569
4920 5604
4920 5639
4920 5641
4920 5673
4920 5693
4920 5738
4920 5746
4920 5797
4920 5834
4920 9776
4920 20355
4920 21786
4920 22486
4920 23711
4928 285
4928 934
4928 5600
4928 5687
4928 5790
4928 11756
4937 13184
4952 3177
4952 5748
4965 18619
4982 13406
4989 5795
4989 5898
4989 23203
5052 5950
5054 4237
5054 5648
5054 5768
5060 19355
5066 15688
5115 6961
5115 9239
5127 255
5127 285
5127 24252
5127 24558
5132 11149
5132 24250
5147 13271
5152 285
5152 344
5152 601
5152 1133
5152 1781
5152 2239
5152 5331
5152 5821
5152 5856
5152 6049
5152 11967
5152 13118
5152 14587
5152 15251
5152 17349
5152 24445
5162 1781
5171 5670
5178 5533
5178 5673
5178 5689
5178 5801
5178 17454
5178 20817
5178 20907
5181 5821
5181 7940
5189 5616
5192 13184
5196 10811
5198 13483
5227 1106
5236 24226
5261 1913
5261 4937
5261 5898
5261 5906
5261 5973
5282 344
5282 2349
5282 5152
5282 5632
5282 5765
5284 1018
5284 5600
5284 5676
5284 5688
5284 7410
5284 17003
5284 24393
5284 24570
5311 285
5311 596
5311 1146
5311 2416
5311 3139
5311 3528
5311 5538
5311 5646
5311 5677
5311 5734
5311 5740
5311 5755
5311 5772
5311 5832
5311 5866
5311 12123
5311 12646
5311 14969
5311 15814
5311 20907
5324 7778
5324 9842
5325 540
5329 3609
5329 5362
5329 5866
5329 5867
5329 8996
5329 10408
5329 11971
5329 20387
5329 24381
5345 24710
5362 11669
5401 5887
5409 11881
5409 15024
5409 18602
5427 17675
5448 5311
5448 20512
5475 4371
5475 5244
5477 16900
5480 1913
5480 5604
5480 5828
5480 5868
5480 19712
5480 24518
5485 24065
5489 24250
5494 5836
5504 17843
5506 5667
5506 19438
5518 335
5518 19938
5519 2497
5519 5655
5519 13099
5519 14387
5519 19149
5519 20512
5526 5875
5533 5689
5533 6974
5544 4682
5544 16591
5572 285
5572 2592
5572 3638
5572 5871
5572 5987
5572 16601
5572 24393
5600 1749
5600 3563
5600 15259
5602 2194
5602 5600
5611 15940
5616 130
5616 24127
5617 18619
5632 14387
5632 14414
5632 14888
5634 5829
5634 9239
5634 13684
5638 17768
5639 1313
5639 2179
5639 5324
5639 5616
5639 21746
5641 5738
5644 3559
5645 255
5646 2022
5646 3337
5646 3528
5646 3708
5646 4816
5646 18604
5646 20907
5647 1642
5650 4086
5651 21337
5653 5649
5653 11698
5658 5843
5658 18602
5660 8939
5665 5506
5666 15024
5667 5199
5667 5665
5667 6991
5667 15935
5672 5654
5674 11936
5677 1842
5677 4876
5677 5261
5677 5718
5677 5876
5677 8988
5677 13196
5677 14304
5677 24329
5685 8995
5686 3334
5686 5676
5686 5793
5686 14969
5689 5693
5693 9842
5696 1998
5701 18602
5702 5718
5704 5705
5706 23707
5707 9842
5713 9275
5714 18619
5715 23348
5718 24710
5720 24640
5723 1202
5726 13483
5730 15428
5731 21702
5732 5718
5733 9553
5737 15841
5741 8820
5742 23912
5743 19999
5744 2946
5746 12720
5749 14691
5754 54
5754 5801
5754 24445
5758 18401
5766 20889
5768 16388
5768 24252
5769 16076
5771 5654
5776 19105
5777 10791
5779 1119
5780 24695
5783 6627
5783 11779
5783 23348
5785 3334
5790 10811
5792 13810
5793 642
5793 3334
5793 3719
5795 2052
5795 5896
5795 5980
5795 17706
5795 19087
5798 14920
5801 14920
5805 16018
5806 21213
5807 1693
5807 5847
5807 8996
5812 22513
5814 22199
5820 5115
5821 13066
5828 12135
5834 17706
5835 18764
5840 18034
5841 8305
5844 19742
5845 1693
5846 16513
5850 15617
5853 6845
5856 285
5856 9239
5856 12358
5861 5849
5864 13969
5866 14387
5869 4875
5869 20892
5870 14171
5872 20907
5874 10811
5877 5876
5879 5878
5883 5946
5883 6811
5884 5859
5884 5878
5889 13184
5893 9177
5893 14969
5898 14920
5905 2831
5908 12900
5909 18602
5912 9031
5917 5916
5918 6557
5919 1502
5920 7778
5924 21509
5932 7940
5936 14361
5939 12069
5941 5910
5944 5894
5946 5957
5948 5951
5952 2497
5954 20355
5956 9177
5956 24226
5958 23348
5960 10566
5965 18428
5967 11967
5969 5983
5976 1318
5979 18602
5981 16018
5982 13155
5984 5913
5994 12646
5998 5306
5998 5987
6049 1507
6049 4928
6049 11861
6095 814
6095 5649
6095 5653
6095 5702
6095 13717
6114 11756
6197 3865
6278 285
6278 9025
6278 11936
6278 20512
6285 9239
6285 21800
6285 24451
6485 15360
6528 2069
6528 17293
6528 18088
6557 814
6557 3603
6557 5665
6557 5768
6557 5833
6557 5863
6557 5866
6557 5970
6557 8820
6557 14232
6557 14806
6557 19438
6640 8996
6811 1220
6811 2875
6811 5682
6811 11313
6811 12834
6811 15602
6845 642
6845 1221
6845 2497
6845 5648
6845 5747
6874 1632
6874 19135
6944 231
6944 11725
6944 13578
6944 13969
6944 15259
6944 18619
6961 4242
6961 4617
6961 5448
6961 5546
6961 5758
6961 5820
6961 7648
6961 12834
6961 16998
6961 18602
6961 19454
6961 22603
6974 11861
7410 2323
7410 5934
7410 17003
7499 1137
7648 671
7648 1486
7648 2549
7648 4682
7648 5115
7648 5306
7648 5692
7648 5950
7648 9025
7648 10791
7648 13336
7648 13406
7648 21058
7648 21079
7648 21337
7648 24252
7778 252
7778 4683
7778 5086
7778 5972
7778 21746
7923 21300
7940 4928
7940 15450
8102 2467
8102 4876
8102 5664
8102 13027
8102 21891
8127 8102
8127 13141
8132 5633
8199 24551
8363 5918
8733 1119
8921 4242
8921 4617
8921 5115
8921 5611
8921 5626
8921 5683
8921 5809
8921 5837
8921 5842
8921 6961
8921 19881
8921 19946
8984 1462
8984 5284
8984 5504
8984 11725
8984 16601
8993 213
8995 13181
8995 14414
8995 19554
8996 285
8996 833
8996 2008
8996 2549
8996 3563
8996 4121
8996 5227
8996 5409
8996 5600
8996 5821
8996 6001
8996 6049
8996 12900
8996 13118
8996 13578
8996 13604
8996 15024
8996 15688
8996 16591
8996 18169
8996 18443
8996 20387
8996 21800
8996 21926
8996 22217
8996 24381
8996 24579
8996 24633
8996 24710
9011 115
9011 5687
9011 5833
9011 11313
9011 19438
9011 24313
9025 763
9025 1220
9025 1462
9025 1595
9025 2036
9025 2549
9025 3363
9025 3502
9025 5705
9025 6961
9025 10791
9025 14629
9025 16843
9025 18919
9025 20355
9025 20512
9057 172
9057 929
9057 1658
9057 2036
9057 3250
9057 3620
9057 4196
9057 5132
9057 5505
9057 5600
9057 5646
9057 5660
9057 5677
9057 5903
9057 5907
9057 9392
9057 11779
9057 13118
9057 14888
9057 14920
9057 18169
9057 19059
9057 19087
9057 20907
9057 21699
9057 21786
9057 23846
9177 5236
9177 5546
9177 5760
9177 5768
9177 5822
9177 5942
9177 5971
9177 24226
9239 34
9239 255
9239 2790
9239 3201
9239 4154
9239 5699
9239 5718
9239 5732
9239 5827
9239 5887
9239 5894
9239 8820
9239 10253
9239 11313
9239 12510
9239 13141
9239 13694
9239 16843
9239 16892
9239 18619
9239 24710
9275 4225
9275 5616
9275 5928
9275 13059
9325 16591
9365 3083
9365 5768
9553 1313
9553 5518
9553 7648
9553 12123
9553 20817
9584 11313
9724 1530
9724 5759
9842 4685
9842 5754
9842 5838
9842 20512
9842 22486
9842 24445
9851 14414
10057 19848
10121 763
10121 3055
10121 4972
10121 5649
10121 5685
10121 5775
10121 5783
10121 11408
10121 15005
10121 20874
10168 13191
10183 20259
10253 496
10253 990
10253 5752
10307 8107
10408 17291
10566 115
10566 285
10566 496
10566 4282
10566 4928
10566 5519
10566 5866
10566 8540
10566 20285
10566 22882
10769 7940
10811 496
10811 1462
10811 4600
10811 4613
10811 5677
10811 5692
10811 5928
10811 5939
10811 5973
10811 19878
10811 19901
10856 9842
11076 4638
11076 5504
11148 1913
11152 5900
11152 23912
11157 212
11157 285
11157 1392
11157 1430
11157 4121
11157 4242
11157 4449
11157 4920
11157 5643
11157 5658
11157 5815
11157 5828
11157 5838
11157 5843
11157 5996
11157 7648
11157 8921
11157 9177
11157 14587
11157 20355
11157 22276
11157 23711
11157 24226
11157 24695
11313 0
11313 5638
11313 11967
11313 15688
11460 17180
11488 1220
11488 2713
11488 19454
11488 20907
11577 255
11577 5878
11577 11967
11577 12949
11579 3638
11579 4928
11579 5681
11579 5688
11579 5793
11579 24191
11579 24252
11657 0
11657 44
11657 4682
11657 4685
11657 5997
11657 11669
11657 15361
11684 3638
11684 4876
11684 5708
11684 19946
11698 843
11698 5546
11700 1135
11700 2467
11700 5616
11700 5898
11700 14141
11700 18449
11715 5681
11715 8921
11715 11819
11715 13969
11715 24588
11725 1318
11725 13834
11725 13969
11756 496
11756 1410
11756 5497
11756 5688
11779 212
11779 496
11779 503
11779 763
11779 2592
11779 2628
11779 3356
11779 3469
11779 3993
11779 4870
11779 5132
11779 5561
11779 5658
11779 5704
11779 5817
11779 5838
11779 5878
11779 5906
11779 5942
11779 5996
11779 7648
11779 13459
11779 13604
11779 14232
11779 14969
11779 16877
11779 17333
11779 20355
11779 20907
11779 22276
11779 23711
11817 5409
11817 8996
11817 24710
11819 2387
11819 4526
11819 5768
11819 15841
11861 3083
11861 15251
11899 285
11899 11881
11926 1318
11967 8996
11967 18602
11967 23912
11993 18619
12123 15888
12123 21391
12135 54
12135 491
12135 496
12135 567
12135 814
12135 1312
12135 2701
12135 4004
12135 4659
12135 5257
12135 5364
12135 5643
12135 5654
12135 5672
12135 5748
12135 5799
12135 5838
12135 5893
12135 5943
12135 9031
12135 10811
12135 11779
12135 13141
12135 14969
12135 15309
12135 20907
12135 22276
12135 23980
12181 21954
12375 4682
12375 6001
12519 19870
12539 5147
12539 24472
12588 1627
12670 13834
12670 19038
12670 24657
12685 5409
12685 8820
12720 20817
12774 3049
12774 3072
12774 4109
12774 5060
12774 5685
12774 5740
12774 5778
12774 5833
12774 22513
12834 2553
12834 6049
12834 13684
12834 13969
12834 15406
12834 19999
12855 496
12855 1221
12870 3865
12870 4556
12870 5961
12870 5963
12870 13810
12870 18433
12870 19742
12870 19999
12870 24088
12874 4781
12874 5797
12900 12834
12949 3055
12949 23458
12964 285
12977 5788
13003 4029
13027 705
13027 1654
13027 4876
13027 5181
13027 5506
13027 5776
13110 5718
13118 9025
13118 19730
13118 21800
13155 5652
13181 814
13181 5769
13181 12473
13196 884
13196 9239
13196 15450
13196 16892
13270 5409
13270 14888
13343 5922
13343 8993
13370 5942
13379 11715
13383 1692
13383 13684
13383 23039
13406 1038
13406 1781
13406 1993
13406 3356
13406 3528
13406 3708
13406 5086
13406 5875
13406 5898
13406 5913
13406 9057
13406 16868
13406 21746
13431 503
13431 2491
13431 16900
13431 19938
13483 17454
13518 13684
13518 17291
13604 2591
13604 5702
13604 21107
13637 17880
13637 24152
13662 2655
13684 602
13684 1220
13684 1749
13684 3139
13684 4928
13684 5345
13684 5768
13684 5863
13684 5866
13684 5887
13684 5961
13684 5991
13684 6811
13684 6944
13684 11669
13684 14806
13684 15082
13684 16591
13684 16900
13684 20907
13684 24313
13786 1313
13786 1658
13786 5659
13786 13118
13786 14888
13969 231
13969 1105
13969 2194
13969 3229
13969 5329
13969 5409
13969 5518
13969 5600
13969 5802
13969 8107
13969 8984
13969 9553
13969 11698
13969 14034
13969 15082
13969 15259
13969 16843
13969 19454
13969 19915
13969 19999
14054 2553
14054 2875
14054 12834
14094 5821
14142 5844
14211 5876
14224 1543
14224 5649
14224 18602
14224 24250
14232 5838
14232 19881
14237 285
14295 11657
14355 5362
14355 5600
14355 5788
14355 11756
14361 596
14387 726
14387 1137
14387 1221
14387 1781
14387 2036
14387 4440
14387 4876
14387 5409
14387 5961
14387 8995
14387 15450
14387 19087
14387 20512
14387 21954
14414 5567
14469 19038
14500 14304
14500 15623
14583 18602
14595 4802
14595 12834
14595 13518
14713 2413
14805 1133
14805 5639
14805 19915
14806 2592
14806 3502
14806 19730
14835 19904
14888 2024
14888 2134
14888 5282
14888 13066
14888 14414
14888 20242
14888 24710
14920 99
14920 285
14920 496
14920 1013
14920 1038
14920 2036
14920 4920
14920 5086
14920 5505
14920 5517
14920 5533
14920 5639
14920 5748
14920 5759
14920 5797
14920 5842
14920 6961
14920 11015
14920 11929
14920 12179
14920 14969
14920 19712
14920 21746
14920 22513
14969 5838
14969 18602
14969 24707
15005 884
15005 5733
15024 5718
15024 14387
15024 22513
15057 5942
15057 5943
15057 24226
15116 5409
15116 11657
15145 804
15145 4154
15145 7648
15251 11408
15259 1105
15277 4399
15282 601
15282 708
15282 1430
15282 5760
15282 5810
15282 21542
15282 24226
15309 21786
15332 17050
15361 3223
15361 5802
15361 8996
15361 14029
15361 19999
15361 21800
15382 522
15382 4150
15382 6000
15382 6285
15382 9239
15406 5783
15447 212
15447 3023
15447 5561
15447 5759
15447 6961
15447 15309
15447 21891
15450 5409
15450 5617
15450 6285
15450 13578
15450 16591
15570 19901
15570 22486
15602 24710
15610 1469
15610 15361
15610 19870
15610 19999
15617 1836
15688 20
15688 1904
15688 5329
15688 5997
15688 10253
15688 15361
15688 16591
15688 17302
15688 20387
15688 24451
15698 255
15714 2584
15714 4928
15714 9011
15714 13684
15755 22315
15814 5646
15814 5760
15814 18602
15940 19432
15940 21954
15940 24682
16018 376
16018 5660
16018 9057
16018 13118
16018 14920
16018 19424
16018 20917
16018 22513
16076 4311
16076 5822
16076 22208
16076 24033
16186 574
16186 2304
16186 2361
16186 5858
16186 5916
16186 24442
16336 5504
16336 5676
16388 2499
16388 5783
16388 5910
16388 11819
16388 20355
16581 3201
16581 5257
16581 14232
16581 14969
16591 255
16591 2984
16591 3468
16591 3502
16591 4361
16591 5409
16591 5722
16591 5783
16591 5918
16591 11929
16591 20387
16608 5775
16609 5858
16613 2602
16613 2732
16613 3227
16613 5362
16843 10566
16843 16076
16843 17180
16843 19712
16859 5634
16859 24407
16897 4638
16897 16336
16897 19454
16897 23912
17051 349
17058 130
17058 2008
17058 3469
17066 4051
17157 2467
17299 7410
17299 10253
17312 5730
17333 5669
17338 4196
17349 1632
17349 10811
17349 23478
17472 5409
17472 19881
17475 5517
17576 3139
17576 3638
17675 814
17675 8995
17675 14414
17675 14969
17675 16880
17706 3177
17706 5463
17706 5947
17706 9275
17706 14387
17706 19087
17809 20907
17830 5743
17840 5960
17840 19454
17840 24033
17880 16998
17950 5616
17950 5795
17950 5911
18034 642
18034 5654
18034 5822
18034 19901
18034 24033
18056 5890
18169 557
18169 831
18169 1462
18169 1658
18169 14888
18169 19730
18169 20907
18169 23846
18271 5989
18433 20061
18436 19870
18438 645
18438 14387
18438 21954
18443 285
18449 5654
18574 763
18574 4121
18574 5878
18574 10811
18602 763
18602 1038
18602 1789
18602 3469
18602 4127
18602 5539
18602 5569
18602 5655
18602 5877
18602 5878
18602 5905
18602 5928
18602 5943
18602 14976
18602 17475
18602 18619
18602 19440
18602 19901
18602 19946
18602 20477
18602 22276
18602 24518
18602 24695
18604 24551
18619 255
18619 410
18619 705
18619 1654
18619 1781
18619 1789
18619 3177
18619 3324
18619 4127
18619 5086
18619 5324
18619 5654
18619 5748
18619 5826
18619 5875
18619 5899
18619 5971
18619 8921
18619 12179
18619 15940
18619 20783
18619 21746
18619 23348
18634 5943
18689 465
18689 1384
18689 1632
18689 1836
18689 1907
18689 2790
18689 3756
18689 3993
18689 4150
18689 4160
18689 4556
18689 4600
18689 4876
18689 5561
18689 5677
18689 5718
18689 5776
18689 8975
18689 12123
18689 12179
18689 15450
18689 15814
18689 18619
18689 20907
18689 23348
18689 23458
18698 24183
18764 231
18764 4402
18822 240
18822 11725
18917 5685
18917 11698
18919 5961
18919 20512
19059 5765
19059 5807
19059 14888
19059 16513
19087 20
19087 1781
19087 2467
19087 3716
19087 5409
19087 5759
19087 5913
19087 18764
19087 21699
19087 23912
19138 6961
19140 20355
19149 5463
19149 5916
19149 5927
19149 5995
19172 115
19177 5636
19177 16076
19177 18602
19355 1486
19355 14387
19355 15450
19355 23458
19379 5427
19421 115
19421 255
19421 5079
19421 5633
19421 5801
19421 5866
19421 12473
19421 13969
19424 13483
19426 5587
19438 990
19438 4255
19438 4802
19438 5654
19438 5667
19438 5699
19438 5838
19438 6961
19438 9239
19438 11756
19438 13141
19438 14232
19438 18443
19438 18619
19469 20355
19480 3072
19482 9025
19554 285
19554 19454
19644 5704
19644 5977
19683 3072
19683 4109
19683 5682
19683 5993
19730 54
19730 2387
19730 3049
19730 4237
19730 5660
19730 14414
19730 15602
19730 20512
19730 22513
19730 24640
19730 24710
19802 5748
19827 285
19827 3469
19827 10605
19827 19712
19827 20907
19827 22276
19870 231
19870 1013
19870 2194
19870 5371
19870 5743
19870 5934
19870 9239
19870 10811
19870 12834
19870 14029
19870 16843
19870 18602
19870 24183
19878 3223
19883 23039
19901 130
19901 255
19901 833
19901 1430
19901 2487
19901 3051
19901 3063
19901 3324
19901 5409
19901 5545
19901 5585
19901 5752
19901 5758
19901 5834
19901 5902
19901 5903
19901 13118
19901 14920
19901 17454
19901 20259
19901 23711
19904 1221
19915 255
19915 4150
19915 7648
19915 8107
19915 9584
19915 19177
19915 20917
19915 21107
19938 263
19938 833
19938 1842
19938 2491
19938 2790
19938 4666
19938 16591
20058 9025
20058 15361
20061 1137
20061 11926
20242 3865
20242 5567
20242 6961
20242 14414
20242 20512
20285 5409
20285 24710
20355 503
20355 5212
20355 5221
20355 5649
20355 5653
20355 5739
20355 5768
20355 5957
20355 5964
20355 11967
20355 14587
20355 16018
20355 23912
20422 8921
20422 24348
20429 2875
20492 5581
20512 3708
20512 5862
20512 13270
20512 22276
20517 7648
20517 10791
20517 19177
20534 1221
20781 24695
20783 10811
20812 4876
20812 5866
20812 5951
20812 5960
20812 9461
20812 12811
20817 5227
20817 5797
20817 15404
20817 15570
20886 1013
20889 23912
20904 2655
20904 3563
20904 8996
20907 285
20907 410
20907 3528
20907 4510
20907 5875
20907 5878
20907 11899
20907 17055
20907 21699
21058 4982
21058 9842
21079 16998
21110 2549
21110 2592
21194 24393
21213 8098
21213 21954
21213 24710
21233 18602
21240 5825
21300 5951
21336 2549
21356 165
21356 1430
21356 1502
21356 5569
21356 5907
21356 23921
21356 24519
21402 20817
21699 14
21699 215
21699 231
21699 255
21699 557
21699 645
21699 671
21699 1045
21699 1248
21699 1430
21699 1781
21699 1951
21699 1993
21699 2179
21699 2413
21699 2596
21699 2997
21699 3324
21699 4556
21699 4600
21699 4659
21699 4965
21699 4982
21699 5104
21699 5152
21699 5646
21699 5654
21699 5658
21699 5671
21699 5673
21699 5692
21699 5707
21699 5712
21699 5714
21699 5715
21699 5718
21699 5722
21699 5728
21699 5731
21699 5760
21699 5768
21699 5776
21699 5791
21699 5797
21699 5872
21699 5874
21699 5913
21699 5929
21699 5939
21699 5961
21699 5967
21699 5973
21699 5984
21699 7648
21699 8305
21699 9275
21699 14387
21699 16868
21699 20355
21699 21746
21699 23348
21699 24033
21699 24252
21702 1202
21702 5706
21702 5942
21786 471
21786 13027
21786 19138
21786 21107
21800 0
21800 3502
21800 3603
21800 4158
21800 4862
21800 5992
21800 9239
21800 15450
21800 19730
21800 22134
21876 1119
21878 5849
21878 14969
21881 255
21881 22513
21899 5898
21913 5963
21954 130
21954 3212
21954 5648
21954 5677
21954 5701
21954 5754
21954 5939
21954 13066
21954 24250
21985 11929
22134 597
22134 946
22134 2592
22134 3609
22134 4928
22134 5802
22134 24359
22208 1842
22214 2596
22214 5748
22217 601
22217 14387
22225 17180
22227 24252
22276 642
22276 3023
22276 3469
22276 4402
22276 5546
22276 5642
22276 5840
22276 5843
22276 5942
22276 5943
22276 6278
22276 14969
22276 24564
22328 3130
22328 5739
22341 6049
22341 15251
22373 5858
22412 5731
22412 5851
22412 5893
22412 13141
22513 213
22513 830
22513 2497
22513 3563
22513 4109
22513 5029
22513 5060
22513 5719
22513 5858
22513 5937
22513 5999
22513 6049
22513 6114
22513 11408
22513 11684
22513 15251
22513 24252
22536 292
22536 17706
22592 5795
22708 503
22742 3051
22745 4360
22759 24695
22807 1654
22807 5916
22882 8540
22882 16608
22882 23348
22943 10168
23039 15024
23085 6811
23144 9025
23223 19437
23335 24710
23348 255
23348 285
23348 831
23348 3469
23348 4127
23348 5244
23348 5561
23348 5728
23348 5786
23348 5869
23348 5928
23348 5947
23348 5969
23348 6627
23348 8921
23348 14387
23348 14587
23348 16868
23348 19181
23348 24033
23348 24695
23707 4312
23707 5795
23711 5807
23711 21107
23912 3324
23912 24452
23921 831
23921 5859
23927 2984
23944 17843
23946 3603
23946 3620
23996 5497
23996 5669
24033 99
24033 255
24033 5973
24033 6944
24033 7648
24033 24250
24088 830
24088 5805
24088 5963
24088 14414
24088 14888
24088 16018
24088 21913
24133 574
24133 1951
24133 5960
24133 20907
24147 4546
24150 465
24167 2713
24174 5427
24225 4920
24225 12199
24226 2356
24226 3023
24226 4683
24226 5810
24226 5838
24226 7648
24226 11929
24226 13459
24226 14920
24226 16877
24243 285
24250 1215
24250 2194
24250 3023
24250 4920
24250 9500
24252 212
24252 496
24252 1407
24252 1462
24252 2682
24252 5257
24252 5311
24252 5642
24252 5705
24252 5790
24252 5865
24252 5898
24252 5916
24252 5990
24252 5995
24252 10253
24252 11971
24252 13003
24252 13604
24252 14969
24252 16601
24252 24707
24286 3483
24286 23711
24308 4399
24308 11669
24310 3972
24310 17319
24313 5833
24393 231
24393 3247
24393 5821
24393 19999
24408 16998
24409 12135
24442 5685
24442 5916
24442 10791
24451 16892
24451 18602
24474 1842
24474 3993
24474 5677
24474 5878
24517 19712
24518 5875
24518 18401
24526 8993
24526 24710
24545 5866
24567 5878
24568 5794
24568 14232
24588 2053
24588 13232
24588 15472
24588 15841
24588 16099
24588 17287
24664 5616
24676 946
24682 1836
24682 2580
24682 5311
24682 5401
24682 5776
24682 13684
24682 24451
24702 18689
24704 5951
24707 3334
24707 4106
24707 5865
24707 7648
24710 5999
24710 11408
24710 19870
24710 19915
24710 20242
24710 22513
0 1318
0 2560
0 5096
0 6119
20 255
20 642
20 4920
20 14969
20 15755
20 16608
21 642
21 2022
21 4225
21 5096
21 5639
21 6047
21 13406
21 19438
29 820
44 287
44 2353
44 2599
44 3372
44 6046
44 6198
44 6324
44 6806
44 9026
44 10408
44 13684
44 15776
54 1312
54 2497
54 4242
54 5311
54 6220
88 6167
97 13191
97 16018
99 5867
105 3943
105 4928
105 24682
115 44
115 276
115 2909
115 3229
115 3952
115 4066
115 4405
115 4896
115 5096
115 5424
115 5516
115 5539
115 5632
115 6005
115 6162
115 6215
115 6324
115 6330
115 8996
115 11861
115 11929
115 14309
115 18293
115 18396
115 21194
115 24591
117 1971
125 5105
130 5325
130 5485
130 6140
130 6147
130 6370
130 23348
155 2036
155 6061
155 6378
155 18698
155 24033
156 231
156 20907
172 1913
172 5447
172 6240
172 6281
172 17068
194 5501
212 5284
213 2239
213 4109
213 5409
213 5600
213 5805
213 6334
213 11929
213 14189
213 17342
213 23085
223 5325
230 6299
231 934
231 1312
231 1584
231 1899
231 2036
231 2387
231 2487
231 3363
231 3834
231 4066
231 4943
231 5448
231 6105
231 6121
231 6188
231 6192
231 6254
231 6321
231 11062
231 13066
231 15714
231 18169
231 19730
231 21876
231 22036
231 24579
231 24665
236 4215
252 3422
255 29
255 820
255 2931
255 3943
255 5869
255 6124
255 9275
255 18401
255 21786
255 21876
276 9057
285 11715
285 19901
287 255
287 1110
287 1221
287 2199
287 3219
287 3657
287 4215
287 4583
287 5325
287 6163
287 6202
287 6209
287 6222
287 6334
287 6806
287 11881
287 14189
287 16998
320 4396
320 6068
341 6155
344 6167
348 1971
348 2096
348 6222
348 11579
348 11929
386 6201
386 21240
394 13191
395 4920
412 1190
412 6211
412 6227
443 6161
465 1221
465 6098
465 14691
465 17050
491 6937
496 8921
503 10752
503 11929
503 22412
510 19802
524 11861
525 6048
525 24460
545 1312
546 3620
546 4781
546 5517
546 13141
546 16046
546 21876
546 24668
557 2384
557 4406
557 5567
557 23085
572 14806
574 1632
574 9682
574 13969
574 17872
589 6359
596 460
596 642
596 1542
596 1584
596 1807
596 2939
596 5101
596 6080
596 9239
596 9275
596 18169
596 20028
596 24033
601 215
601 929
601 1665
601 2214
601 5485
601 6874
601 13184
601 18169
601 18602
601 18689
601 24127
610 1658
610 8939
610 22882
623 1312
623 2633
623 3023
623 5745
623 6010
623 6020
623 6027
623 12572
623 14224
623 24226
642 14
642 287
642 510
642 626
642 1141
642 1807
642 1971
642 2022
642 2036
642 2611
642 2633
642 2920
642 3275
642 3334
642 3952
642 4066
642 4683
642 5079
642 5156
642 5880
642 5941
642 5946
642 5969
642 5995
642 6004
642 6010
642 6028
642 6044
642 6050
642 6051
642 6083
642 6089
642 6092
642 6143
642 6173
642 6184
642 6250
642 6271
642 6278
642 6289
642 6333
642 6334
642 6339
642 6352
642 6358
642 6364
642 6368
642 6383
642 8305
642 9553
642 10121
642 10752
642 11149
642 11899
642 11929
642 12900
642 13141
642 13431
642 14267
642 15714
642 16581
642 19138
642 19355
642 19802
642 20355
642 20399
642 20829
642 22730
642 23360
642 23458
642 24033
642 24252
642 24670
662 2052
698 9025
705 3218
726 260
726 1039
726 1654
726 1669
726 1782
726 1852
726 1925
726 3620
726 3754
726 4150
726 5447
726 5569
726 5576
726 6056
726 6150
726 6155
726 6204
726 6222
726 6244
726 14969
726 18169
726 21702
726 22708
726 24033
726 24695
737 12123
782 6257
786 2384
791 18401
820 1658
820 6113
820 6880
833 20021
872 5178
876 601
876 6167
876 6282
876 11929
876 13184
876 13786
895 6201
906 6348
929 1665
929 5447
929 6043
929 6263
929 24127
929 24695
934 5946
946 6274
1013 231
1013 1934
1013 2540
1013 3229
1013 3381
1013 3538
1013 5420
1013 5489
1013 5517
1013 5969
1013 6117
1013 6155
1013 6190
1013 6227
1013 8540
1013 12053
1013 13184
1013 17568
1013 18169
1013 21786
1018 2701
1018 4526
1018 6251
1018 10811
1018 11062
1097 6007
1097 6125
1097 24695
1105 1383
1105 3346
1105 3657
1105 4109
1105 5105
1105 5902
1105 6128
1105 6150
1105 6151
1105 6192
1105 6201
1105 6234
1105 6254
1105 7940
1105 9239
1105 9551
1105 9685
1105 11881
1105 13184
1105 17157
1105 19454
1105 19802
1105 22513
1105 24680
1109 115
1110 496
1110 2015
1110 2920
1110 6117
1110 11579
1110 20893
1126 496
1137 172
1137 287
1137 3609
1137 6049
1137 6074
1137 6238
1137 6248
1137 8993
1137 11313
1137 13191
1137 13969
1137 15361
1137 20517
1137 21884
1137 23085
1140 17333
1141 231
1141 6071
1141 11684
1141 13003
1141 19426
1158 29
1158 820
1158 1585
1158 5539
1158 6220
1158 12123
1158 18863
1183 907
1183 2361
1215 11149
1221 1380
1221 6026
1221 6385
1244 2392
1260 21702
1293 22412
1312 2592
1312 2700
1312 5159
1312 6150
1312 9553
1312 11076
1312 12053
1312 18602
1312 19685
1312 21089
1312 23914
1312 24033
1313 2997
1316 5946
1316 13191
1317 24695
1346 344
1346 5660
1346 6353
1346 8993
1346 13184
1346 20021
1357 5677
1383 1654
1384 1383
1384 5409
1384 19038
1392 1639
1392 2487
1392 6205
1393 5639
1403 633
1403 1190
1403 1925
1403 3023
1407 6166
1407 6282
1430 215
1430 395
1430 1584
1430 1971
1430 2384
1430 3996
1430 5178
1430 5257
1430 5854
1430 6066
1430 6181
1430 6200
1430 6234
1430 6252
1430 6259
1430 6263
1430 13184
1430 13662
1430 19438
1462 3229
1462 4109
1462 5311
1462 5946
1462 6117
1462 6128
1462 6130
1462 12135
1462 24127
1486 1774
1486 4440
1495 4681
1520 2920
1520 5569
1520 6376
1530 8921
1538 6103
1538 20907
1543 2592
1551 4242
1551 6094
1581 5178
1581 6218
1582 1665
1582 5325
1582 18604
1610 6937
1632 124
1632 642
1632 1312
1632 1384
1632 1462
1632 2197
1632 2264
1632 2790
1632 3148
1632 3172
1632 3229
1632 5115
1632 5257
1632 6020
1632 6064
1632 6067
1632 6150
1632 6227
1632 11819
1632 13969
1632 14806
1632 18169
1632 20512
1632 24640
1633 2214
1633 2984
1633 9026
1633 9239
1633 24722
1639 2487
1639 3172
1639 6159
1639 6310
1654 1393
1654 5946
1658 2353
1658 5362
1658 6201
1658 6231
1658 14691
1658 15688
1658 18634
1665 726
1665 4920
1665 5178
1665 6174
1665 13184
1665 18764
1665 24695
1667 6074
1667 11698
1692 2361
1692 2440
1692 5429
1692 5866
1692 6086
1692 6111
1692 6112
1692 6961
1692 12231
1692 15024
1692 15940
1692 17157
1692 18602
1739 285
1740 2592
1740 3705
1740 5362
1740 6128
1740 6201
1740 6318
1740 8996
1740 9026
1740 12358
1740 14691
1741 820
1741 5866
1741 6074
1741 6937
1741 17576
1741 19355
1757 14361
1763 9005
1800 3716
1800 6240
1842 4879
1846 2467
1846 5941
1846 6250
1846 6337
1846 11406
1846 19355
1846 22188
1846 24181
1846 24275
1852 5448
1852 6094
1887 6049
1887 13184
1901 2102
1901 6299
1901 23348
1901 23458
1901 24427
1916 11657
1921 20908
1925 6062
1934 6356
1951 626
1951 5101
1951 6010
1951 6093
1951 6292
1951 6350
1951 6358
1951 14232
1951 16493
1952 2629
1999 12572
2011 16998
2036 115
2036 1462
2036 5086
2036 6105
2036 6728
2036 11700
2036 20021
2036 20907
2041 2304
2043 5519
2053 231
2053 1312
2053 2592
2053 6150
2053 6274
2053 6296
2053 13796
2053 17055
2053 24393
2064 3754
2072 172
2072 4920
2072 6281
2126 2307
2126 24708
2134 2318
2134 2361
2134 5677
2134 5946
2134 6020
2134 6123
2134 6327
2134 6337
2134 8975
2134 11929
2134 18689
2194 287
2194 642
2194 1667
2194 2264
2194 2497
2194 2790
2194 3130
2194 4399
2194 4937
2194 6007
2194 6046
2194 6074
2194 6077
2194 6098
2194 6215
2194 6250
2194 6254
2194 6299
2194 14920
2194 15251
2194 15259
2194 16076
2194 18698
2194 19421
2194 20904
2194 20907
2194 21337
2194 22341
2194 24226
2197 574
2197 934
2197 2487
2197 5946
2197 6061
2197 13270
2197 14806
2197 22708
2214 5311
2239 5600
2239 14888
2242 6368
2274 1462
2274 4920
2274 5342
2274 5646
2274 5855
2274 5900
2274 24033
2274 24247
2277 8996
2277 21336
2307 503
2307 22412
2309 15776
2336 2194
2353 21240
2361 5677
2361 11899
2361 14361
2361 20021
2361 23943
2361 24150
2384 5325
2384 6099
2384 13786
2384 15755
2384 16884
2387 1913
2387 3229
2387 4405
2387 6150
2387 6173
2387 6215
2387 13969
2387 15450
2387 21194
2387 24591
2392 1913
2392 4685
2392 5569
2392 5941
2392 6170
2392 6364
2392 13969
2392 18602
2411 3113
2411 9025
2411 12231
2413 3049
2413 3425
2413 24313
2440 5677
2467 831
2467 5865
2487 642
2487 1316
2487 3172
2487 5429
2487 5941
2487 5946
2487 6065
2487 6201
2487 20355
2487 23458
2490 4685
2490 9239
2490 18719
2491 21786
2497 213
2497 601
2497 934
2497 3295
2497 4102
2497 4896
2497 5429
2497 5677
2497 6048
2497 6074
2497 6332
2497 6334
2497 6387
2497 11669
2497 12900
2497 24275
2499 11881
2508 5362
2515 21300
2582 1410
2583 13969
2591 3168
2592 255
2592 2979
2592 3934
2592 4357
2592 4928
2592 5261
2592 5311
2592 6067
2592 6117
2592 6173
2592 6274
2592 6437
2592 11929
2592 13431
2592 15688
2592 17055
2592 18574
2592 24707
2599 2353
2609 2126
2622 5960
2622 12572
2628 6347
2628 18574
2628 20817
2629 6186
2629 11929
2633 633
2633 3023
2633 13141
2636 0
2655 6132
2700 8996
2700 15755
2701 23904
2713 6335
2748 1741
2748 5677
2748 6074
2748 11422
2748 14805
2748 16076
2748 22513
2760 6309
2790 14221
2794 1258
2831 6222
2864 1462
2864 2126
2864 6350
2872 3415
2875 6121
2906 5946
2906 15594
2913 15940
2913 16504
2931 21876
2931 24181
2966 5980
2984 9239
2984 13196
2997 934
2997 3363
2997 6033
2997 7410
2997 12546
2997 14029
3019 25
3049 194
3049 3055
3049 3168
3049 3275
3049 5946
3049 6074
3049 6937
3055 5156
3055 6250
3055 18602
3078 20
3084 11460
3084 17675
3113 503
3113 1462
3113 2036
3113 2491
3113 6155
3113 18574
3130 1462
3130 5569
3130 18602
3130 20907
3148 3657
3153 5639
3168 8996
3168 21786
3168 21823
3172 130
3172 1462
3172 3952
3172 4928
3172 5516
3172 6075
3172 6209
3172 6247
3172 6308
3172 11861
3172 11929
3172 14221
3172 16018
3172 20021
3172 22708
3172 23085
3172 24445
3172 24640
3185 4920
3203 907
3203 12900
3218 5547
3218 14805
3227 172
3227 5299
3227 6806
3227 15776
3229 2053
3229 4879
3229 4928
3229 6156
3229 9026
3250 6238
3275 496
3275 2422
3275 5204
3275 5371
3275 5880
3275 6254
3275 9275
3275 11698
3330 11967
3330 22513
3334 320
3334 5037
3336 4683
3337 3415
3372 5311
3397 804
3420 16018
3425 6137
3425 22188
3437 11899
3460 436
3460 4920
3506 17475
3538 23991
3570 11669
3570 11861
3609 1865
3609 1971
3609 5181
3609 5567
3609 8993
3609 20280
3609 21336
3620 22513
3652 18619
3657 6214
3657 19730
3705 1865
3749 19938
3754 5866
3757 6062
3757 23933
3760 20907
3771 6336
3804 935
3804 2763
3804 4225
3804 4935
3804 5189
3804 22214
3809 5645
3834 13969
3834 14054
3834 15714
3834 24301
3834 24671
3871 1013
3928 5969
3928 6072
3944 13684
3947 6278
3986 5086
3993 19181
3995 5591
3996 19438
4048 804
4066 14806
4086 16581
4102 24033
4109 6035
4113 19138
4121 115
4121 6066
4121 6186
4121 6279
4121 24127
4125 6102
4125 23944
4126 6248
4140 11861
4187 5600
4191 3229
4191 13003
4191 18056
4191 19730
4191 20726
4196 3609
4196 4215
4196 21800
4223 44
4223 642
4223 5710
4223 6058
4223 6201
4225 2939
4225 22412
4237 5946
4237 6035
4237 14805
4237 23085
4242 560
4242 929
4242 1913
4242 2957
4242 3595
4242 4405
4242 4920
4242 5026
4242 5945
4242 6201
4242 6215
4242 6226
4242 6293
4242 6363
4242 6364
4242 6937
4242 9239
4242 16076
4242 18602
4242 24223
4242 24246
4255 4102
4255 4242
4255 4526
4255 5569
4255 6173
4255 16076
4280 4920
4280 5193
4280 6240
4280 23766
4282 2126
4282 3185
4308 13684
4330 6201
4331 6201
4331 17055
4339 1346
4339 6353
4340 3468
4340 3943
4396 11149
4406 11861
4406 21337
4406 23085
4408 4308
4440 496
4440 5858
4440 6016
4440 6071
4440 6153
4440 6271
4440 11929
4440 14034
4449 443
4459 4160
4514 22222
4577 6020
4578 3172
4664 11929
4667 6240
4667 13191
4681 5946
4685 2467
4685 4885
4685 5079
4685 6153
4685 6169
4685 6874
4685 23921
4685 24670
4715 5677
4719 4682
4724 8995
4724 18917
4735 6121
4737 8921
4737 21040
4785 18169
4785 21786
4871 20875
4876 8996
4885 24033
4920 215
4920 223
4920 503
4920 618
4920 929
4920 1952
4920 5178
4920 5325
4920 5447
4920 6043
4920 6168
4920 6252
4920 6281
4920 6389
4920 10582
4920 16998
4920 23766
4928 1462
4928 6009
4928 6150
4928 6173
4928 6201
4928 18169
4937 24191
4944 18619
4950 601
4989 5075
5009 1221
5052 5079
5079 6339
5107 6266
5125 6333
5125 22780
5127 18169
5127 21064
5146 5943
5147 18499
5147 22225
5147 24601
5152 1346
5152 4896
5152 5878
5152 6364
5152 9239
5152 11669
5152 11881
5152 14805
5152 19683
5152 19730
5152 20907
5159 5430
5178 3172
5178 4084
5178 5096
5178 5693
5178 6043
5178 6132
5178 6174
5178 6375
5178 11929
5178 13786
5178 23348
5181 11460
5193 618
5193 1952
5204 3934
5204 6093
5204 22276
5223 6108
5261 4681
5261 8996
5274 18602
5282 6049
5282 6188
5282 6201
5282 11577
5282 11861
5284 776
5311 105
5311 1497
5311 2984
5311 3295
5311 3415
5311 5156
5311 5489
5311 5539
5311 5718
5311 5995
5311 6042
5311 6071
5311 6098
5311 6202
5311 6250
5311 6379
5311 8975
5311 11698
5311 14232
5311 16018
5311 16504
5311 17475
5311 21300
5311 21699
5311 21913
5311 24601
5319 6342
5325 44
5325 484
5325 5946
5325 6186
5325 21884
5325 23348
5325 24365
5345 4928
5345 5311
5345 5946
5345 6557
5362 6557
5364 5941
5366 7410
5366 24313
5393 255
5409 1221
5409 1462
5409 4109
5409 5703
5409 6048
5409 6145
5409 11698
5409 24442
5411 642
5411 5946
5411 6074
5427 6038
5427 6087
5427 8147
5429 1462
5429 1654
5429 5086
5429 5946
5429 6216
5429 15755
5448 907
5448 2036
5448 2443
5448 4896
5448 5530
5448 6166
5448 6348
5448 14309
5448 18602
5448 19355
5448 19901
5448 20028
5477 6806
5477 20429
5480 6072
5485 13184
5485 18323
5489 6165
5489 12935
5498 23473
5504 9239
5516 8996
5519 320
5519 642
5519 2052
5519 2422
5519 3381
5519 3460
5519 4724
5519 4920
5519 5569
5519 5866
5519 6180
5519 8995
5519 10121
5519 17742
5519 22188
5519 22730
5519 23458
5533 6222
5539 6015
5539 23473
5541 15832
5544 287
5544 1188
5544 4066
5544 6039
5544 6201
5544 11657
5544 20280
5567 8996
5595 20829
5600 10582
5616 9025
5632 11861
5632 19730
5639 6348
5645 2957
5645 8993
5646 3153
5646 13358
5658 1913
5658 2126
5658 2924
5658 6002
5658 6117
5658 12964
5658 15714
5658 18764
5677 326
5677 820
5677 1183
5677 1312
5677 1852
5677 2214
5677 3123
5677 5501
5677 5866
5677 5880
5677 6206
5677 6334
5677 14361
5677 15617
5677 16186
5677 19355
5677 24033
5677 24223
5686 6201
5692 726
5693 1931
5693 7874
5693 11929
5703 1221
5703 4109
5745 2467
5745 6020
5745 18169
5753 671
5753 6235
5753 6937
5753 18602
5793 5667
5793 6067
5793 12135
5793 24133
5801 6880
5801 11899
5805 557
5805 5600
5805 11967
5805 13191
5817 13184
5829 5969
5830 6238
5841 6125
5841 12190
5841 13191
5855 4455
5869 2179
5878 6032
5882 15610
5902 18764
5939 6146
5946 25
5946 194
5946 623
5946 673
5946 3019
5946 3055
5946 3123
5946 3218
5946 4632
5946 4724
5946 5458
5946 5501
5946 5677
5946 5685
5946 5880
5946 6044
5946 6065
5946 6130
5946 6131
5946 6137
5946 6145
5946 6170
5946 6248
5946 6289
5946 6343
5946 8975
5946 11422
5946 11971
5946 13099
5946 14221
5946 14267
5946 14805
5946 15688
5946 17085
5946 17310
5946 17830
5946 18619
5946 18689
5946 19999
5946 21058
5946 21337
5946 22744
5946 23458
5946 24266
5946 24349
5946 24351
5946 24451
5946 24682
5950 2491
5950 3934
5957 2920
5959 16179
5969 12053
5969 24707
5972 18619
5993 3415
5993 5501
5998 54
5998 24722
6002 17872
6007 5998
6007 6125
6011 5971
6018 9025
6019 8321
6022 10121
6024 8540
6025 13406
6031 601
6039 24167
6042 19454
6045 22225
6046 13684
6047 471
6047 1211
6047 1669
6047 2873
6047 4913
6047 11637
6047 21927
6057 23933
6061 7778
6066 929
6066 6278
6073 2924
6078 6092
6081 9655
6082 24568
6084 1350
6084 2257
6084 4399
6084 14496
6084 19999
6091 16018
6093 15117
6094 231
6094 415
6094 5284
6094 6049
6094 21194
6094 24591
6095 820
6095 23085
6097 4579
6098 1407
6098 20907
6102 4455
6103 14361
6106 6015
6107 5006
6109 7816
6109 21699
6110 7778
6113 6111
6113 6112
6113 24150
6116 15116
6120 18169
6121 6164
6121 13969
6121 15093
6121 15610
6121 21194
6124 1925
6124 1944
6124 3309
6124 6278
6124 6362
6124 6383
6124 9239
6124 15319
6124 18927
6124 21064
6124 21885
6125 1158
6125 6175
6125 6213
6125 7778
6125 24033
6135 1462
6138 18169
6139 6123
6140 18169
6140 24518
6144 6143
6150 6259
6151 14964
6152 1619
6154 6811
6157 8540
6157 24435
6158 4531
6160 16900
6161 23320
6163 601
6163 23348
6164 20355
6167 5516
6167 6166
6167 6383
6167 21884
6168 19685
6170 9239
6170 17830
6172 21064
6174 601
6174 1462
6178 5817
6179 17475
6181 6200
6182 5980
6183 6557
6187 15935
6189 5435
6195 6350
6196 8939
6201 4308
6201 6007
6201 18764
6201 21240
6202 6206
6203 18169
6204 6056
6206 287
6210 1584
6210 4671
6210 6356
6210 16581
6210 18602
6210 24680
6212 14323
6213 24033
6219 6937
6221 4357
6224 2422
6228 3123
6232 15755
6234 6293
6236 21786
6237 24695
6240 115
6240 18293
6241 17576
6242 18602
6243 9239
6245 23921
6246 2491
6247 13099
6255 4086
6258 503
6258 6282
6273 24224
6276 1913
6276 5971
6278 172
6278 6437
6278 16864
6282 15361
6285 12358
6285 24682
6286 23943
6287 2612
6288 5569
6297 12231
6299 14054
6300 13969
6303 1013
6303 10811
6304 5858
6306 24452
6307 6201
6307 8996
6307 24310
6317 9275
6318 15776
6320 8921
6327 24310
6328 7554
6334 19730
6341 2268
6344 3943
6352 9239
6354 2920
6354 3943
6354 4928
6354 5329
6354 5866
6354 6352
6354 6806
6355 9239
6361 16323
6367 5972
6369 6365
6370 7648
6371 5866
6372 6368
6379 6378
6380 19426
6381 1101
6384 14414
6388 14595
6528 804
6528 4928
6557 3381
6557 3943
6557 4526
6557 4920
6557 5880
6557 6064
6557 6296
6557 12135
6557 13141
6557 18169
6557 19138
6660 4508
6806 14806
6845 3415
6845 6295
6845 9239
6874 1542
6874 2053
6874 3996
6874 6249
6874 14309
6961 0
6961 3334
7202 6186
7405 929
7405 23177
7410 287
7410 1013
7410 6005
7410 6151
7410 16859
7499 5448
7499 8363
7499 18169
7499 22513
7554 18602
7648 230
7648 820
7648 1971
7648 4196
7648 5960
7648 6037
7648 6074
7648 6215
7648 6299
7648 6323
7648 9239
7648 17055
7648 19901
7648 22211
7778 4785
7778 6056
7778 6109
7778 6133
7778 6175
7778 6350
7778 16179
7778 19138
7778 20907
7778 24640
7816 22067
7940 6077
8102 4785
8102 19902
8289 231
8289 6192
8305 24682
8363 1462
8363 5971
8456 22341
8540 23177
8820 1323
8921 341
8921 3183
8921 5977
8921 14034
8921 21786
8921 22807
8975 255
8975 6215
8975 20292
8984 3468
8984 4242
8984 17003
8984 18169
8993 275
8993 6201
8993 6811
8993 9025
8993 24710
8995 6283
8995 11149
8995 18169
8995 23085
8995 24275
8996 130
8996 172
8996 287
8996 642
8996 1110
8996 1887
8996 2732
8996 2920
8996 2957
8996 3027
8996 3595
8996 4066
8996 4276
8996 5152
8996 5311
8996 5325
8996 5745
8996 6119
8996 6125
8996 6150
8996 6167
8996 6282
8996 6308
8996 8939
8996 10408
8996 13066
8996 14806
8996 15755
8996 17312
8996 18764
8996 19172
8996 19421
8996 19999
8996 20355
8996 20907
8996 21336
8996 23348
8996 24640
9005 5997
9011 1318
9011 6291
9011 14835
9011 18764
9025 20
9025 623
9025 642
9025 1013
9025 2277
9025 2957
9025 3657
9025 5569
9025 5745
9025 5866
9025 6004
9025 6042
9025 6155
9025 6190
9025 6215
9025 6263
9025 6282
9025 9551
9025 11149
9025 11929
9025 15251
9025 19454
9025 20021
9025 20907
9025 23348
9025 24033
9026 24492
9030 20534
9057 830
9057 1110
9057 2239
9057 2591
9057 6018
9057 6147
9057 9025
9057 11899
9057 13184
9057 13786
9057 15755
9177 3595
9177 6005
9177 16843
9239 1542
9239 1639
9239 2353
9239 2440
9239 2467
9239 2920
9239 3023
9239 3657
9239 5105
9239 5448
9239 6042
9239 6220
9239 6375
9239 11929
9239 13099
9239 14189
9239 21337
9239 21876
9239 24266
9239 24409
9365 6055
9524 5115
9553 13337
9553 17301
9682 1913
9713 213
9713 23085
9724 601
9724 3702
9724 6020
9724 10782
9842 5325
9842 5878
9842 15447
9842 20355
9842 23348
9960 23944
10115 20285
10121 1221
10121 1971
10121 5152
10121 5325
10121 6364
10325 13969
10434 6301
10434 6335
10434 6869
10566 172
10566 2283
10566 4785
10566 5420
10566 6150
10566 6155
10566 6181
10566 6183
10566 6352
10566 6557
10566 9025
10566 15814
10566 18169
10566 19730
10566 21786
10582 2497
10811 255
10811 2053
10811 3437
10811 3934
10811 5075
10811 5435
10811 5489
10811 6083
10811 6173
10811 6195
10811 6250
10811 11929
10811 14309
10811 20904
11062 934
11076 2920
11076 4331
11076 16998
11120 6271
11149 12900
11157 1462
11157 2467
11157 5801
11157 5854
11157 5945
11157 6075
11157 6227
11157 6349
11157 22412
11157 24394
11361 15450
11488 1901
11488 6077
11488 20512
11540 14387
11540 21954
11577 11861
11579 6173
11579 6301
11579 12135
11579 18169
11657 2984
11657 3372
11657 4276
11657 6021
11657 6201
11657 6262
11657 9005
11657 13196
11657 13684
11657 20280
11684 2134
11684 12135
11684 12900
11684 15714
11684 20285
11700 287
11700 11929
11715 3943
11715 4242
11727 16018
11729 503
11756 2361
11756 2794
11779 1312
11779 1971
11779 2392
11779 2540
11779 5257
11779 6005
11779 6227
11779 6271
11779 11929
11779 13099
11779 19438
11779 21064
11779 21878
11779 22412
11779 24394
11819 1520
11819 4896
11819 5569
11819 6026
11819 6209
11819 19999
11861 557
11861 833
11861 5026
11861 5362
11861 5993
11861 9239
11861 13786
11861 15483
11861 22225
11861 23085
11881 3072
11881 21954
11881 24472
11899 934
11899 5977
11899 6361
11929 20284
11967 5311
11967 13191
11967 22341
11967 24223
12053 1584
12123 20950
12135 546
12135 1542
12135 1584
12135 2053
12135 4084
12135 4932
12135 4982
12135 5569
12135 5865
12135 6037
12135 6050
12135 6092
12135 6155
12135 6271
12135 6358
12135 12546
12135 14738
12135 18449
12135 18602
12135 19871
12135 22469
12231 6937
12231 18169
12242 17349
12358 21609
12369 7410
12369 18169
12519 20783
12546 17342
12670 1551
12670 6262
12774 4126
12774 6248
12774 6937
12774 24275
12855 24435
12870 465
12900 124
12900 2467
12900 5311
12900 6311
12900 9025
12900 9239
12900 9551
12900 11579
12900 16076
12900 19454
12900 20399
12900 22208
12964 2924
13027 1039
13027 1384
13027 5866
13027 6326
13027 15814
13027 21699
13059 1951
13065 215
13065 18169
13066 13786
13066 16018
13099 6348
13141 15570
13141 17333
13181 2353
13181 13184
13184 4920
13184 14309
13184 14713
13191 1221
13196 44
13196 6298
13196 9026
13196 18764
13214 1013
13214 5969
13214 24191
13270 2214
13270 16047
13270 23085
13308 6178
13308 17568
13308 19426
13337 1913
13343 6099
13343 6385
13370 9239
13370 24226
13370 24394
13379 23944
13383 671
13383 6379
13406 1183
13406 5096
13406 5639
13406 6085
13406 6109
13406 6350
13406 20512
13406 24018
13406 24435
13431 15688
13431 16998
13662 5325
13662 6347
13684 172
13684 1264
13684 1971
13684 2732
13684 4215
13684 4683
13684 6143
13684 6198
13684 6202
13684 6206
13684 6282
13684 11881
13684 21240
13684 22466
13694 5699
13786 946
13786 1109
13786 1971
13786 3609
13786 5325
13786 6007
13786 6371
13786 9685
13786 12135
13786 14920
13786 16377
13786 18602
13786 20021
13786 21786
13786 22276
13796 946
13796 1258
13796 6557
13845 17050
13845 20904
13969 415
13969 642
13969 2264
13969 2499
13969 2920
13969 3657
13969 3943
13969 5710
13969 6027
13969 6041
13969 6058
13969 6094
13969 6156
13969 6215
13969 6311
13969 9611
13969 10782
13969 11881
13969 12135
13969 16076
13969 16323
13969 18602
13969 19938
13969 20726
13969 21194
13969 22513
13969 24301
14010 5409
14010 5866
14054 642
14241 6238
14241 18169
14304 24366
14355 4215
14355 11926
14361 1211
14361 16179
14387 601
14387 3415
14387 12135
14414 1971
14414 10259
14414 20021
14414 24640
14595 5362
14595 6021
14595 20387
14595 24722
14713 6375
14738 496
14805 5547
14805 22513
14806 44
14806 642
14806 2984
14806 5866
14806 6098
14806 6334
14806 6375
14806 17055
14806 18764
14806 21240
14807 1692
14835 1462
14888 130
14888 6098
14920 115
14920 560
14920 1312
14920 1654
14920 1971
14920 4664
14920 4937
14920 5075
14920 5489
14920 5971
14920 6028
14920 6188
14920 6347
14920 6358
14920 6375
14920 23348
14920 24033
14920 24223
14969 503
15024 4491
15024 8363
15057 21064
15116 5424
15145 5447
15145 6327
15145 13184
15145 18602
15229 4237
15229 5677
15229 5971
15229 11929
15229 12067
15251 5311
15251 5946
15251 16018
15259 642
15277 1105
15277 3609
15277 6266
15277 8993
15361 593
15361 1551
15361 17568
15382 2497
15382 5677
15447 255
15447 287
15447 601
15447 1971
15447 2633
15447 3130
15447 3460
15447 5866
15447 6150
15447 6163
15447 6358
15447 6375
15447 6383
15447 12135
15447 14309
15447 14920
15447 23348
15447 24033
15447 24127
15450 1633
15450 6150
15450 6375
15594 1316
15594 6254
15610 16018
15617 11698
15688 6014
15688 18764
15688 20429
15698 2811
15698 22208
15714 2794
15714 5424
15714 5788
15755 20787
15814 6306
15814 12135
15814 22882
15814 24033
15935 5975
15935 6067
16018 929
16018 6167
16018 6238
16018 10582
16018 20021
16018 21884
16076 1235
16076 1462
16076 1644
16076 2036
16076 2790
16076 5257
16076 11579
16076 11779
16076 18602
16186 601
16186 20285
16303 2497
16323 126
16323 11698
16323 19554
16377 0
16377 172
16493 23933
16504 15594
16581 1542
16581 3113
16581 6161
16581 18602
16581 22276
16591 2732
16591 4932
16591 6048
16591 6282
16591 9026
16591 19172
16608 8995
16613 2053
16613 3943
16613 6201
16637 1221
16843 5878
16843 9842
16843 24181
16856 213
16859 642
16859 1658
16859 2353
16859 3027
16859 3944
16859 13684
16859 18634
16892 6123
16897 6020
16897 11955
17055 15776
17058 2194
17058 3334
17058 4084
17058 4920
17058 5969
17058 6072
17058 6368
17058 6375
17058 6437
17058 12135
17058 14386
17058 16864
17058 18169
17058 23219
17058 24680
17066 1312
17089 23921
17157 5485
17157 5866
17299 172
17299 6251
17333 13969
17338 6310
17342 5489
17342 5977
17342 6165
17342 9275
17454 6199
17454 6303
17472 18405
17475 2361
17475 6850
17475 9553
17576 213
17576 4123
17576 6357
17675 4896
17675 17749
17695 5325
17695 7202
17695 19901
17749 5866
17801 5972
17809 3023
17809 6336
17809 16608
17818 386
17818 3218
17818 20883
17830 18602
17840 6033
17840 8984
17840 14224
17872 2422
17872 22592
17872 24033
18034 4681
18034 6218
18138 5178
18169 2277
18169 3113
18169 3934
18169 5096
18169 5325
18169 5485
18169 5677
18169 6147
18169 6150
18169 6153
18169 6238
18169 6282
18169 11881
18169 14414
18169 14805
18169 16775
18169 20021
18169 21699
18169 23085
18169 24033
18169 24640
18231 11929
18293 5096
18293 23701
18401 642
18401 4920
18401 6010
18401 6362
18401 23085
18401 23921
18438 3835
18438 6299
18438 9275
18449 601
18449 6275
18449 8820
18449 22469
18547 1887
18574 5193
18574 5325
18574 6216
18574 6263
18574 6281
18574 11929
18574 14920
18574 19685
18574 20817
18574 23766
18602 2015
18602 2467
18602 2760
18602 5132
18602 5677
18602 6005
18602 6149
18602 6180
18602 6323
18619 3038
18619 3986
18619 5489
18619 5539
18619 5639
18619 5677
18619 5969
18619 6015
18619 6350
18619 6379
18619 6383
18619 14361
18619 16186
18619 19266
18619 24223
18634 21609
18689 642
18689 671
18689 1654
18689 1776
18689 2318
18689 2361
18689 2748
18689 3123
18689 3415
18689 3968
18689 5429
18689 5547
18689 5993
18689 6074
18689 6112
18689 6206
18689 6307
18689 6327
18689 6332
18689 6337
18689 6937
18689 12231
18689 16186
18689 21899
18689 23943
18698 10811
18698 23360
18764 287
18764 2443
18764 2732
18764 2920
18764 5447
18764 6072
18764 6249
18764 6352
18764 12135
18764 15755
18764 20907
18764 24033
19023 13141
19038 20892
19059 1658
19059 1740
19059 13786
19059 14835
19059 24640
19087 2126
19105 1692
19105 5866
19105 19038
19138 19802
19149 6034
19165 3538
19172 44
19172 5867
19172 6167
19172 6282
19184 1312
19328 1197
19328 5325
19328 23876
19355 2134
19355 2361
19355 4102
19355 5026
19355 5946
19355 6123
19355 6156
19355 13406
19355 15617
19355 16186
19355 17675
19355 18602
19379 4683
19379 6087
19379 6236
19421 1582
19421 17749
19421 19901
19421 20512
19421 21954
19421 24591
19426 5878
19426 5879
19438 3595
19438 6117
19438 6274
19438 11819
19438 17055
19438 18602
19454 642
19480 22513
19482 18955
19554 671
19554 6266
19554 8107
19554 14054
19554 20038
19554 24572
19683 1346
19683 5677
19683 5946
19683 6099
19683 9239
19683 16504
19683 24451
19685 618
19685 2611
19730 172
19730 186
19730 1913
19730 3148
19730 3330
19730 5530
19730 5567
19730 5866
19730 5946
19730 6041
19730 6074
19730 6248
19730 6627
19730 11861
19730 11929
19730 11967
19730 13786
19730 15450
19730 17055
19730 19038
19730 20021
19730 20907
19730 21884
19730 21954
19730 24161
19802 1462
19802 4109
19802 5431
19802 5448
19802 9275
19827 8984
19870 115
19870 5600
19870 6195
19870 13141
19870 19915
19870 20783
19870 22882
19870 24313
19871 21786
19871 24133
19881 6072
19901 172
19901 503
19901 1665
19901 2732
19901 5325
19901 5530
19901 5539
19901 5569
19901 6097
19901 6125
19901 6132
19901 6147
19901 6168
19901 6389
19901 13099
19901 15447
19901 15935
19901 20907
19901 22158
19901 23348
19901 24033
19901 24127
19901 24174
19901 24695
19938 6282
19938 16946
20058 929
20058 17576
20140 24435
20242 2497
20242 6035
20285 20021
20292 17067
20355 2540
20355 3038
20355 3538
20355 5530
20355 5569
20355 5941
20355 6061
20355 6072
20355 6137
20355 6209
20355 6308
20355 15450
20355 21194
20355 21739
20355 23348
20355 24640
20387 2065
20387 2497
20387 3148
20387 3657
20512 230
20512 574
20512 6035
20512 6076
20512 6085
20512 6162
20512 8993
20512 24640
20674 10811
20684 54
20684 2961
20787 16998
20812 20512
20812 21702
20817 172
20817 215
20817 4950
20817 5325
20817 11700
20817 13184
20817 20907
20817 23348
20817 24127
20883 589
20883 1312
20883 6103
20883 6326
20886 4355
20904 2920
20904 6866
20904 11840
20904 17050
20907 2126
20907 5101
20950 3023
20950 4510
20950 8996
21020 601
21020 6108
21058 6171
21064 5044
21079 44
21079 6046
21089 1318
21089 2591
21089 6002
21110 12123
21194 24591
21213 6071
21233 24033
21240 572
21240 2920
21240 5435
21240 6231
21240 6323
21240 11700
21240 18169
21336 5632
21356 24445
21699 601
21699 1462
21699 1971
21699 2036
21699 2059
21699 2134
21699 5026
21699 5096
21699 5431
21699 5539
21699 5569
21699 5880
21699 5972
21699 6028
21699 6046
21699 6055
21699 6071
21699 6087
21699 6099
21699 6105
21699 6125
21699 6131
21699 6162
21699 6165
21699 6175
21699 6188
21699 6308
21699 6311
21699 12190
21699 16076
21699 16179
21699 23360
21702 2422
21786 673
21786 3460
21786 5969
21786 6071
21786 6112
21786 6210
21786 6278
21786 11698
21786 11936
21786 13379
21786 18169
21786 19802
21786 20355
21786 23298
21786 24680
21800 1462
21800 20429
21876 115
21876 6215
21876 17055
21876 24238
21878 2015
21878 6153
21878 24252
21884 3330
21899 2611
21899 6186
21899 6218
21911 1106
21911 6005
21911 6349
21926 6001
21954 820
21954 2277
21954 4896
21954 5448
21954 5505
21954 6334
21954 7648
21954 17349
22092 4681
22092 5132
22092 23348
22214 791
22214 5639
22276 510
22276 2443
22276 4730
22276 5448
22276 6005
22276 6044
22276 6173
22276 6227
22276 19802
22276 24707
22328 11899
22341 6385
22341 15594
22412 2053
22412 6066
22412 6166
22412 6243
22412 23929
22412 24707
22466 6218
22469 1584
22513 1865
22513 5677
22513 5805
22513 6248
22513 11899
22513 17735
22513 22341
22592 24033
22598 1665
22708 24246
22742 6216
22807 5075
22807 6005
22882 4384
23130 3771
23130 6156
23130 6336
23130 6364
23130 10121
23226 172
23298 1318
23348 14
23348 4920
23348 5132
23348 6016
23348 6055
23348 6068
23348 6071
23348 6078
23348 6082
23348 6131
23348 8995
23348 11579
23348 21878
23348 23921
23348 23991
23348 24224
23348 24266
23455 820
23455 4491
23455 6250
23455 13969
23473 7778
23473 20907
23535 601
23535 1665
23535 4121
23535 5485
23535 13184
23535 18169
23535 24695
23766 5193
23766 5572
23766 13466
23766 14403
23766 15404
23766 21337
23846 172
23921 5858
23921 6215
23921 6368
23927 6377
23929 24707
23933 1810
23933 2961
23933 3219
23933 5858
23943 24702
23946 6557
23946 20594
24033 172
24033 1158
24033 3968
24033 4785
24033 5101
24033 5411
24033 6004
24033 6015
24033 6103
24033 6124
24033 6131
24033 6165
24033 6292
24033 17055
24033 18619
24033 20907
24033 22882
24033 24266
24088 557
24088 1346
24108 5152
24127 172
24127 6163
24127 6174
24127 13184
24127 13786
24127 24695
24133 255
24133 596
24133 1013
24133 1462
24133 6171
24150 5411
24150 5429
24150 6112
24161 5026
24161 5969
24174 29
24174 6348
24174 21786
24224 5132
24224 5620
24226 412
24226 626
24226 1013
24226 1807
24226 3771
24226 4932
24226 5431
24226 5448
24226 5865
24226 5893
24226 6310
24226 6336
24226 6349
24226 19149
24226 24695
24247 2214
24250 341
24250 2102
24250 6155
24250 8995
24250 9239
24252 172
24252 390
24252 1971
24252 2015
24252 3595
24252 5299
24252 5969
24252 6014
24252 6072
24252 6166
24252 6874
24252 9025
24252 17349
24252 24033
24266 260
24308 11881
24381 6049
24381 14835
24392 24033
24393 12900
24393 13969
24393 17055
24393 18169
24393 19730
24393 19802
24405 3952
24409 3996
24409 5431
24409 6275
24409 19802
24409 24695
24433 3415
24435 12190
24442 1462
24448 6062
24451 4183
24451 5677
24451 6289
24451 6937
24451 15617
24452 255
24460 1543
24460 5311
24460 6048
24460 6282
24460 13684
24460 17119
24460 18764
24463 21739
24483 125
24518 21064
24518 24707
24526 6201
24550 23991
24568 195
24568 255
24568 3023
24568 23473
24572 14054
24579 15714
24588 12117
24591 6243
24591 6252
24591 15450
24591 21739
24671 231
24671 1350
24682 1776
24682 2984
24682 4331
24682 6241
24682 24710
24695 5431
24702 4970
24707 1584
24707 4018
24707 6060
24710 4183
24710 6033
24710 6098
24710 6202
24710 6385
24710 16047
24722 6048
24737 6201
