24740 7232
0 24433
20 1105
20 1312
20 1951
20 12367
20 15117
20 19359
20 19695
20 23235
34 701
34 7465
34 9057
34 15447
34 21402
44 2713
44 9405
44 14192
44 15488
44 17039
44 17467
44 21240
156 11709
156 17358
213 7037
213 9025
213 12079
213 12960
213 14920
213 15251
213 17687
213 19362
213 19410
213 19545
213 19617
213 19663
213 19706
215 19536
260 2592
262 0
275 8812
275 20721
287 8571
287 16502
287 19489
320 1658
320 14960
320 18602
320 20992
320 21876
337 21240
348 1951
348 6693
348 15814
386 4802
386 5229
386 24435
394 833
394 8277
394 13560
394 13855
394 17788
401 814
406 19679
412 6693
412 16678
412 18347
470 2387
470 2956
470 7019
470 12392
470 12668
470 12731
470 19537
525 44
525 4906
525 19608
545 2611
555 16186
556 833
560 8262
572 19540
572 19573
596 1951
596 9842
596 11758
596 14691
596 19069
596 23203
601 18061
601 18517
601 19487
601 19528
623 1312
623 3528
623 3874
623 8421
623 11378
623 13042
623 13460
623 15540
623 17100
623 18602
623 19350
623 19505
623 19544
623 19614
623 19617
623 19648
623 24226
630 10518
630 19089
630 19397
630 20817
642 701
642 2487
642 6693
642 9957
642 12829
642 13693
642 14562
642 14787
642 15758
642 15907
642 16730
642 19236
642 19381
642 19392
642 19394
642 19402
642 19548
642 19558
642 19567
642 19570
642 19615
642 22234
642 23795
644 12573
644 13631
644 13851
644 17888
644 23795
675 3986
701 4342
701 6047
701 9263
701 9957
701 10429
701 12079
701 12123
701 12560
701 13465
701 14483
701 14858
701 16520
701 18517
701 18993
701 19258
701 19359
701 19479
701 19570
701 19595
701 19609
701 19669
701 19686
703 6278
804 18517
830 4121
830 4217
830 6095
830 19360
830 19688
830 21336
833 6485
834 2633
847 12025
866 12731
866 13113
876 9057
876 12242
876 13270
876 21336
895 13305
895 18520
920 1447
929 630
929 6009
929 12326
929 14713
934 10359
934 21336
966 19652
1013 1543
1013 1934
1013 6961
1013 8935
1013 12734
1013 17690
1013 18347
1013 19404
1013 19472
1013 19697
1013 19705
1018 337
1018 5686
1018 12829
1018 19196
1018 19599
1018 19680
1018 24707
1031 1543
1038 19359
1105 1543
1105 1913
1105 5129
1105 7759
1105 8632
1105 9025
1105 12079
1105 12812
1105 16318
1105 19361
1105 19540
1116 1951
1116 14232
1116 19344
1116 19619
1116 19676
1126 12079
1133 12079
1133 12789
1137 833
1137 5567
1137 6074
1137 6095
1137 8996
1137 12153
1137 13270
1137 13855
1137 14960
1137 16187
1137 17016
1137 19688
1137 22207
1141 34
1141 701
1141 10307
1141 12135
1141 13969
1141 15332
1141 16822
1141 19336
1173 9025
1197 17479
1230 10429
1230 13042
1244 6693
1244 8571
1244 13042
1244 23254
1281 19500
1312 2592
1312 2633
1312 3874
1312 6278
1312 7759
1312 8659
1312 8935
1312 10292
1312 11717
1312 12189
1312 14448
1312 14920
1312 15502
1312 17215
1312 18602
1312 19398
1312 19705
1346 17559
1346 17788
1382 8996
1382 22217
1403 12037
1403 18989
1403 19242
1403 19394
1403 19494
1403 19509
1403 19687
1411 7258
1411 17446
1411 19630
1430 20
1430 630
1430 1312
1430 3172
1430 5115
1430 5177
1430 5447
1430 5689
1430 5693
1430 6485
1430 6598
1430 7778
1430 9239
1430 10518
1430 11717
1430 12371
1430 14415
1430 14550
1430 15818
1430 15967
1430 16132
1430 17112
1430 18574
1430 19572
1430 19580
1430 19901
1430 23795
1430 24206
1538 6047
1538 17654
1543 701
1543 5956
1543 9275
1543 9853
1543 10253
1543 10429
1543 11684
1543 16613
1543 18602
1547 12539
1549 8681
1581 5447
1582 18517
1582 19636
1616 15946
1632 9553
1633 19526
1639 4502
1639 12829
1639 14232
1639 18517
1658 3705
1658 7387
1658 8996
1658 13305
1658 13560
1658 16160
1658 16816
1658 17942
1667 1692
1667 3292
1667 13460
1667 15621
1667 19497
1667 19526
1667 23937
1667 24518
1689 15446
1692 13729
1692 19511
1716 13693
1716 15332
1716 16187
1740 8632
1740 10133
1740 12677
1740 12829
1740 14952
1740 17039
1740 19330
1740 19547
1741 8816
1741 12079
1741 13738
1741 17885
1741 19236
1741 19374
1741 19610
1767 16268
1800 13191
1846 2361
1846 2497
1846 11698
1846 13693
1846 14960
1846 19394
1913 19394
1934 4447
1934 14835
1934 16928
1949 9960
1951 6036
1951 7759
1951 9263
1951 12360
1951 12734
1951 13042
1951 18602
1951 18729
1951 18734
1951 19481
1951 19489
1951 19584
1951 19676
1989 12246
2018 19513
2134 1667
2134 3292
2134 7424
2134 8632
2134 12079
2134 12987
2134 13738
2134 13786
2134 17016
2134 17598
2134 18602
2134 18993
2134 19381
2134 20892
2134 22592
2134 24033
2194 9025
2194 13738
2197 642
2197 880
2197 1846
2197 2487
2197 5448
2197 6598
2197 9057
2197 9924
2197 12211
2197 12220
2197 12818
2197 12829
2197 12987
2197 13305
2197 13786
2197 15594
2197 16557
2197 16928
2197 17118
2197 17712
2197 19505
2197 19509
2197 19523
2197 19551
2197 19568
2197 19576
2197 19648
2197 24435
2238 19654
2274 1441
2275 13560
2329 4920
2361 7212
2361 11929
2361 18953
2361 18993
2361 19403
2361 19440
2362 13027
2387 2491
2387 9842
2387 10021
2387 11819
2387 12392
2387 13042
2387 17358
2387 19119
2387 19299
2387 19359
2387 19361
2387 19395
2387 19396
2387 19443
2387 19500
2387 19507
2387 19614
2387 19660
2413 7082
2413 7759
2413 8421
2413 12079
2413 14227
2413 14960
2413 19376
2413 19551
2421 2416
2423 18009
2442 15502
2442 18619
2487 2275
2487 3172
2487 5448
2487 5635
2487 8996
2487 9025
2487 12829
2487 15502
2497 642
2497 3439
2497 4406
2497 6244
2497 7212
2497 8816
2497 12079
2497 12789
2497 13727
2497 13738
2497 14171
2497 15621
2497 18147
2497 18602
2497 18917
2497 19381
2497 19497
2497 19548
2497 22234
2515 16775
2582 8935
2583 12090
2583 21213
2592 630
2592 1126
2592 2225
2592 12465
2592 13977
2592 15843
2592 16409
2592 16678
2592 17651
2592 20676
2594 606
2594 3681
2594 10429
2629 14550
2629 16892
2633 14527
2633 15540
2633 17215
2633 19560
2736 1538
2736 4982
2736 12190
2736 12371
2736 14188
2736 19536
2736 21699
2748 13305
2794 1846
2794 3803
2831 18602
2872 6520
2939 19242
2956 14293
2956 18993
2997 1934
2997 4447
2997 7759
2997 9256
2997 11902
2997 12734
2997 12789
2997 16409
2997 16565
2997 19524
3049 12315
3049 14960
3049 22513
3072 1296
3072 2349
3101 6485
3101 7759
3101 9842
3130 19576
3172 3203
3172 4683
3172 5530
3172 8571
3172 8996
3172 12829
3172 14969
3172 17016
3172 18517
3172 22708
3214 12079
3292 2361
3292 8820
3292 10429
3292 17687
3293 21927
3425 642
3425 11698
3425 12829
3425 13693
3425 19669
3439 18619
3515 21954
3523 19350
3528 19559
3609 7367
3620 19633
3627 18517
3627 19359
3652 11743
3652 12945
3705 7082
3714 12315
3760 3951
3760 8877
3760 14691
3760 17686
3760 19667
3803 6960
3803 19233
3803 19884
3824 1543
3824 9263
3843 9026
3843 14227
3874 12698
3909 19410
3986 275
3986 13042
3986 17215
3986 19648
3986 20992
4086 20
4086 1951
4086 12360
4086 19625
4121 6247
4121 15450
4121 16892
4121 19672
4121 19701
4121 23795
4126 16107
4126 19526
4143 19281
4143 20638
4154 21213
4217 19360
4242 701
4242 5686
4242 8816
4242 16816
4242 19549
4255 12731
4255 17690
4271 21786
4274 1740
4331 0
4331 1158
4331 7410
4343 12037
4343 15621
4407 2091
4407 8571
4407 18517
4407 19663
4407 24152
4440 17905
4440 19479
4440 24707
4459 23085
4502 23348
4578 12200
4578 19364
4624 18993
4653 9177
4667 8421
4667 15369
4667 21699
4685 966
4685 7759
4685 12037
4685 12812
4685 14397
4685 14483
4685 16775
4685 19258
4730 4683
4730 11758
4732 2728
4802 19690
4829 4920
4829 18517
4849 19242
4906 18520
4920 34
4920 644
4920 3452
4920 5689
4920 6796
4920 9057
4920 10518
4920 13851
4920 14500
4920 17888
4920 18517
4920 19528
4920 19562
4920 19670
4920 20817
4920 22424
4920 23795
4952 3528
4982 21584
5123 3292
5152 12206
5152 13720
5160 5516
5178 4920
5178 12326
5178 14550
5178 17449
5178 18517
5178 19562
5178 22598
5189 19621
5198 21884
5229 10833
5229 12207
5261 275
5261 320
5261 640
5284 8935
5311 213
5311 9842
5311 13977
5311 16034
5311 18993
5311 19591
5311 19646
5311 24404
5345 2239
5345 13191
5364 675
5364 11819
5409 8995
5409 18862
5447 630
5448 2765
5448 12829
5448 19299
5512 8996
5516 2831
5516 11834
5519 12829
5530 8996
5530 11579
5530 20242
5530 23348
5539 9025
5564 17653
5639 1313
5639 1951
5639 6247
5639 9764
5639 9954
5639 14858
5639 17719
5639 19649
5639 19654
5645 6049
5645 14595
5686 1312
5686 6067
5686 16318
5686 16502
5686 18729
5686 19605
5686 24033
5693 19376
5753 3292
5753 13738
5753 14546
5762 7082
5762 19549
5769 13693
5769 19614
5784 6811
5801 34
5805 10396
5892 6258
5933 5645
5946 5311
5946 19505
5946 19551
5969 9978
6009 2920
6009 3229
6009 4928
6009 9126
6009 12677
6009 15427
6009 16816
6009 17974
6009 18319
6009 19528
6009 19605
6009 21336
6009 23795
6009 24380
6009 24707
6017 5149
6017 17675
6047 9263
6047 19061
6047 19242
6047 19398
6047 19559
6049 7656
6049 12677
6049 14192
6049 16816
6049 17840
6074 14222
6095 14138
6167 2207
6167 5178
6167 8996
6167 16018
6167 19472
6247 5310
6247 10929
6247 12371
6247 17712
6247 19528
6247 19546
6247 23795
6258 9405
6278 418
6278 7743
6278 18355
6278 19475
6278 19546
6278 20992
6278 23235
6310 1403
6310 2633
6310 6528
6310 8571
6310 13096
6310 18989
6318 18539
6319 4242
6319 11691
6319 12242
6319 12546
6319 13553
6319 15635
6319 16034
6319 17588
6319 18147
6319 18517
6319 18602
6319 19078
6319 19402
6319 19487
6319 23348
6419 13152
6419 16793
6419 18602
6485 5120
6485 12935
6485 14227
6497 3760
6505 13460
6547 7118
6547 8935
6547 15117
6557 1312
6557 2387
6571 19504
6575 16775
6589 4829
6589 16565
6589 19100
6589 19359
6589 23254
6598 8996
6598 9239
6598 14550
6598 16348
6598 16816
6598 18953
6598 22290
6666 12537
6666 18602
6666 19627
6693 11758
6735 12829
6735 16816
6735 24435
6796 19359
6851 18517
6860 19901
6869 3452
6869 3677
6869 8996
6869 9057
6869 11238
6869 12022
6869 12242
6869 16018
6869 22217
6874 18602
6917 6961
6917 15488
6917 17467
6917 19576
6955 231
6955 2413
6955 2997
6955 5089
6955 5448
6955 6961
6955 7759
6955 8540
6955 8820
6955 9697
6955 9964
6955 12812
6955 13465
6955 13969
6955 15610
6955 17039
6955 17358
6955 19524
6955 19528
6960 19516
6961 5949
6961 7405
6961 12668
6961 12731
6961 14960
6961 15450
6961 18347
6961 19492
6964 2569
7022 12041
7022 15640
7022 18539
7082 20424
7142 15620
7172 17440
7212 9239
7315 3439
7405 276
7405 675
7405 1934
7405 8659
7405 12731
7405 19472
7410 1689
7410 11980
7410 12514
7410 15446
7410 18112
7410 19617
7410 19706
7424 19236
7470 19563
7470 23348
7493 19412
7493 19669
7499 9057
7514 17675
7514 17842
7514 19359
7514 23991
7514 24721
7516 830
7516 1716
7516 14138
7516 16187
7516 17016
7516 19056
7516 19623
7516 19688
7566 16018
7601 19617
7601 19659
7648 10253
7648 14920
7648 15332
7648 16018
7648 18347
7648 18517
7648 18729
7682 9405
7682 12315
7682 12789
7682 19236
7682 19585
7743 8813
7743 20992
7743 23795
7743 24518
7759 9924
7759 13113
7759 13465
7759 18517
7759 19192
7759 19242
7759 19359
7759 19401
7759 19633
7759 19663
7759 19676
7778 3255
7778 5310
7778 12371
7778 12465
7778 17381
7778 19563
7778 21699
7785 12412
7888 2384
8005 5120
8005 13553
8005 19479
8025 16744
8031 2194
8031 13184
8102 2134
8102 13003
8102 17885
8102 18689
8102 19061
8102 19356
8102 24033
8199 19552
8232 4447
8232 13588
8232 16409
8232 16546
8232 24707
8252 22592
8262 9924
8262 18953
8262 24033
8274 623
8284 17039
8344 9957
8344 13113
8403 644
8421 3292
8421 9026
8600 9208
8657 11698
8659 11767
8681 19361
8688 394
8813 1411
8813 3995
8813 7258
8813 7759
8813 14227
8813 14271
8813 17942
8813 18147
8813 19605
8835 320
8835 19528
8846 16816
8852 24393
8921 12242
8921 14227
8921 15980
8921 19546
8935 2387
8935 6693
8935 9239
8935 10811
8935 12829
8935 19568
8935 19605
8935 19706
8995 2018
8996 9025
8996 13065
8996 21336
8996 22708
9005 19642
9022 6095
9025 833
9025 993
9025 1716
9025 5409
9025 6095
9025 6796
9025 6961
9025 7682
9025 8031
9025 9057
9025 12668
9025 13191
9025 13738
9025 14130
9025 15287
9025 16744
9025 17016
9025 17687
9025 18520
9025 18993
9025 19362
9025 19410
9025 19526
9025 19528
9025 19529
9025 19548
9025 24226
9030 0
9030 7759
9030 11405
9057 1312
9057 1716
9057 2194
9057 2207
9057 2387
9057 4217
9057 5448
9057 6485
9057 7212
9057 11313
9057 11715
9057 11848
9057 11881
9057 12242
9057 12326
9057 12690
9057 12731
9057 13483
9057 13639
9057 14130
9057 14960
9057 15369
9057 16018
9057 17016
9057 17449
9057 17472
9057 17687
9057 17706
9057 18045
9057 18195
9057 18347
9057 18449
9057 19122
9057 19359
9057 19472
9057 19512
9057 19528
9057 19535
9057 19572
9057 19672
9057 23235
9082 929
9082 2387
9091 13833
9126 15610
9140 2386
9140 19047
9177 275
9177 9842
9177 13042
9177 13886
9177 14179
9177 17479
9177 17942
9177 18034
9177 18729
9177 19392
9177 19493
9238 20
9238 14171
9238 15907
9238 18034
9238 19493
9238 19636
9238 19647
9239 601
9239 701
9239 6961
9239 12900
9239 17358
9239 19394
9239 19558
9239 22364
9256 14098
9256 15488
9275 546
9275 1913
9275 1934
9275 3986
9275 12731
9275 13553
9275 18877
9275 19394
9325 8235
9325 14806
9331 16186
9351 11758
9351 24033
9405 22207
9453 12326
9453 19516
9453 19655
9524 24226
9553 2238
9553 4920
9553 5229
9553 5447
9553 6247
9553 10021
9553 12037
9553 12079
9553 12200
9553 12829
9553 16018
9553 16520
9553 17651
9553 18953
9553 19394
9553 19528
9553 19530
9553 23795
9553 24206
9713 19633
9742 16107
9742 17551
9764 19673
9842 630
9842 5358
9842 6796
9842 12731
9842 18517
9842 18729
9842 19359
9842 23795
9920 2194
9920 20895
9957 15346
9957 15621
9957 18602
9957 19504
9957 19659
9983 12079
9983 12128
9983 13255
9983 22592
10007 8650
10007 10027
10021 24707
10057 4920
10168 19583
10253 2794
10253 3987
10253 4458
10253 6598
10253 9842
10253 10356
10253 11756
10253 11929
10253 12394
10253 12818
10253 13557
10253 15209
10253 18877
10253 19337
10253 19401
10253 19546
10253 19648
10253 20242
10253 20255
10253 21926
10253 22598
10273 18696
10273 24710
10292 320
10292 1934
10292 2633
10292 7493
10292 7743
10292 11717
10292 18729
10292 19544
10410 2920
10410 12079
10410 17850
10410 19361
10410 19585
10429 19479
10429 24310
10566 5120
10566 5448
10566 6961
10566 9057
10566 18347
10566 18940
10566 19523
10626 5892
10718 6960
10811 11579
10811 12326
10811 13772
10811 15907
10811 18449
10811 19359
10811 22234
11230 6124
11230 6586
11230 10558
11230 13096
11230 14171
11230 15907
11230 24445
11313 12539
11378 11607
11378 14232
11406 2275
11406 6796
11406 7682
11406 18038
11406 19240
11419 21699
11579 12193
11657 15640
11657 19702
11698 3292
11698 12789
11698 13977
11722 19011
11743 12945
11743 13465
11743 17156
11743 17686
11743 19530
11743 23203
11758 19490
11758 19494
11767 701
11767 2592
11767 7743
11767 12812
11767 17942
11767 20992
11767 21884
11767 22613
11767 23235
11767 24226
11785 19061
11819 1281
11819 10410
11819 11378
11819 12829
11819 15502
11819 17651
11819 18798
11819 19361
11819 19395
11819 22290
11848 10159
11848 18347
11861 3705
11861 6095
11861 8600
11861 15251
11861 17039
11861 18953
11896 7874
11929 18619
11974 20
12022 23795
12025 15161
12025 19306
12037 2413
12037 14787
12037 24033
12041 13305
12079 19503
12079 22598
12079 23235
12079 24152
12090 21213
12135 1312
12135 1543
12135 7759
12135 8659
12135 9957
12135 10362
12135 12731
12135 12812
12135 13557
12135 16730
12135 17690
12135 18877
12135 19495
12135 23795
12135 23991
12141 19404
12147 11861
12200 19554
12209 19541
12242 2207
12242 12045
12242 19359
12242 19376
12242 19546
12242 19659
12257 11747
12315 6386
12326 4920
12326 12309
12326 16334
12326 21240
12326 22598
12352 5346
12358 3705
12360 15117
12371 14920
12375 11657
12394 14835
12456 13553
12519 16598
12531 11378
12531 18211
12537 7577
12537 7753
12539 19080
12560 9130
12560 10391
12560 10566
12560 19384
12600 8659
12600 14969
12600 15980
12637 11902
12665 4619
12665 7539
12665 12220
12670 6095
12670 21927
12676 22592
12677 24280
12690 15369
12698 24226
12704 19636
12712 14691
12712 15814
12712 15907
12712 19525
12720 630
12720 21884
12720 22598
12731 6693
12731 15971
12731 17358
12731 21110
12734 496
12734 2831
12734 10177
12734 13553
12734 14969
12734 18347
12734 19359
12789 18414
12812 8659
12812 19537
12818 19337
12829 15502
12829 15907
12829 16557
12829 17016
12829 17100
12829 19550
12829 19579
12829 21739
12868 7082
12868 8031
12894 18953
12900 1842
12900 2713
12900 3203
12900 3705
12900 4906
12900 13786
12900 13969
12900 15488
12900 17467
12900 17687
12900 19475
12900 21927
12960 19654
13003 1543
13003 7682
13003 9957
13003 14356
13003 15461
13003 18993
13026 11125
13027 6244
13027 16186
13027 17440
13027 19479
13027 24033
13031 13954
13042 2416
13042 5539
13042 6961
13042 12731
13042 19394
13042 19647
13065 2387
13065 6247
13065 9057
13065 12818
13065 17016
13065 19528
13096 18602
13099 601
13113 213
13113 9957
13121 19373
13124 20
13191 2362
13191 6125
13211 19702
13212 1312
13212 18517
13213 763
13270 1346
13270 4406
13270 19172
13305 197
13305 1312
13305 2920
13305 6714
13305 7037
13305 7682
13305 9256
13305 9742
13305 12412
13305 13639
13305 15427
13305 16816
13305 17654
13305 18045
13305 18520
13305 18884
13305 19196
13305 19350
13305 19396
13305 19547
13305 19565
13305 21335
13311 19047
13343 2633
13370 12829
13370 17100
13370 24518
13383 1447
13409 18517
13458 19279
13470 17016
13485 13639
13557 21240
13558 14124
13584 17727
13584 19625
13588 19573
13601 1689
13639 814
13639 1716
13639 1934
13639 2819
13639 3072
13639 4920
13639 6510
13639 6961
13639 8820
13639 9025
13639 9516
13639 13368
13639 18696
13639 19409
13639 19432
13639 19546
13639 19678
13639 22341
13639 23795
13667 17100
13684 7082
13684 16816
13684 19404
13684 19690
13694 7682
13772 18736
13782 17262
13786 6869
13786 9057
13786 12960
13786 17349
13833 2491
13833 17298
13851 14016
13851 17888
13885 18959
13885 19478
13954 4982
13954 5115
13954 19078
13954 19576
13969 993
13969 1846
13969 2387
13969 2920
13969 8274
13969 8632
13969 10378
13969 11378
13969 12987
13969 13460
13969 14054
13969 14444
13969 16557
13969 16744
13969 17675
13969 18520
13969 18724
13969 19119
13969 19299
13969 19396
13969 19500
13969 19585
13969 19938
13969 21927
13969 22290
13969 23927
13969 24435
13969 24710
14056 19625
14142 8650
14224 18602
14227 1613
14227 1718
14227 1934
14227 5120
14227 15502
14227 19472
14271 701
14271 2633
14271 4385
14271 6960
14271 8571
14271 12935
14271 15540
14271 21336
14271 23795
14293 11892
14293 13560
14293 19115
14293 19533
14293 19541
14295 9405
14295 15427
14301 4920
14325 1401
14325 5346
14325 19532
14355 18319
14370 14562
14370 21954
14387 17016
14415 21786
14444 993
14448 16318
14490 4242
14500 3986
14500 11378
14550 9239
14550 12326
14550 19359
14595 197
14595 5346
14595 19608
14713 17687
14713 21884
14730 8996
14787 3292
14787 4667
14787 8650
14787 8816
14787 9742
14787 11892
14787 12079
14787 12668
14787 12789
14787 13560
14787 13738
14787 13886
14787 14550
14787 14976
14787 15450
14787 15488
14787 15967
14787 17016
14787 17449
14787 18009
14787 18147
14787 18993
14787 19079
14787 19373
14787 19489
14787 19526
14787 19531
14787 19547
14787 19548
14787 19549
14787 19563
14787 19576
14787 19584
14787 19605
14787 19646
14787 19684
14787 23795
14821 18619
14920 320
14920 1538
14920 4624
14920 11006
14920 12392
14920 19409
14920 19572
14920 19615
14920 23795
14969 12037
14992 13996
15107 18702
15117 17978
15117 18211
15117 18517
15117 19407
15161 2362
15161 8632
15161 19617
15182 19061
15183 22592
15206 18959
15206 19061
15206 21020
15229 1667
15251 19499
15274 1740
15299 6714
15299 9026
15299 17016
15299 19703
15346 17978
15360 701
15382 44
15382 9405
15392 701
15406 19554
15414 4928
15418 24474
15431 19663
15436 2362
15447 18147
15450 9026
15450 12079
15467 3049
15488 9742
15488 17467
15488 17551
15640 15645
15648 1543
15648 8935
15648 19605
15740 11727
15758 1312
15758 1543
15758 4355
15758 12829
15758 19572
15758 23795
15814 3601
15814 6520
15814 6887
15814 9833
15814 9924
15814 12282
15814 13042
15814 14413
15814 14691
15814 16111
15814 17381
15814 17686
15814 17905
15814 18510
15814 19530
15814 19621
15814 19661
15814 22276
15818 22598
15826 3528
15886 1842
15886 24508
15971 1951
15971 3951
15971 6887
15971 9263
15971 9954
15971 12037
15971 13465
15971 16892
15971 18271
15971 19242
15971 19363
15971 19600
15971 19627
15971 19670
15971 23235
15971 24152
16018 11313
16018 21884
16018 24206
16034 22513
16069 18700
16069 19398
16076 13754
16076 21954
16085 21954
16186 9553
16186 9983
16186 12128
16186 18153
16186 18350
16186 19397
16186 22234
16208 3528
16208 13236
16208 13885
16323 13693
16377 4906
16377 7656
16388 12829
16388 19523
16409 17942
16420 19079
16453 19479
16453 19658
16557 3705
16557 9025
16557 12677
16557 19069
16557 19599
16557 19608
16581 381
16581 441
16581 13212
16581 13726
16609 19233
16609 19648
16613 10133
16613 19599
16613 19660
16744 16816
16744 19528
16816 12200
16818 20
16859 8232
17016 20892
17039 4928
17107 7874
17121 12220
17121 13969
17157 19376
17166 966
17179 54
17179 701
17179 2194
17179 7627
17179 8321
17179 12720
17179 19576
17179 20783
17179 24519
17215 3874
17215 6278
17293 19377
17338 320
17358 701
17358 5120
17358 6244
17358 6761
17358 9696
17358 9789
17358 9924
17358 11785
17358 13977
17358 14858
17358 16730
17358 16892
17358 18517
17358 18959
17358 19047
17358 19192
17358 19292
17358 19358
17358 19398
17358 19493
17358 19552
17358 19556
17358 19576
17358 19612
17358 19624
17358 19672
17358 19686
17358 19697
17358 24033
17359 7410
17561 8935
17587 1543
17651 24226
17675 320
17675 1538
17675 7759
17675 8996
17675 9025
17675 12371
17675 13042
17675 13717
17675 14293
17675 19410
17675 19550
17675 19569
17675 22225
17675 22234
17695 13631
17712 21739
17729 9842
17778 17690
17788 13720
17819 17880
17819 18517
17829 2794
17829 7656
17829 18517
17829 19196
17829 19377
17840 9978
17840 18112
17885 18689
17888 630
17888 5447
17888 12573
17888 22598
17908 17905
17916 255
17950 13903
17974 17417
17975 19394
17978 23203
17987 1312
18005 9057
18034 17112
18076 11700
18123 19333
18174 10027
18174 11698
18174 19106
18178 7778
18211 11378
18211 18517
18249 19115
18354 1740
18354 5686
18354 19502
18354 19635
18401 19387
18401 19494
18414 644
18436 6999
18436 19411
18438 1441
18505 17039
18517 4121
18517 18602
18574 6960
18574 10518
18574 12573
18574 12720
18574 15385
18574 21402
18574 22598
18597 19684
18602 701
18602 12128
18602 13042
18602 13460
18602 14787
18602 15540
18602 15621
18602 16989
18602 18147
18602 18993
18602 19192
18602 19359
18602 19387
18602 19394
18602 19504
18602 21702
18619 2594
18619 7082
18619 7955
18619 12812
18619 13553
18619 17727
18619 19398
18619 19576
18619 19633
18649 23235
18681 23235
18689 13977
18689 17016
18689 19374
18689 19381
18689 19511
18689 21702
18689 22592
18689 24033
18689 24310
18752 285
18761 15225
18764 16730
18828 12960
18828 17687
18845 16453
18854 9025
18884 1658
18884 1740
18884 2794
18884 2920
18884 7037
18884 9405
18884 11722
18884 12829
18884 13969
18884 17039
18884 17293
18884 18319
18884 18520
18884 19196
18884 19337
18884 19377
18884 19523
18884 19573
18884 19691
18884 19697
18884 24435
18940 0
18953 19587
18955 19196
18959 21702
18989 13096
18993 12900
18993 19264
18994 18993
19011 0
19059 5567
19059 13810
19061 4952
19061 12079
19061 19478
19061 24033
19066 8353
19080 833
19080 934
19080 19369
19087 19056
19093 12037
19122 4920
19122 8310
19122 16928
19122 18354
19122 18877
19122 19651
19122 23795
19123 24531
19138 6761
19258 18602
19264 17016
19271 2387
19277 19315
19284 18153
19328 8996
19328 13270
19336 13969
19348 2872
19353 9461
19354 1639
19355 17686
19355 18953
19357 662
19359 24379
19364 12153
19368 19649
19371 16154
19374 8993
19378 13409
19380 19359
19384 24568
19390 19359
19399 5120
19408 1441
19413 13336
19426 0
19443 1543
19443 4849
19443 7410
19443 9126
19443 11717
19443 19537
19445 19647
19474 19381
19484 3993
19486 24033
19491 5447
19496 11661
19500 1913
19500 11056
19500 12079
19500 17690
19501 23272
19501 23943
19506 4785
19509 880
19510 20817
19512 15907
19513 8995
19513 18113
19514 9014
19515 2103
19517 2862
19528 3496
19528 7499
19528 12135
19528 16591
19528 17326
19528 17922
19528 18689
19528 21509
19531 285
19536 7566
19538 19532
19542 6319
19553 2372
19554 12668
19554 17016
19554 21927
19556 23235
19558 19603
19569 1105
19569 19529
19571 16132
19574 19673
19580 22598
19581 415
19589 12045
19589 22234
19590 4588
19596 16508
19597 418
19601 1973
19602 20865
19624 9369
19626 20783
19629 14387
19632 5178
19641 12212
19651 16928
19655 24206
19656 24033
19660 6133
19660 8155
19660 11954
19660 14227
19660 19599
19664 19659
19665 13460
19683 19225
19689 11153
19694 2849
19699 10762
19730 22225
19861 5176
19871 2831
19871 10429
19871 17179
19901 929
19901 9842
19901 14415
19901 22598
19915 1621
19915 2134
19915 2831
19915 7656
19915 8632
19915 9126
19915 16520
19915 19697
20061 9516
20061 15207
20061 21336
20242 19119
20285 17039
20285 19645
20387 14325
20387 19532
20638 8659
20676 630
20676 4730
20676 5686
20676 6960
20676 18449
20817 1430
20817 3601
20817 5120
20817 5447
20817 6485
20817 7405
20817 9842
20817 10718
20817 12789
20817 13851
20817 17179
20817 17449
20817 17888
20817 18147
20817 19397
20817 19407
20817 19528
20817 19562
20817 22598
20907 18517
21089 496
21089 23298
21089 24707
21104 34
21110 5949
21110 11743
21110 15814
21110 16520
21110 17686
21194 17358
21213 5346
21233 12731
21240 5892
21240 19031
21240 19605
21240 19645
21240 19703
21336 642
21336 2207
21336 3072
21336 5229
21336 5567
21336 6095
21336 6598
21336 9239
21336 9957
21336 12022
21336 12079
21336 13042
21336 14293
21336 14550
21336 14969
21336 16928
21336 19122
21336 19537
21336 19540
21336 19556
21336 23795
21699 213
21699 1538
21699 1639
21699 3601
21699 4982
21699 5120
21699 5448
21699 6047
21699 6244
21699 6761
21699 6796
21699 7082
21699 9025
21699 9924
21699 12079
21699 12153
21699 12242
21699 13409
21699 13754
21699 14401
21699 14969
21699 15461
21699 15465
21699 16520
21699 16565
21699 17016
21699 17381
21699 17687
21699 18517
21699 19056
21699 19359
21699 19376
21699 19378
21699 19395
21699 19412
21699 19563
21699 19599
21699 19649
21739 6247
21786 34
21786 630
21786 1318
21786 1934
21786 4242
21786 6961
21786 11569
21786 11785
21786 11967
21786 14387
21786 16132
21786 16928
21786 17358
21786 17690
21786 18449
21786 18689
21786 19572
21786 24707
21800 1543
21800 3292
21800 5686
21800 8632
21800 13639
21800 15427
21800 18520
21800 19588
21800 19599
21800 19642
21878 34
21878 23348
21899 23795
21926 19536
21954 1430
21954 4459
21954 8996
21954 22234
22160 1934
22160 3705
22225 934
22225 2275
22225 13727
22276 13892
22276 17100
22276 18729
22341 19583
22364 24518
22513 13560
22513 13720
22513 15251
22513 19497
22513 19499
22513 19541
22513 19556
22513 19683
22513 21336
22598 1430
22598 5447
22598 9057
22598 9842
22598 16018
22598 18319
22598 18517
22598 19516
22598 19621
22598 24518
22708 21699
22777 8659
22906 6866
23085 6074
23235 630
23235 1141
23235 1430
23235 2633
23235 4785
23235 5358
23235 7258
23235 7648
23235 7759
23235 8820
23235 8845
23235 9957
23235 11378
23235 12135
23235 12242
23235 12531
23235 12572
23235 12731
23235 13553
23235 14527
23235 15461
23235 15540
23235 17690
23235 17942
23235 19192
23235 19397
23235 19412
23235 19493
23235 19528
23235 20992
23235 21336
23235 22592
23235 23795
23235 24518
23298 4653
23298 11006
23348 6961
23348 19333
23348 19402
23348 24226
23707 20
23707 15907
23795 17100
23795 24518
23862 19530
23927 18724
23935 197
23941 9057
24033 2467
24033 6047
24033 13977
24033 15117
24033 18877
24033 19337
24033 19648
24033 24252
24108 213
24108 12987
24133 11902
24152 9696
24192 17204
24225 5311
24226 1403
24226 5120
24226 6528
24226 16775
24226 18948
24226 19494
24226 19594
24252 418
24252 5447
24252 18517
24252 19192
24252 19336
24252 19381
24252 19576
24265 20
24265 14483
24265 17388
24265 19054
24266 20
24310 3528
24310 8421
24365 4920
24393 1141
24393 1689
24404 19621
24460 6961
24472 1543
24474 24033
24518 20
24518 6124
24518 16989
24518 17490
24519 1312
24519 14920
24519 16956
24568 2491
24568 12282
24568 13460
24568 15907
24568 18517
24568 19643
24579 7037
24707 12812
24707 13553
24707 17100
24707 17942
24707 19493
24707 20783
24710 17654
24710 19410
0 5176
0 15688
0 17039
4 10566
20 374
20 642
20 2592
20 4440
20 5446
20 6124
20 9239
20 24033
21 20003
40 8421
44 2310
44 11657
44 16641
44 17217
44 18997
155 2197
155 12079
155 19725
213 1221
213 4340
213 16675
213 19023
213 20312
215 15755
275 9239
276 24588
277 12829
287 19754
320 10253
320 18729
344 8031
344 18725
348 13742
348 15117
386 6811
386 7682
386 12220
386 19243
386 19680
386 19739
394 16406
401 8995
401 11378
406 1394
406 11709
412 17566
412 17742
412 19821
441 18602
470 9874
470 15758
470 19743
475 14271
475 14920
524 19023
540 5072
540 11488
540 15998
540 20108
545 18602
545 20003
545 23235
556 9516
572 15640
572 19756
574 19828
596 6047
596 10253
596 13558
596 17149
596 19757
596 19922
601 2134
601 15450
601 18993
601 19792
601 21336
623 20
623 410
623 2736
623 3130
623 7258
623 9025
623 10429
623 12777
623 18449
623 18896
623 19766
623 19836
623 24722
630 644
630 4920
630 6247
630 12819
630 13851
630 15728
640 15450
642 2361
642 4324
642 4871
642 8760
642 12231
642 14969
642 18993
642 19795
642 24695
644 19852
662 5096
674 6516
674 8102
686 12220
701 5325
701 5530
701 6009
701 6049
701 8005
701 9177
701 11881
701 12394
701 13460
701 15664
701 16069
701 17603
701 17972
701 18729
701 19505
701 19743
701 19783
701 19816
701 20035
701 24170
726 3704
726 12433
726 14147
726 19967
776 213
776 8632
776 19196
776 19706
786 3292
786 4406
786 18268
830 833
830 4411
830 5331
830 8277
830 11861
833 9011
833 11792
833 13855
833 18602
847 19554
847 20108
876 4411
876 8031
876 9025
876 9516
876 13855
876 14414
876 19365
929 63
929 8031
929 19795
929 21233
975 19918
1013 4086
1013 8252
1013 9239
1013 12135
1013 16522
1013 19738
1018 8232
1018 13481
1105 6476
1105 11792
1105 13786
1105 15450
1105 18602
1105 19080
1105 19727
1105 19738
1105 20242
1105 21233
1111 13465
1116 2442
1116 3456
1116 6036
1116 13977
1116 14791
1116 15946
1116 18347
1116 19592
1116 19767
1116 19780
1116 19833
1116 19975
1116 20005
1126 10429
1137 1658
1137 4406
1137 4411
1137 11861
1137 13976
1137 14409
1137 14696
1137 19533
1141 269
1141 3551
1141 5409
1141 6851
1141 18602
1141 22990
1197 830
1220 4829
1221 3496
1221 6845
1221 8812
1221 9025
1221 12079
1221 13305
1221 13560
1221 19747
1244 18602
1244 19779
1312 1318
1312 6598
1312 12829
1312 17603
1312 21089
1317 14500
1317 23795
1317 24226
1346 13855
1346 13976
1346 14414
1346 19841
1354 5530
1403 19558
1430 63
1430 4920
1430 10253
1430 10292
1430 11378
1430 12394
1430 14232
1430 14406
1430 16118
1430 19724
1430 19826
1430 19952
1430 19974
1430 20004
1430 20019
1430 24722
1538 16034
1543 10566
1547 12079
1547 23235
1582 63
1582 10253
1621 1951
1632 20
1632 21891
1658 6009
1658 13639
1658 18517
1667 1346
1667 2275
1667 9541
1667 11732
1667 19210
1676 14469
1692 1221
1692 5892
1692 18178
1692 19739
1740 2794
1740 9239
1740 12604
1740 13493
1740 13518
1740 14691
1740 19886
1740 19963
1741 3177
1741 3398
1741 8344
1741 19583
1741 19739
1749 9025
1836 5892
1846 3425
1846 8650
1846 11678
1846 17515
1846 20027
1934 8031
1934 10429
1934 14189
1934 18944
1951 929
1951 2275
1951 10517
1951 11848
1951 12037
1951 12078
1951 12220
1951 12231
1951 12239
1951 13446
1951 13481
1951 17566
1951 19671
1951 19758
1951 19771
1951 19783
1951 19787
1951 19795
1951 19853
1951 19932
2018 8508
2049 4125
2091 3292
2099 786
2134 3177
2134 7152
2134 7764
2134 8344
2134 10429
2134 11371
2134 12239
2134 12271
2134 13639
2134 17226
2134 19739
2134 19797
2134 19940
2134 24354
2166 14691
2194 5801
2194 7055
2197 277
2197 623
2197 2767
2197 5946
2197 8288
2197 9025
2197 10343
2197 11678
2197 12777
2197 13337
2197 13442
2197 14529
2197 15542
2197 16921
2197 19669
2197 19846
2197 20027
2197 23795
2281 18612
2361 11841
2386 13977
2386 18489
2386 19930
2387 1281
2387 2854
2387 6476
2387 6531
2387 7156
2387 8005
2387 9025
2387 12532
2387 13481
2423 6009
2423 19988
2442 19943
2487 2416
2487 7082
2487 8135
2487 11378
2487 13612
2487 17712
2487 19669
2487 19743
2487 20027
2497 2487
2497 11577
2497 11794
2497 13560
2497 13612
2497 14976
2497 18268
2497 19709
2592 642
2592 10292
2592 11819
2592 17566
2592 18602
2592 19680
2592 19795
2592 19969
2592 19977
2594 8657
2594 13305
2622 5530
2633 7507
2633 10707
2633 14500
2655 8031
2659 9207
2713 18009
2717 6419
2717 18602
2736 9157
2736 12079
2736 19816
2736 21926
2736 23795
2794 3496
2794 8232
2794 11792
2794 12604
2794 14969
2794 18946
2794 24226
2864 1951
2939 19023
2947 10429
3049 386
3049 2767
3049 8760
3049 19709
3049 19739
3049 19761
3049 19783
3101 19540
3111 21927
3172 2197
3172 6247
3172 7648
3172 8921
3172 11378
3172 11929
3172 14529
3172 19835
3172 19990
3172 20027
3227 12079
3227 14952
3292 13560
3292 20037
3302 4343
3329 20000
3337 3292
3337 17262
3337 19056
3420 21954
3425 2275
3425 7082
3425 8135
3425 8650
3433 6961
3433 18517
3452 5530
3496 4406
3496 19733
3591 12384
3620 19822
3627 2831
3627 6851
3627 13923
3638 4906
3701 2274
3701 14189
3701 20786
3704 9713
3704 14406
3705 18847
3733 19739
3760 13754
3771 7258
3803 7022
3803 18946
3843 19196
3909 13560
3909 22513
3921 8600
3986 8288
4086 13465
4121 5449
4121 9157
4121 12079
4121 15702
4121 18031
4125 2387
4125 19715
4143 19853
4158 1013
4158 8252
4160 8102
4196 17217
4196 21800
4196 24555
4242 1312
4242 7759
4242 10761
4242 12079
4242 14548
4242 17539
4242 18781
4242 19888
4271 18065
4324 19730
4331 1899
4343 6499
4343 18993
4343 19779
4406 9025
4406 11961
4406 18268
4407 673
4407 6047
4407 17449
4440 12326
4440 19763
4459 1749
4459 18696
4533 19816
4567 11819
4578 17016
4624 804
4624 2592
4624 6074
4624 14387
4685 6374
4685 12079
4685 14189
4685 19030
4685 20020
4685 20035
4685 24170
4704 17107
4719 15640
4730 10429
4794 833
4794 13560
4794 19730
4816 24265
4829 10429
4829 10517
4829 19969
4871 9256
4871 13518
4871 17217
4906 14189
4906 14325
4920 686
4920 6247
4920 8031
4920 10253
4920 12819
4920 13631
4920 15728
4920 19516
4920 19724
4920 19826
4920 20014
4920 21233
5052 4324
5052 19730
5152 4794
5178 6666
5178 8031
5178 10253
5178 19774
5178 21233
5189 17908
5261 19927
5282 15069
5311 12433
5311 14359
5311 14691
5311 14986
5311 17742
5311 19047
5345 2134
5345 2423
5345 3496
5345 6070
5346 11698
5364 9239
5409 9541
5409 10566
5430 12610
5446 545
5446 4440
5446 8813
5446 11929
5446 15057
5447 686
5447 12326
5447 21884
5449 12079
5489 642
5530 10047
5530 12812
5599 8996
5639 12474
5639 16478
5639 19927
5686 2592
5686 6547
5686 8232
5686 10292
5686 11357
5686 13673
5686 19795
5686 19977
5750 13662
5753 5663
5753 13211
5753 18993
5762 15299
5762 16351
5793 11357
5801 19599
5805 16675
5805 18268
5892 6374
5892 13068
5892 17684
5892 18612
5892 19739
5931 19713
5946 728
5946 1221
5946 2767
5946 8506
5946 19761
5946 19770
6009 117
6009 4340
6009 9842
6009 13305
6009 13684
6009 16707
6009 19743
6009 21240
6009 23782
6009 24393
6047 14232
6047 19558
6049 6009
6049 13329
6049 15895
6052 19970
6095 11378
6095 18725
6095 21954
6125 11419
6125 22708
6167 8252
6247 1393
6247 6009
6247 12079
6247 19799
6278 12665
6278 13026
6278 16382
6310 16921
6319 255
6319 8421
6319 12231
6319 13465
6319 16987
6319 19684
6419 320
6419 5052
6419 6961
6476 1822
6476 18206
6476 19329
6497 13667
6499 9713
6528 4340
6528 4719
6528 10566
6528 13492
6528 13969
6528 14227
6528 17893
6528 19196
6531 2854
6531 6547
6531 15610
6531 15987
6547 10761
6547 19630
6547 19852
6557 4340
6557 10566
6598 12533
6598 19568
6598 19745
6666 19784
6666 19817
6687 19310
6735 7648
6735 14969
6735 15542
6735 19770
6735 19846
6845 19739
6850 2275
6850 3704
6850 19310
6850 19533
6851 17830
6869 7
6869 19818
6874 180
6874 13442
6955 4331
6955 9398
6955 19755
6955 24301
6960 9025
6961 20
6961 180
6961 6735
6961 18602
6961 19812
6961 23795
7022 6714
7022 10331
7022 14952
7022 17812
7022 19243
7022 20312
7152 19739
7186 10429
7186 14406
7186 18178
7186 19720
7186 19779
7258 8921
7266 6961
7351 12367
7367 19995
7405 10491
7410 18944
7410 20008
7454 12079
7470 12190
7478 19554
7514 13258
7514 13969
7516 1887
7516 4089
7516 4411
7516 8277
7516 14197
7516 17788
7601 8005
7601 16596
7601 18602
7601 19700
7601 19708
7601 24170
7630 4014
7630 7990
7648 6499
7648 8921
7648 11929
7648 12900
7648 14232
7648 17566
7648 19953
7656 5801
7656 19739
7682 597
7682 10132
7682 15476
7682 19056
7682 19820
7743 11629
7743 14787
7743 15267
7747 5489
7747 17262
7747 19776
7759 3292
7759 9957
7759 10707
7759 17603
7759 18602
7759 19825
7759 24170
7778 7454
7778 12220
7778 13735
7778 14948
7778 15182
7955 8988
8031 554
8031 2361
8100 8232
8102 3701
8102 14189
8102 14983
8102 19763
8146 18725
8184 2387
8202 15512
8232 2440
8232 6735
8232 8921
8232 12683
8232 12789
8232 12797
8232 16163
8252 17603
8262 10707
8262 15826
8262 22708
8403 19967
8403 19968
8421 5663
8421 12079
8421 13211
8421 19975
8421 20005
8452 4242
8452 4667
8452 12220
8452 18065
8452 21699
8478 16219
8478 20638
8525 2036
8600 2767
8600 8031
8600 8939
8600 9365
8600 10844
8600 13786
8600 13923
8600 15117
8600 18003
8600 23235
8600 24486
8657 1846
8657 5604
8788 1658
8812 9025
8812 12433
8812 14406
8812 19739
8813 4440
8813 7156
8813 19835
8813 20016
8835 6850
8846 19739
8858 8116
8921 20
8921 642
8921 10021
8921 11378
8921 11929
8921 15640
8921 19945
8921 24404
8935 4340
8935 10253
8935 10486
8935 12090
8935 13337
8935 15610
8935 18602
8935 19592
8935 19669
8935 19779
8935 19787
8935 19811
8935 19852
8935 19939
8935 20002
8935 21699
8935 24707
8975 17353
8975 19637
9022 14583
9022 19599
9025 1836
9025 3496
9025 4794
9025 6247
9025 6547
9025 6845
9025 7082
9025 8939
9025 12789
9025 12802
9025 13481
9025 13560
9025 13786
9025 14888
9025 15450
9025 18021
9025 18268
9025 18602
9025 19056
9025 19401
9025 19730
9025 19739
9025 19747
9025 19799
9025 19834
9025 19993
9025 19995
9025 20285
9030 12900
9057 63
9057 1013
9057 4340
9057 8600
9057 8939
9057 8996
9057 9082
9057 11378
9057 11794
9057 12394
9057 14952
9057 15069
9057 17339
9057 18729
9057 19829
9057 19968
9057 20003
9057 23795
9082 9957
9082 14861
9126 21208
9157 3704
9157 17922
9157 18178
9177 5446
9177 7082
9177 7258
9177 12078
9177 12433
9177 18602
9177 19798
9177 19821
9177 19825
9177 24170
9238 9978
9238 13141
9238 13923
9238 15065
9238 17149
9238 19798
9238 19829
9238 22521
9238 23348
9238 24404
9239 117
9239 2275
9239 7120
9239 8232
9239 8252
9239 8288
9239 11522
9239 12394
9239 17566
9239 18612
9239 18729
9239 18993
9239 19704
9239 19824
9275 8452
9275 24250
9312 19643
9392 17830
9398 19996
9405 9542
9453 1430
9453 19939
9494 18602
9516 97
9553 677
9553 6047
9553 10517
9553 14227
9553 19975
9558 1887
9558 22990
9679 13465
9679 24170
9682 19757
9696 13742
9697 20
9697 2275
9697 9964
9697 19945
9713 117
9713 12079
9713 14406
9713 14409
9713 18745
9798 5149
9842 642
9842 4340
9842 9957
9842 12789
9842 17342
9842 20016
9842 24695
9874 3130
9920 540
9920 8996
9920 12169
9920 14213
9920 18056
9960 8232
9964 8632
9983 574
9983 17262
9983 17742
9983 18729
9983 19969
10021 20
10021 491
10021 2592
10021 19795
10121 4094
10121 9040
10121 12394
10121 13560
10121 18602
10121 19779
10121 19841
10168 13639
10173 8403
10173 10183
10173 19967
10173 22598
10177 12519
10253 212
10253 643
10253 5120
10253 6716
10253 16816
10292 19824
10292 19956
10292 20019
10292 20027
10343 19986
10356 2594
10356 20027
10406 17466
10410 19680
10410 19797
10410 19919
10417 18288
10429 2831
10429 9082
10429 12209
10429 13442
10429 16816
10429 17262
10429 17850
10429 18517
10429 19743
10486 19829
10566 3701
10566 6319
10566 8252
10566 10761
10566 13588
10566 19630
10566 20242
10566 22990
10626 17358
10718 10253
10741 572
10761 18619
10811 3701
10811 10253
10811 19047
10811 19779
10997 6960
11055 630
11332 19967
11378 15117
11406 19764
11429 3130
11460 1749
11474 16744
11577 13630
11577 17349
11579 8232
11579 10761
11657 2713
11657 6714
11657 7022
11657 9256
11657 17217
11657 18009
11657 19734
11657 20312
11715 276
11725 19983
11744 17675
11758 15561
11767 20
11767 63
11767 642
11767 3986
11767 6278
11767 7156
11767 8031
11767 9957
11767 10253
11767 11378
11767 12665
11767 12797
11767 17566
11767 18602
11767 19795
11767 19944
11767 23795
11789 18619
11794 13662
11819 276
11819 623
11819 12777
11819 13337
11819 15987
11819 17712
11821 15850
11828 726
11839 24379
11841 14333
11848 18602
11861 1221
11861 4406
11861 5345
11861 6499
11861 11313
11861 14409
11861 16993
11861 19056
11861 19080
11881 5645
11896 7994
11896 14670
11909 13560
11929 15183
11961 13907
11961 18696
12012 11378
12016 10581
12022 3701
12022 8996
12022 12220
12025 19828
12037 12041
12037 24226
12041 2920
12041 19671
12074 15640
12078 15117
12078 19595
12079 2194
12079 9025
12079 16954
12079 19379
12079 24033
12135 3172
12135 6735
12135 7258
12135 9978
12135 11607
12135 11848
12135 12433
12135 13525
12135 13923
12135 14835
12135 16118
12135 16522
12135 18449
12135 18602
12135 18682
12135 19731
12135 19805
12135 19982
12135 19998
12135 20008
12135 20877
12135 21878
12141 3165
12141 14858
12141 15183
12178 4683
12190 11378
12190 19752
12202 1363
12202 8421
12231 23348
12231 24265
12239 19975
12242 4920
12242 6247
12242 10566
12242 15065
12242 18517
12326 14113
12326 15117
12343 19700
12358 11792
12392 8232
12433 15969
12465 17908
12519 7608
12519 8632
12519 19738
12531 14500
12539 4920
12539 11881
12539 18517
12539 19599
12546 7347
12546 11369
12546 11866
12560 8058
12600 19795
12610 14227
12618 18602
12618 20292
12634 12900
12634 17097
12648 18351
12665 6577
12670 8632
12670 9256
12670 18009
12694 19783
12712 17568
12712 18729
12720 14301
12734 546
12734 4086
12734 13337
12734 15610
12734 18602
12734 24342
12777 441
12777 15116
12829 1951
12829 19210
12829 19835
12829 23795
12843 19954
12868 19993
12868 22217
12870 394
12870 7055
12894 2275
12894 8506
12894 13612
12894 19960
12894 19976
12900 597
12900 1281
12900 4743
12900 4966
12900 5892
12900 6124
12900 8975
12900 14595
12900 18021
12900 19350
12900 19583
12900 19755
12931 7656
12960 15182
12986 786
13003 9239
13003 11371
13003 11881
13003 19739
13003 19919
13026 19093
13027 2134
13027 7764
13027 10429
13027 10486
13027 14332
13027 17679
13027 17713
13027 18065
13027 19720
13027 19783
13027 19808
13099 12829
13099 18602
13121 2275
13121 19834
13150 23795
13191 19728
13211 4411
13211 8812
13212 8935
13212 14448
13212 19724
13247 4685
13270 5359
13270 6074
13270 8277
13270 13855
13305 386
13305 2166
13305 3705
13305 5892
13305 6917
13305 8760
13305 12900
13305 13492
13305 14145
13305 14691
13305 15476
13305 15640
13305 16954
13305 17551
13305 17684
13305 17980
13305 18993
13305 18997
13305 19554
13305 19703
13305 19844
13305 19850
13305 19933
13305 20312
13305 24720
13311 2134
13311 12239
13336 5120
13343 9025
13358 23348
13370 13141
13406 7454
13431 13588
13446 17809
13476 19533
13492 18944
13493 21240
13560 12178
13584 18993
13604 7539
13619 11607
13639 2497
13639 3701
13639 4683
13639 5325
13639 5660
13639 6666
13639 11861
13639 12819
13639 13337
13639 13608
13639 14888
13639 17475
13639 18437
13639 19554
13639 19720
13639 19754
13639 19795
13639 19797
13639 19924
13639 20002
13639 22217
13673 11357
13684 1658
13684 19886
13694 17121
13694 19797
13694 24435
13699 14232
13703 12090
13703 18602
13723 13525
13723 16987
13740 8935
13786 4340
13786 19766
13786 19924
13792 15182
13885 3335
13885 17449
13907 18696
13923 3398
13923 16987
13954 13191
13954 18682
13954 19728
13954 20877
13969 277
13969 597
13969 2854
13969 6476
13969 6547
13969 10410
13969 10429
13969 11819
13969 12209
13969 12532
13969 17980
13969 19056
13969 19350
13969 19666
13969 19783
13969 19919
13977 19927
14023 2467
14058 22708
14113 13087
14113 15117
14133 2416
14142 14698
14189 18619
14201 19649
14213 8277
14213 19080
14227 4844
14227 12394
14227 14835
14227 24657
14232 2442
14232 11724
14232 14583
14232 17342
14232 19968
14271 9022
14271 14787
14271 19967
14293 4794
14293 22513
14295 23782
14332 726
14332 5189
14332 15117
14332 19743
14370 11678
14370 17712
14414 2767
14414 13976
14444 1658
14454 17905
14454 19681
14454 19804
14490 6247
14490 24226
14500 6437
14500 15850
14500 19401
14500 20992
14500 23795
14550 18449
14550 19778
14550 19935
14558 6497
14583 15971
14595 597
14595 3705
14595 4906
14595 13305
14595 14691
14595 15980
14595 16993
14595 17139
14595 17467
14595 18781
14595 19554
14595 19812
14595 20017
14691 14787
14781 19143
14787 40
14787 213
14787 4162
14787 6499
14787 8005
14787 10132
14787 12220
14787 13612
14787 15476
14787 15664
14787 16613
14787 16816
14787 16989
14787 17551
14787 18065
14787 19407
14787 19558
14787 19788
14787 19791
14787 19832
14787 19924
14787 19953
14787 19959
14787 19963
14787 19976
14787 20026
14787 20027
14787 21240
14807 5346
14840 12231
14857 17293
14888 19995
14888 22217
14920 1951
14920 5530
14920 9022
14920 12220
14920 19700
14920 19740
14920 19792
14920 19795
14920 24033
15117 269
15117 1582
15117 8403
15117 9177
15117 9957
15117 13211
15117 14946
15117 15065
15117 19392
15161 19350
15183 12712
15183 18729
15183 19939
15251 6845
15251 13560
15251 19739
15252 17262
15267 24452
15299 7516
15299 9239
15299 11313
15299 11840
15299 11861
15299 17539
15299 19733
15346 19496
15360 5686
15382 16058
15450 13442
15450 13578
15450 19977
15488 19988
15542 19949
15554 18619
15610 2854
15610 8632
15648 20865
15648 24131
15693 12960
15695 19830
15702 21336
15702 21899
15702 22708
15758 9874
15758 19770
15758 20008
15814 6047
15814 12079
15814 13465
15814 14948
15814 17568
15814 18192
15814 18517
15814 19740
15814 19852
15814 19955
15814 24226
15850 10121
15971 9983
15971 12433
15971 13754
15971 17026
15971 18619
15971 18706
15971 19530
15971 19570
15971 19980
15971 24226
15980 21800
16018 97
16018 5265
16018 13066
16018 15755
16018 19818
16058 18178
16069 15664
16069 15814
16069 19998
16103 12182
16109 22559
16186 386
16186 6961
16186 13562
16186 19814
16186 20023
16336 1312
16336 8252
16336 17893
16382 22276
16388 20027
16409 7156
16410 19153
16453 19751
16478 7082
16478 12079
16478 14232
16557 115
16557 6999
16557 9439
16557 10681
16557 13560
16557 13923
16557 17057
16557 18847
16557 18944
16557 19754
16557 19770
16557 19799
16557 19832
16557 19924
16609 24033
16613 12610
16613 14548
16613 23782
16684 6049
16744 4906
16744 9089
16744 9256
16816 6547
16818 3559
16856 12539
16859 24555
16895 12900
16954 19960
17016 263
17016 8996
17058 9207
17121 1281
17139 10331
17152 13580
17152 17789
17157 19826
17226 18736
17262 2275
17262 2440
17300 1749
17300 19635
17301 14976
17338 13211
17338 15117
17347 2275
17358 212
17358 3177
17358 10707
17358 12239
17358 14583
17358 15065
17358 18489
17358 19570
17358 19743
17358 19794
17358 19805
17358 19932
17358 19937
17358 20014
17358 24170
17449 6047
17449 6638
17457 231
17551 19933
17742 180
17742 14411
17742 16678
17829 4340
17854 18112
17989 12104
18001 19739
18005 19850
18016 12649
18021 1281
18021 14857
18034 2497
18144 13066
18192 18828
18249 19023
18268 1221
18268 14888
18268 19995
18325 2134
18340 19061
18351 8005
18351 14861
18354 3986
18354 8288
18354 10761
18354 12829
18364 20000
18368 20
18401 8005
18401 17566
18477 8091
18574 12384
18602 1872
18602 3425
18602 4324
18602 11378
18602 12090
18602 13923
18602 15610
18602 16850
18602 17358
18602 19620
18602 19825
18602 19829
18602 19838
18602 19983
18602 21878
18602 22276
18619 2467
18619 5145
18619 6047
18619 8252
18619 10417
18619 10486
18619 12079
18619 12433
18619 14232
18619 14948
18619 14969
18619 16850
18619 17742
18619 18729
18619 19047
18619 19407
18619 19725
18619 19751
18619 19780
18619 19783
18619 19829
18619 19838
18619 19967
18689 10132
18689 11841
18689 17226
18689 18288
18689 19717
18689 19959
18696 19840
18769 5946
18828 2275
18828 6047
18828 7454
18828 20039
18884 597
18884 4340
18884 10761
18884 12649
18884 18107
18884 19122
18884 19660
18894 16345
18931 4920
18931 8321
19011 3705
19011 24380
19048 5604
19048 18496
19061 2442
19061 5795
19061 16546
19061 19732
19061 19833
19061 24226
19080 3496
19080 15069
19080 18993
19080 19023
19080 22217
19080 24710
19138 2831
19172 13305
19209 4340
19264 24565
19293 11006
19329 24588
19350 3203
19365 21336
19378 17850
19378 24033
19379 12190
19379 19817
19379 21699
19385 22210
19393 6476
19426 24033
19443 8540
19443 18944
19501 4920
19501 17157
19513 19505
19528 1105
19528 15183
19554 2767
19554 13258
19554 15485
19554 20026
19566 13782
19566 22598
19634 2515
19660 17893
19660 19196
19664 19915
19683 19783
19704 18612
19704 19963
19704 21240
19715 2100
19716 10761
19718 16597
19719 11861
19726 12239
19728 15465
19729 18972
19730 18847
19737 6319
19737 19740
19739 19849
19739 24682
19746 6409
19746 19223
19759 7120
19769 24170
19774 6666
19775 24170
19781 17419
19792 6960
19792 12220
19793 502
19794 24170
19805 22276
19808 24033
19810 8654
19811 6374
19811 17603
19811 17706
19819 15385
19831 6247
19834 2275
19840 20897
19841 22341
19851 11629
19859 8213
19861 2194
19868 6516
19868 11841
19871 929
19871 18449
19901 630
19901 8252
19901 12326
19901 19779
19901 19997
19917 17057
19923 269
19924 19840
19942 23348
19944 6704
19949 5120
19949 10253
19949 23795
19950 13977
19962 8632
19962 19196
19962 24722
19971 16998
19982 19978
19982 19981
19984 11929
19987 14414
20010 11932
20022 12699
20025 20020
20030 1815
20041 19122
20061 524
20061 7055
20242 13639
20285 11522
20285 19080
20517 545
20517 12063
20638 8921
20638 9713
20676 1312
20817 644
20817 686
20817 1220
20817 6666
20817 10173
20817 10253
20817 11929
20817 12384
20817 14232
20817 15117
20817 15728
20817 19743
20817 19997
20817 20014
21089 10429
21240 3701
21240 7760
21240 9713
21240 12394
21240 13305
21240 13518
21240 14406
21240 16351
21240 18178
21240 18946
21240 20027
21336 545
21336 2275
21336 3496
21336 6247
21336 8939
21336 9025
21336 9713
21336 15640
21336 16954
21336 19728
21336 20003
21699 1018
21699 4595
21699 7454
21699 10566
21699 10707
21699 11357
21699 12220
21699 12239
21699 13465
21699 13923
21699 14023
21699 14696
21699 15814
21699 16478
21699 17712
21699 18351
21699 19030
21699 19725
21699 19728
21699 19740
21699 19779
21699 19792
21699 20027
21699 21926
21786 1208
21786 3058
21786 6247
21786 10356
21786 12735
21786 13442
21786 19592
21786 19705
21786 19998
21800 2794
21800 9239
21800 12079
21800 20024
21878 15610
21878 16522
21878 17566
21926 6716
21926 12079
21954 8252
21954 8939
21954 18268
21954 19745
22134 1658
22217 5265
22225 10121
22225 13560
22276 7759
22276 8252
22283 1281
22283 11378
22283 11819
22283 12777
22412 19922
22412 19983
22513 19583
22536 13481
22598 63
22598 9239
22598 11794
22598 12394
22598 12681
22598 12819
22598 14232
22598 19852
22598 19968
22598 19997
22598 23235
22708 12220
22708 15209
23085 22217
23144 2275
23235 5446
23235 6247
23235 7082
23235 9029
23235 9696
23235 10253
23235 11861
23235 12220
23235 12797
23235 13099
23235 14920
23235 15117
23235 15610
23235 15702
23235 17358
23235 19960
23235 20003
23235 22708
23348 1026
23348 1621
23348 3701
23348 15065
23348 18729
23348 19652
23348 19708
23348 20002
23348 24033
23782 16351
23787 13639
23795 15117
24033 8005
24033 11848
24033 12231
24033 16453
24150 7764
24150 8506
24226 7258
24226 19401
24226 19821
24226 22521
24250 3172
24252 929
24252 4340
24252 8252
24365 1430
24365 20004
24435 12962
24448 12960
24448 15843
24460 15980
24472 14409
24472 20017
24518 441
24518 9842
24518 16850
24518 17149
24555 19743
24568 14189
24568 16023
24568 19378
24568 19762
24568 19918
24588 6547
24591 276
24591 19568
24591 24588
24652 12326
24682 16641
24682 20037
24707 9978
24707 13141
24707 20007
24707 20011
20 477
20 1623
20 12135
20 14232
20 14599
20 15758
20 20315
20 20354
20 21786
44 14255
44 15427
44 18847
44 20354
63 8600
90 22819
155 7470
155 8364
155 15907
212 630
212 3433
213 394
213 3570
213 12853
213 13191
213 13560
213 17539
215 3214
215 19149
215 19845
275 1221
275 9025
277 4440
287 7478
287 18729
287 20143
320 277
320 623
320 642
320 862
320 8921
320 9275
320 11378
320 19729
320 20230
331 6247
344 16018
386 1270
386 1658
386 1899
386 2622
386 4928
386 6049
386 8421
386 13855
386 16018
386 18058
386 18088
386 20121
386 20125
386 20138
386 20362
386 23235
386 24682
394 10273
394 11787
401 16935
401 17675
475 4920
475 5530
475 9842
477 623
496 2540
496 8436
496 15117
524 13191
530 11698
540 6736
545 630
545 20218
560 1951
560 12797
572 12239
574 19815
596 4407
596 12037
596 13605
596 13754
596 15863
596 16186
596 19815
596 20125
596 20237
597 6735
623 277
623 1173
623 2180
623 2611
623 8935
623 9983
623 11733
623 14232
623 18767
623 19829
623 19844
623 19948
623 20230
623 20232
623 20328
623 20342
623 20409
623 24128
623 24695
630 2467
630 9046
630 12853
630 16705
630 20388
630 22521
630 23795
642 1266
642 1312
642 1654
642 1951
642 3777
642 3835
642 5892
642 6666
642 7387
642 7392
642 10646
642 11043
642 11743
642 12037
642 13460
642 13560
642 13612
642 14728
642 16753
642 16758
642 18602
642 19196
642 19727
642 20027
642 20119
642 20175
642 20193
642 20277
642 20281
642 20319
642 20358
642 20362
642 20364
642 20368
642 20403
644 287
644 22521
674 10461
686 630
686 10107
687 20368
700 13370
700 24226
701 20
701 630
701 3193
701 5517
701 6334
701 7266
701 8939
701 11378
701 12292
701 14987
701 15095
701 17454
701 17566
701 19288
701 19739
701 20302
701 20335
701 20366
701 20374
726 18689
776 13027
776 19680
776 19977
792 4280
804 20125
810 10603
810 11507
810 18195
814 10566
830 20152
833 19993
876 630
876 6869
876 8996
876 17667
876 18602
876 20338
895 7516
895 15003
895 15488
895 20386
902 5446
902 18602
906 17358
929 1604
929 8600
929 22521
966 1951
966 20272
966 23348
1013 596
1013 1913
1013 12519
1013 15758
1013 16318
1013 16816
1013 19739
1013 20334
1018 1038
1018 4242
1018 10707
1018 12734
1018 18602
1018 19149
1038 2592
1105 4928
1105 8996
1105 13492
1105 20103
1116 9696
1116 12980
1126 5817
1133 17026
1133 18729
1137 7478
1137 9776
1137 11787
1137 14023
1137 20116
1137 20147
1137 20291
1137 23085
1140 14822
1140 15854
1141 18689
1141 21702
1173 18602
1197 642
1220 7803
1221 8808
1221 20358
1221 20361
1228 15853
1312 212
1312 1403
1312 8232
1312 14232
1312 17476
1312 17742
1312 20092
1312 20385
1317 20268
1346 20291
1393 17026
1393 20395
1403 12813
1430 496
1430 545
1430 2851
1430 6247
1430 8035
1430 8935
1430 9842
1430 10006
1430 12037
1430 12573
1430 12853
1430 13042
1430 13584
1430 13607
1430 16033
1430 16186
1430 17851
1430 19516
1430 20216
1430 20279
1430 20289
1430 20328
1430 20329
1430 20385
1520 10918
1520 14232
1538 16711
1547 7454
1547 15249
1547 19786
1582 9453
1623 9025
1623 15758
1632 2231
1632 8102
1632 9239
1632 12326
1632 18662
1632 20127
1632 23348
1653 20422
1658 988
1658 1899
1658 18602
1665 34
1665 630
1665 4242
1665 6869
1665 16018
1665 18706
1665 20129
1665 20303
1667 9911
1667 12894
1667 15147
1667 15351
1667 15480
1667 18815
1667 20228
1667 20303
1676 14595
1692 24682
1715 8996
1740 2034
1740 4242
1740 16613
1740 18058
1740 19648
1740 20062
1740 20165
1740 20243
1740 20384
1741 6417
1741 6681
1741 10461
1741 17262
1741 18993
1741 19024
1800 3214
1846 4735
1846 7662
1846 12172
1846 12829
1846 14698
1846 16683
1846 17339
1846 18957
1846 22708
1899 3496
1901 15480
1913 6333
1951 700
1951 9553
1951 15853
1951 16052
1951 16758
1951 18225
1951 18546
1952 20053
2018 465
2018 5345
2018 18195
2091 19061
2134 2361
2134 3218
2134 4600
2134 7803
2134 9239
2134 11698
2134 12200
2134 14127
2134 14233
2134 15853
2134 16424
2134 18153
2134 18428
2134 19727
2134 20045
2134 20275
2134 20307
2194 15885
2194 19730
2194 20354
2197 572
2197 1266
2197 6009
2197 7022
2197 7454
2197 8262
2197 8632
2197 12037
2197 12326
2197 12573
2197 12588
2197 13694
2197 15502
2197 16683
2197 18741
2197 18750
2197 19421
2197 19814
2197 20085
2197 20120
2197 20164
2197 20188
2197 20197
2197 20241
2197 20312
2197 20329
2197 20337
2230 11474
2230 15895
2230 20093
2230 22217
2230 24322
2275 23795
2329 5310
2349 11967
2361 1266
2361 17262
2361 18153
2361 18735
2361 19829
2361 20177
2386 20224
2387 642
2387 11378
2387 12271
2387 12829
2387 13337
2387 14232
2387 17456
2387 17566
2387 17731
2387 18225
2387 18602
2387 19196
2387 19739
2387 20175
2387 20197
2387 20237
2387 20241
2387 20262
2387 20269
2387 24226
2387 24579
2392 12829
2411 18602
2419 11926
2423 19113
2423 20121
2424 7681
2424 12079
2424 19739
2424 19995
2442 15364
2446 14227
2487 3425
2487 4735
2487 7387
2487 13639
2487 16366
2487 20120
2487 20183
2487 20329
2487 20337
2497 630
2497 8305
2497 8808
2497 8995
2497 9213
2497 13470
2497 15385
2497 15942
2497 16048
2497 16683
2497 20063
2497 20228
2497 20305
2497 20352
2497 20405
2497 23203
2583 19727
2592 7454
2592 9025
2592 10429
2592 12037
2592 15758
2592 19196
2592 20062
2592 20164
2592 20175
2622 11114
2622 19820
2622 20151
2622 20970
2622 24252
2629 644
2629 4920
2629 6247
2629 9046
2629 9830
2629 10253
2629 11794
2629 11936
2629 13309
2629 13607
2629 14301
2629 18414
2629 18602
2629 18828
2629 19011
2629 20128
2629 20206
2629 20216
2629 20223
2629 20817
2629 21899
2629 23795
2633 6961
2633 12037
2633 18033
2633 19739
2668 23795
2700 11378
2736 5251
2750 662
2750 4407
2750 20277
2794 4340
2794 9811
2794 14787
2851 12326
2872 5980
2872 13383
2920 9239
2947 4355
2962 15814
2962 23707
2962 23956
2997 1913
2997 3337
2997 11400
2997 15321
3039 22521
3049 10253
3049 14583
3101 4928
3101 15117
3101 18602
3143 8396
3172 993
3172 8935
3172 9025
3172 12037
3172 12242
3172 12797
3172 13211
3172 13639
3172 18904
3172 19149
3172 20073
3172 20120
3172 21876
3229 20055
3255 1430
3255 16018
3255 20251
3255 23707
3288 6961
3337 4342
3337 5980
3337 6548
3337 12900
3337 13969
3337 19370
3425 1266
3425 14728
3425 16683
3425 20364
3425 20405
3433 11357
3528 7747
3601 12394
3620 20064
3620 21335
3627 1018
3677 394
3705 23795
3714 18993
3714 19739
3714 19995
3757 12292
3777 17731
3777 20306
3834 8820
3953 20260
3986 12135
3986 20359
4021 15480
4086 9978
4086 20190
4086 20372
4121 642
4121 2736
4121 7113
4121 8403
4121 10253
4121 13553
4126 642
4143 17027
4158 12853
4185 20214
4196 12677
4196 18058
4196 20197
4237 1001
4242 1038
4242 2387
4242 4920
4242 7478
4242 7743
4242 7803
4242 8403
4242 9256
4242 10021
4242 10558
4242 12239
4242 12670
4242 14255
4242 15450
4242 15819
4242 17476
4242 17566
4242 18107
4242 18428
4242 18602
4242 19421
4242 19844
4242 20062
4242 20085
4242 20156
4242 20243
4242 20274
4242 20322
4242 21954
4255 12797
4255 20342
4280 20181
4331 1447
4331 9011
4331 20197
4398 2467
4406 5567
4406 9057
4407 574
4407 7401
4407 19815
4440 701
4440 7106
4440 8232
4440 8996
4440 9911
4440 12037
4440 14987
4440 18602
4440 20119
4440 20358
4459 833
4459 3143
4498 12091
4533 12135
4567 5364
4567 11357
4578 15604
4578 17935
4578 18602
4578 20210
4600 6589
4667 6666
4667 11378
4685 277
4685 6101
4685 7106
4685 9365
4685 16052
4685 17041
4685 19288
4685 20094
4685 20119
4685 20323
4719 8632
4730 14232
4730 14479
4732 3214
4732 7759
4732 24246
4829 9057
4829 18602
4829 18993
4871 20062
4920 1312
4920 2851
4920 4121
4920 8364
4920 10718
4920 11378
4920 11794
4920 12853
4920 13042
4920 14583
4920 16705
4920 16999
4920 18602
4920 18828
4920 19685
4920 19739
4920 19815
4920 20120
4920 20202
4920 20214
4920 20279
4920 21336
4920 22521
4920 22598
4928 13649
4928 14224
4928 18171
4982 6167
4982 20254
5101 14272
5101 24518
5123 16743
5152 1715
5152 8996
5152 9025
5152 10273
5152 20147
5160 4578
5176 17602
5178 20181
5189 13558
5189 15364
5203 6548
5282 13855
5282 14213
5310 1296
5311 3292
5311 6260
5311 7266
5311 17262
5311 18517
5311 20361
5311 20410
5345 213
5345 1346
5345 2384
5345 3227
5345 15942
5345 17039
5345 17539
5345 18602
5364 14227
5408 12075
5409 7759
5432 19734
5446 18602
5447 4920
5448 2387
5509 11698
5519 7392
5519 20364
5523 21878
5530 7352
5530 11936
5614 13212
5639 12082
5639 12239
5639 13754
5639 15693
5639 16018
5639 18192
5639 20039
5639 20258
5660 5518
5677 5516
5686 12829
5686 15758
5750 8037
5753 2134
5753 7803
5753 19739
5757 14272
5892 12282
5892 20103
5892 20162
5946 18957
5992 12900
6009 3705
6009 8935
6009 13694
6009 14227
6009 14595
6009 14806
6009 14919
6009 15117
6009 15488
6009 15758
6009 18729
6009 19703
6009 20250
6009 20323
6009 21800
6047 13885
6047 13977
6047 20081
6049 14227
6049 18797
6049 22217
6052 13639
6079 5310
6124 14629
6167 12079
6167 14227
6229 19554
6247 13553
6247 16018
6247 16390
6258 19734
6260 19061
6278 12037
6278 20223
6278 20236
6278 20347
6285 12853
6310 17540
6310 19949
6310 23795
6485 630
6485 1604
6485 1632
6485 4829
6485 6049
6485 20141
6485 20222
6485 20328
6503 20198
6505 6666
6505 11378
6528 4242
6528 19888
6531 5284
6531 8540
6531 9964
6531 11332
6531 20006
6547 10627
6547 19845
6557 19020
6589 20362
6598 7478
6598 11378
6598 14232
6598 20073
6640 18058
6666 6047
6666 11378
6666 14728
6666 23795
6680 19061
6687 662
6687 6417
6687 8634
6707 14232
6735 20027
6735 20056
6735 20060
6735 20164
6736 14529
6742 613
6850 20405
6851 2411
6851 4578
6851 9405
6851 13305
6851 13639
6869 2018
6869 6049
6869 7778
6869 20338
6869 21336
6874 1018
6887 14232
6955 1951
6955 2387
6955 6047
6955 9239
6955 9811
6955 18689
6955 19011
6955 19087
6961 1658
6961 4242
7022 6961
7022 19948
7089 11684
7113 8403
7152 15472
7152 19814
7152 20275
7152 20291
7186 3193
7186 12573
7186 17682
7266 19498
7367 21634
7392 13612
7405 18546
7405 19705
7405 19768
7405 20230
7405 20260
7410 20166
7410 20397
7442 16911
7454 11033
7454 19949
7470 6167
7478 11344
7478 14213
7478 19172
7493 814
7499 19533
7499 20103
7514 20354
7516 5331
7516 5567
7516 6869
7516 7478
7516 8996
7516 11787
7516 13270
7516 13855
7516 14213
7516 15003
7516 23085
7557 13399
7579 12091
7601 9213
7613 14479
7613 19323
7630 5449
7630 18884
7648 814
7648 1658
7648 6955
7648 7514
7648 11378
7648 19196
7682 13969
7682 19949
7743 18483
7743 19323
7743 20136
7743 20223
7747 19087
7747 20358
7759 814
7759 7106
7759 12797
7759 18062
7759 20081
7759 20183
7759 20194
7759 20198
7759 20294
7759 20306
7759 20358
7759 20403
7759 21702
7778 20
7778 3760
7778 4920
7778 5036
7778 12135
7778 20230
7778 20254
7778 20398
7778 23795
7792 20357
7803 10461
7803 13772
7850 15117
7973 2633
7973 13237
7973 18033
8034 2497
8102 2446
8102 8939
8102 9239
8102 10429
8102 11393
8102 13560
8102 18993
8102 19024
8102 20035
8102 20291
8102 20374
8146 20251
8232 12829
8232 12974
8232 13212
8232 15427
8232 17476
8232 20103
8252 22521
8262 11378
8262 12239
8305 12900
8346 12326
8363 20260
8364 6960
8364 21336
8403 9046
8403 20053
8403 21336
8421 10461
8421 15321
8421 17026
8421 19288
8421 19739
8421 20082
8421 20188
8421 20219
8421 20273
8447 1913
8452 12812
8452 16018
8462 630
8478 20013
8600 8996
8600 9019
8600 12797
8600 16018
8600 19034
8600 19993
8600 20129
8600 20135
8600 20213
8600 20328
8600 24206
8657 642
8657 12894
8657 14728
8681 14479
8787 13977
8808 15229
8808 19499
8813 4086
8816 19814
8835 20147
8921 275
8921 496
8921 12037
8921 13027
8921 13212
8921 15117
8921 18602
8921 18729
8921 19323
8921 20237
8935 1604
8935 3229
8935 6961
8935 11332
8935 11936
8935 13042
8935 18546
8935 19196
8935 20196
8935 20254
8988 18602
8995 14728
8995 15894
8996 252
8996 5196
8996 14888
8996 20341
8996 21786
9019 19034
9025 200
9025 344
9025 929
9025 1846
9025 2018
9025 3657
9025 4342
9025 7478
9025 7803
9025 8600
9025 8808
9025 9239
9025 10021
9025 11722
9025 12239
9025 13211
9025 15758
9025 15872
9025 16018
9025 18741
9025 20048
9025 20116
9025 20129
9025 20267
9025 20293
9025 20304
9030 18602
9030 18689
9046 16705
9057 2540
9057 2831
9057 3227
9057 4578
9057 6247
9057 6505
9057 8835
9057 8935
9057 9830
9057 10844
9057 12135
9057 12573
9057 12797
9057 12819
9057 13042
9057 14888
9057 17667
9057 17786
9057 18602
9057 18750
9057 19149
9057 20014
9057 20063
9057 20089
9057 20128
9057 20129
9057 20197
9057 20263
9057 20283
9057 20287
9057 20291
9057 20305
9057 20328
9057 20354
9057 20362
9057 20385
9057 21702
9057 24273
9082 18602
9120 13191
9135 287
9135 22598
9140 19808
9157 23795
9177 4242
9177 6707
9177 10646
9177 11114
9177 11165
9177 12829
9177 14232
9177 15819
9177 15969
9177 19564
9177 20059
9177 20403
9177 21876
9177 24695
9238 477
9238 630
9238 7266
9238 14224
9238 14232
9238 14479
9238 20166
9238 20303
9238 20311
9238 21876
9239 1126
9239 2540
9239 4242
9239 10021
9239 11929
9239 12037
9239 12135
9239 18997
9239 20193
9239 20354
9239 20371
9275 10429
9275 11378
9275 18561
9275 20203
9318 17880
9365 13605
9392 8321
9398 12797
9405 8820
9453 1018
9453 16705
9453 19149
9516 2384
9524 1658
9541 19995
9553 814
9553 8996
9553 9696
9553 12082
9553 20063
9553 21457
9679 13977
9697 17476
9713 8262
9713 18372
9713 18549
9713 19528
9713 20357
9724 12900
9742 14595
9837 20196
9842 166
9842 5446
9842 11332
9842 13010
9842 17731
9842 19087
9842 19149
9842 20127
9842 20347
9842 20354
9874 6151
9911 12894
9956 7427
9960 12829
9983 2611
9983 13605
9983 14232
10021 15814
10121 1934
10121 4578
10121 10429
10121 12588
10121 17179
10121 20120
10121 24480
10168 10273
10168 17539
10253 9275
10253 11378
10253 18546
10273 20048
10292 9830
10292 10253
10292 11378
10292 13607
10292 14232
10292 18561
10292 18602
10292 19323
10292 20059
10292 20096
10292 20237
10292 20238
10356 13814
10410 3337
10410 17231
10410 17647
10410 18088
10429 2231
10429 10461
10429 11043
10429 15942
10429 17566
10429 19149
10429 20260
10469 20219
10566 2275
10566 2382
10566 4242
10566 8996
10566 9031
10566 9811
10566 10707
10566 12239
10566 12974
10566 17276
10566 20197
10566 20301
10640 10429
10707 13027
10718 12326
10718 12812
10767 19808
10770 19730
10811 1913
10811 16764
10811 20251
10844 20354
11040 2091
11064 15971
11158 24226
11230 503
11230 804
11230 2467
11230 4920
11230 8921
11313 23085
11344 19554
11371 17675
11371 19768
11378 2467
11378 7082
11378 17357
11378 19379
11378 19901
11380 12326
11393 19949
11406 8634
11406 13470
11406 14698
11406 19739
11412 2629
11419 19845
11429 9365
11577 5152
11577 8996
11577 22513
11657 1949
11657 6009
11657 11792
11657 12310
11657 14255
11657 18058
11657 18997
11657 19648
11657 20096
11684 6557
11684 19727
11686 3172
11686 21881
11698 2978
11698 3835
11698 14888
11698 17262
11700 8996
11715 20050
11735 18337
11743 1609
11743 11378
11743 12007
11758 7266
11758 11357
11758 12037
11758 12153
11758 18225
11758 18602
11767 201
11767 902
11767 1623
11767 4086
11767 4242
11767 9275
11767 9830
11767 10292
11767 12037
11767 12600
11767 13639
11767 14232
11767 14499
11767 18003
11767 18561
11767 18745
11767 20106
11767 20113
11767 20120
11767 20206
11767 20289
11767 20305
11767 20315
11767 24695
11787 630
11787 24252
11794 22521
11819 3229
11819 6707
11819 8935
11819 11332
11819 14232
11819 17456
11819 18750
11819 20183
11839 16018
11839 20305
11842 3143
11848 14232
11861 14888
11861 18226
11867 3270
11870 13027
11896 3460
11896 13336
11909 12539
11909 20130
11909 20305
11910 11881
11929 2467
11929 10949
11929 12734
11977 9696
12007 9858
12007 15267
12012 9025
12012 20164
12037 477
12062 14255
12074 19648
12091 7266
12091 9541
12091 14067
12091 14232
12091 17713
12091 19367
12091 19498
12135 212
12135 1913
12135 8076
12135 8935
12135 9030
12135 9082
12135 9275
12135 10414
12135 11357
12135 12239
12135 12271
12135 13212
12135 13639
12135 14232
12135 14479
12135 15447
12135 15450
12135 16410
12135 17566
12135 18003
12135 18561
12135 18729
12135 19149
12135 19727
12135 20127
12135 20303
12135 20315
12135 20359
12135 20405
12147 21702
12153 642
12198 15895
12202 13003
12231 16579
12233 19901
12233 19949
12234 17041
12239 5517
12239 7759
12239 10461
12239 12610
12239 12734
12239 13038
12239 14698
12239 15853
12239 16816
12239 18354
12239 19047
12239 20119
12239 20219
12239 21336
12242 630
12242 8996
12242 10707
12242 15604
12242 20330
12256 14236
12319 15472
12343 642
12343 19727
12343 24404
12358 16613
12367 20162
12519 8289
12539 2416
12560 3891
12588 0
12588 19949
12600 14232
12618 21702
12658 11971
12665 1018
12665 4829
12665 5369
12668 20249
12670 15274
12677 0
12712 11378
12712 13511
12712 20270
12734 1623
12734 10429
12734 20131
12734 20219
12763 20103
12785 12037
12789 19059
12797 124
12797 10707
12797 11839
12797 15814
12805 17291
12812 11357
12813 12037
12819 18034
12822 2480
12843 14232
12843 23348
12853 20103
12853 20128
12870 213
12870 833
12870 4794
12870 13191
12870 13270
12870 20291
12870 23085
12894 3425
12894 6049
12894 6505
12894 7499
12894 11378
12894 14120
12894 19739
12894 20138
12900 386
12900 4342
12900 9256
12900 11474
12900 11792
12900 13181
12900 13694
12900 19554
12900 19739
12900 20117
12900 20206
12900 20354
12907 21876
12916 11579
12973 5446
12980 19341
12989 20283
12991 14232
13003 3714
13003 4663
13011 20230
13027 1018
13027 3193
13027 5892
13027 8452
13027 11378
13027 12797
13027 14147
13027 14232
13027 16648
13027 18993
13027 20273
13034 2592
13034 6961
13034 11357
13034 18729
13042 1708
13042 8444
13042 11006
13042 18546
13065 20329
13121 6499
13121 20178
13211 9239
13212 10707
13212 11378
13231 17950
13247 19930
13270 6202
13270 8996
13270 16406
13270 20291
13270 21954
13272 16579
13305 572
13305 1270
13305 6049
13305 12310
13305 12789
13305 12805
13305 12998
13305 14919
13305 15147
13305 15351
13305 15488
13305 18058
13305 18741
13305 18815
13305 19648
13305 19948
13305 20080
13305 20121
13305 20126
13305 20139
13305 20161
13305 20162
13305 20240
13305 20304
13305 22217
13337 18602
13337 20262
13343 18950
13343 19739
13343 20048
13343 20291
13383 3714
13387 20111
13431 386
13431 4928
13431 17667
13431 19011
13492 15369
13492 17579
13511 20258
13558 15364
13584 1018
13584 11378
13584 19739
13584 19949
13584 20237
13588 0
13628 19739
13639 201
13639 2411
13639 3610
13639 3741
13639 4343
13639 5178
13639 7442
13639 8996
13639 12573
13639 18602
13639 19591
13639 19949
13639 20216
13684 18815
13684 20139
13684 20196
13694 13969
13694 21800
13723 11357
13723 15369
13723 16816
13723 20189
13723 20303
13786 814
13786 1380
13786 7454
13786 7759
13786 8996
13786 10566
13786 13270
13786 19739
13786 20298
13786 20304
13786 24252
13855 18602
13885 2962
13885 11599
13885 20064
13885 20138
13954 9120
13954 11378
13954 18225
13954 20173
13969 3292
13969 4125
13969 5203
13969 8396
13969 9025
13969 9405
13969 12495
13969 12588
13969 17415
13969 17928
13969 18009
13969 18741
13969 18827
13969 19524
13969 19814
13969 20006
13969 20060
13969 20085
13969 20241
13969 21335
13977 18470
14069 7850
14069 14124
14094 19993
14113 630
14207 16557
14213 833
14213 20048
14213 20377
14227 12974
14227 20008
14227 20120
14227 20162
14232 5817
14232 8474
14232 8921
14232 9978
14232 10021
14232 10640
14232 11357
14232 12239
14232 19073
14232 19943
14232 20011
14232 20092
14232 20115
14232 20125
14232 20174
14232 20206
14232 23795
14232 24033
14232 24451
14232 24579
14255 17291
14271 4920
14271 6310
14271 18033
14271 18729
14271 18828
14271 20096
14289 20331
14295 4928
14295 15450
14295 20326
14304 1018
14312 9842
14355 11735
14355 18009
14355 18337
14387 6505
14387 11378
14414 17539
14414 17788
14426 13460
14427 10707
14427 19443
14454 14189
14517 12734
14550 7266
14550 8935
14568 16557
14595 3337
14595 12079
14595 13833
14595 14232
14595 15274
14595 17291
14595 17684
14595 20360
14787 2818
14787 5517
14787 8262
14787 8634
14787 9776
14787 11357
14787 11378
14787 13460
14787 18706
14787 18752
14787 19533
14787 20049
14787 20055
14787 20096
14787 20147
14787 20153
14787 20160
14787 20208
14787 20221
14787 20232
14787 20260
14787 20275
14787 20371
14787 20385
14806 753
14806 19703
14815 20328
14822 11357
14871 19840
14888 1887
14888 6869
14888 8820
14888 9673
14888 10168
14888 10273
14888 20291
14920 12326
14920 18034
14920 19727
14920 20158
14920 20207
14920 20305
14920 20317
14987 15385
14987 16568
15057 23795
15117 4498
15117 7266
15117 13123
15117 14343
15117 14550
15117 15295
15117 20379
15117 20380
15117 22598
15147 15351
15152 2629
15161 11332
15161 11722
15161 18993
15161 20130
15183 17041
15183 18602
15206 19930
15249 19379
15252 16743
15299 833
15299 7478
15299 14213
15299 15410
15299 20075
15299 21913
15299 22217
15332 1266
15332 19829
15349 16373
15364 5670
15364 10601
15364 19341
15382 7478
15385 18602
15406 8600
15407 2831
15407 20183
15447 20131
15450 2304
15450 12797
15450 14888
15450 18337
15450 20196
15450 20517
15450 23511
15450 24033
15472 11062
15472 12106
15472 19815
15472 20188
15488 386
15488 4871
15488 20062
15488 24722
15571 20883
15576 1667
15610 9697
15640 6090
15640 9239
15640 16363
15672 20295
15672 24226
15693 20211
15717 5409
15741 20230
15758 12519
15758 20250
15814 2091
15814 4653
15814 4920
15814 7759
15814 9082
15814 12007
15814 12326
15814 15183
15814 18689
15814 19739
15814 20084
15814 20115
15814 20148
15814 20231
15814 20270
15814 23535
15819 17950
15848 23407
15866 11357
15969 21876
15971 20
15971 630
15971 1228
15971 7454
15971 8364
15971 12797
15971 14866
15971 16568
15971 19073
15971 19727
15971 19815
15971 20145
15971 20175
15971 20211
15971 20297
15971 20298
15971 20306
15971 21786
15978 2416
15978 24568
15980 17684
15980 20322
16003 7268
16018 19059
16018 20251
16018 23235
16034 19061
16069 19727
16069 24033
16095 12079
16186 642
16186 2134
16186 13786
16186 17475
16186 19585
16186 20115
16186 20291
16186 20359
16186 20392
16186 23795
16189 19341
16201 5946
16209 194
16323 9239
16334 3255
16336 20076
16336 20156
16366 1018
16366 15635
16410 6666
16410 6678
16410 7989
16410 8921
16410 17298
16410 24033
16453 22224
16525 2275
16525 3705
16525 17339
16525 23795
16556 2831
16557 8993
16557 18226
16557 18938
16557 19648
16557 19739
16557 19840
16557 20191
16557 20226
16557 20304
16557 24526
16563 19949
16581 17830
16581 20197
16587 17333
16609 44
16609 20150
16609 20362
16613 262
16613 9811
16613 10707
16613 12829
16613 17039
16613 17476
16639 2497
16684 24526
16741 2416
16810 15252
16816 9057
16816 18546
16816 20125
16816 20194
16859 4242
16859 15351
16859 16613
16859 19648
16866 6098
16892 14412
16895 17660
16960 10707
16960 18602
16999 14583
17008 3771
17039 20085
17041 18286
17041 20261
17058 5152
17058 5901
17058 11378
17098 701
17117 6124
17147 5095
17155 3051
17157 2851
17262 3528
17262 16568
17269 21786
17293 12677
17333 12734
17339 15472
17347 18752
17358 642
17358 3337
17358 3714
17358 5446
17358 14232
17358 17262
17358 17604
17358 17928
17358 20046
17358 20049
17358 20067
17358 20074
17358 20177
17358 20230
17358 20231
17358 20235
17358 20241
17414 18689
17414 19149
17436 4703
17436 13125
17436 15635
17454 1266
17566 17342
17604 200
17682 3292
17683 503
17713 20094
17731 20127
17742 201
17742 262
17742 503
17742 13899
17742 20406
17750 13237
17788 20242
17829 4242
17829 12677
17829 18009
17837 18619
17840 12829
17842 20287
17851 13010
17929 12573
17950 17713
17978 1913
18021 6009
18021 14888
18021 20429
18034 1951
18034 11378
18034 12991
18034 16568
18034 17713
18062 18602
18137 11892
18153 18273
18169 8835
18171 20325
18211 4829
18211 13639
18249 14871
18268 1346
18284 19269
18284 20299
18284 23203
18310 16186
18310 22209
18317 3053
18326 726
18351 24206
18354 8632
18354 9842
18354 19648
18354 20312
18401 9541
18401 20342
18418 8102
18449 1013
18449 17566
18449 20131
18505 19196
18517 20157
18561 20300
18574 6247
18574 23795
18602 3777
18602 11114
18602 11929
18602 17475
18602 20049
18602 20067
18602 20177
18602 20232
18602 20287
18602 20300
18602 20342
18602 20359
18602 20412
18602 21899
18611 8996
18611 16018
18611 23235
18619 124
18619 700
18619 4829
18619 9461
18619 12239
18619 15117
18619 17568
18619 19149
18619 20219
18619 20227
18619 24451
18634 6049
18689 3292
18689 3714
18689 14698
18689 18602
18689 19024
18689 19739
18689 19808
18689 20138
18819 20027
18828 2091
18828 8421
18884 895
18884 3292
18884 3714
18884 4242
18884 6009
18884 7478
18884 12677
18884 13588
18884 17667
18884 18993
18884 19722
18884 20085
18884 20104
18884 20162
18884 20386
18888 8035
18904 1846
18904 11819
18904 20120
18904 20337
18904 20355
18952 20400
18993 17475
19011 12282
19011 12797
19011 23795
19023 4624
19023 4794
19023 7367
19032 20198
19048 13026
19061 1018
19061 4920
19061 12829
19061 17048
19061 20309
19066 2831
19066 6666
19073 11357
19073 16816
19073 19727
19080 20147
19105 7803
19105 18938
19149 441
19149 10307
19149 19768
19149 20118
19165 17604
19172 20103
19203 1399
19208 14670
19293 1899
19328 9025
19328 20291
19328 20354
19337 20721
19341 1609
19341 12712
19341 16711
19341 19928
19341 20270
19341 23203
19355 17684
19401 15267
19426 2831
19426 9405
19426 10021
19426 18517
19426 20059
19442 16612
19443 1899
19443 19149
19443 20156
19443 20323
19498 7579
19498 13465
19554 18815
19554 19087
19554 20343
19566 17417
19574 13158
19592 15369
19611 8659
19620 14232
19639 14055
19639 19638
19640 20321
19683 13270
19685 2629
19685 12797
19685 20176
19739 630
19739 2580
19739 7803
19739 9380
19739 15450
19743 16987
19785 19901
19814 8130
19814 11881
19871 18517
19901 4242
19901 6247
19901 7113
19901 8996
19901 9046
19901 9453
19901 12819
19901 18033
19901 20817
19915 255
19949 2387
19949 12037
19949 13969
19949 17540
19949 17647
19949 19196
19949 20060
19949 20085
19949 20093
19949 20125
19949 20129
19949 20148
19949 20152
19949 20312
19949 20329
19949 23320
19949 24480
19965 19732
19993 6707
20021 7478
20028 20321
20030 18689
20040 623
20044 6101
20046 17568
20051 4928
20051 19888
20057 5101
20057 16929
20057 17262
20057 18953
20061 5345
20062 10429
20062 19149
20062 20354
20065 15503
20069 7756
20070 21876
20074 19734
20075 20077
20078 22905
20080 11452
20083 10716
20085 21927
20088 14023
20089 18195
20095 3954
20098 22990
20099 269
20100 14414
20102 6318
20106 496
20107 320
20110 12699
20119 21089
20120 10410
20122 11760
20123 3714
20128 395
20128 11167
20128 11794
20128 16705
20128 18574
20132 13010
20134 7648
20134 20207
20141 12812
20142 10021
20163 1934
20170 13560
20171 4578
20172 14045
20176 630
20179 23707
20181 792
20185 18766
20195 8996
20198 9274
20198 19591
20198 20154
20198 20294
20213 22598
20215 20162
20216 18602
20224 24568
20229 804
20229 16976
20229 18449
20230 15329
20242 1715
20242 7478
20244 16591
20245 914
20246 14621
20247 15980
20248 9957
20256 16960
20259 20176
20262 20269
20263 814
20266 14857
20268 23991
20270 20327
20271 20245
20278 277
20282 24033
20285 21240
20310 13326
20312 21336
20324 19149
20333 4901
20333 14866
20336 1237
20342 4396
20342 17792
20342 20236
20350 16348
20351 6867
20356 2416
20360 21240
20363 23795
20378 4920
20388 17472
20389 8474
20390 16714
20401 23795
20402 10147
20413 20395
20513 18602
20594 9239
20638 1266
20638 14479
20676 1913
20676 9842
20676 13723
20676 18602
20676 19528
20817 287
20817 545
20817 4185
20817 7113
20817 8364
20817 10107
20817 11378
20817 11794
20817 12326
20817 12819
20817 19149
20817 20213
20817 20214
20817 23795
20868 22708
20898 13639
21089 5517
21213 1741
21213 3714
21213 16186
21240 4158
21240 14127
21240 15274
21240 15351
21240 16424
21240 18058
21240 20277
21336 4242
21336 8600
21336 9776
21336 11967
21336 12573
21336 16018
21336 18561
21336 19149
21336 19421
21336 20088
21336 20129
21336 20206
21336 22341
21336 22521
21584 7454
21699 601
21699 2091
21699 6167
21699 6202
21699 6505
21699 8996
21699 11378
21699 12519
21699 15095
21699 15385
21699 18602
21699 20115
21699 20174
21699 20230
21699 20306
21699 20323
21699 20347
21699 23535
21699 24568
21702 16591
21786 496
21786 7405
21786 12326
21786 12797
21786 16568
21786 20071
21800 8996
21800 12677
21800 14595
21800 14919
21800 15274
21800 15450
21800 19648
21800 20153
21800 24722
21876 2387
21876 13814
21878 1296
21878 24252
21881 20354
21891 12037
21899 12853
21913 22217
21926 20312
21954 7630
22217 4829
22276 20290
22283 2611
22283 20241
22341 13560
22341 20048
22412 642
22513 2349
22513 10121
22513 11967
22513 18226
22521 63
22521 12853
22521 22598
22598 8600
22598 10273
22598 12853
22598 18828
22598 19303
22598 19785
22598 20245
22598 23795
22708 2497
22708 7454
22708 10613
22708 12829
22708 13337
23130 9405
23130 12495
23130 20183
23144 8634
23235 3172
23235 3620
23235 3705
23235 7427
23235 7778
23235 8102
23235 9978
23235 10021
23235 14232
23235 14236
23235 14805
23235 18602
23235 20049
23235 20117
23235 20119
23235 20177
23235 20206
23235 20230
23235 20401
23348 642
23348 2592
23348 8939
23348 12037
23348 12268
23348 13754
23348 16052
23348 19829
23348 20157
23348 20175
23348 20177
23348 20272
23348 20323
23707 15863
23707 20148
23782 2732
23795 9453
23795 13237
23795 20135
24033 12171
24033 15814
24128 24061
24133 1013
24133 1913
24133 7401
24133 20103
24133 20334
24150 23203
24226 4498
24226 20151
24226 20169
24226 20638
24250 9239
24252 7759
24252 12135
24252 12519
24252 12812
24252 13584
24252 14499
24252 19739
24252 20096
24252 20104
24265 6124
24265 14499
24266 7371
24354 20294
24365 12853
24393 19275
24404 18602
24404 20354
24460 20354
24472 13542
24518 14272
24526 2424
24555 1270
24568 12797
24568 18273
24568 20344
24579 12843
24588 11378
24682 4871
24707 15664
