24740 7151
20 642
20 1018
20 1921
20 7648
20 8006
20 10271
20 12135
20 13472
20 14920
20 18602
20 19498
20 20486
20 20522
20 20547
44 11657
44 17927
44 19037
44 19243
90 22819
155 10469
162 17131
176 642
212 6557
213 1951
213 2275
213 3250
213 7023
213 10168
213 11019
213 12037
213 12079
213 13343
213 13694
213 17539
213 19023
213 19739
213 20104
213 20294
213 20739
213 22598
215 2018
215 14975
271 2153
271 13648
277 13694
287 9177
292 16947
309 19443
320 1015
320 3051
320 4255
320 5893
320 6499
320 10249
320 13392
320 13432
320 13465
320 14048
320 15385
320 17540
320 20560
320 20712
320 20728
331 644
331 4920
344 20048
344 20488
348 12383
374 596
386 1137
386 1949
386 7717
386 7756
386 11254
386 12358
386 12998
386 20069
386 20556
394 16238
401 13181
401 13648
412 2467
412 19072
441 12676
491 17191
491 17342
496 10359
496 13923
514 24518
540 13652
545 18602
596 642
596 3803
596 11333
596 11743
596 15203
596 18546
596 18684
596 20418
596 20505
623 320
623 503
623 642
623 820
623 1411
623 1934
623 2633
623 3051
623 3771
623 4242
623 5446
623 5893
623 6499
623 8921
623 8935
623 10707
623 11019
623 12037
623 13639
623 16318
623 17490
623 17540
623 18034
623 18491
623 18767
623 20346
623 20470
623 20475
623 20496
623 20507
623 20547
623 20697
623 20723
623 21240
623 23320
630 3519
630 8031
630 17472
630 20699
642 496
642 1312
642 2361
642 2387
642 2594
642 3168
642 3301
642 3803
642 4376
642 4440
642 5519
642 5686
642 5887
642 7037
642 7760
642 9239
642 9697
642 9874
642 10271
642 11406
642 11848
642 12037
642 12057
642 12079
642 12245
642 12633
642 12797
642 12813
642 13128
642 13196
642 13212
642 13560
642 13750
642 14644
642 14992
642 15203
642 16209
642 16478
642 18374
642 18602
642 18696
642 18795
642 18962
642 18978
642 19020
642 19730
642 19739
642 20358
642 20426
642 20485
642 20522
642 20530
642 20541
642 20543
642 20569
642 20580
642 20589
642 20653
642 20680
642 20724
642 20745
642 20747
642 21786
642 24518
674 8102
687 3814
701 1013
701 12354
701 12797
701 15814
701 15826
701 18602
701 19428
701 20481
701 20505
701 20547
701 20621
701 20673
760 13560
776 13560
810 10
820 18602
830 23235
833 2018
833 20589
858 16684
866 20472
876 344
876 833
876 7516
876 8996
876 9025
876 13855
876 14442
876 18611
876 22234
895 17684
895 20606
895 20689
929 215
929 4920
929 9157
929 21336
929 23795
934 12239
968 20433
993 17850
1013 262
1013 1018
1013 1318
1013 1913
1013 1934
1013 3051
1013 4242
1013 4595
1013 7023
1013 10253
1013 13212
1013 13694
1013 14822
1013 15843
1013 17068
1013 17566
1013 17742
1013 18072
1013 18602
1013 19138
1013 19738
1013 20640
1013 21786
1013 22592
1013 23320
1013 24335
1018 212
1018 496
1018 2084
1018 12797
1018 14325
1018 14569
1018 14920
1018 15843
1018 16186
1018 18602
1018 20454
1018 20455
1018 20470
1018 20635
1018 20647
1018 20730
1116 20
1116 2091
1116 6170
1116 9448
1116 10767
1116 12239
1116 18781
1116 20097
1116 20306
1116 20468
1116 20553
1116 20557
1116 20735
1133 18178
1133 20577
1137 7478
1137 8996
1137 14609
1137 16816
1137 19023
1137 20488
1137 20614
1137 20739
1141 285
1141 4685
1141 20504
1173 20343
1197 20530
1215 8921
1215 12037
1215 20482
1220 20620
1221 2134
1221 6095
1221 10121
1221 14568
1221 18602
1244 18602
1312 20
1312 760
1312 3250
1312 11758
1312 13472
1312 13560
1312 15385
1312 15640
1312 18602
1312 20556
1312 23782
1317 14361
1317 23795
1346 213
1346 344
1346 17788
1403 19048
1411 6278
1430 1013
1430 2622
1430 3039
1430 3738
1430 4829
1430 5178
1430 5447
1430 6167
1430 7203
1430 9057
1430 9713
1430 10253
1430 11848
1430 13150
1430 13472
1430 14583
1430 16033
1430 16833
1430 18602
1430 19901
1430 20443
1430 20475
1430 20486
1430 20631
1430 21926
1430 22536
1430 22819
1436 15814
1520 213
1520 7405
1520 11819
1520 17854
1520 20414
1520 23795
1538 18452
1538 20579
1538 20612
1543 10429
1549 8681
1632 7023
1632 12797
1632 17742
1658 17191
1658 23320
1665 13485
1665 14994
1665 20583
1667 3754
1667 14728
1667 14787
1667 15118
1667 18602
1667 20515
1676 16944
1692 15382
1734 7613
1740 642
1740 1100
1740 7478
1740 10027
1740 12041
1740 12315
1740 13196
1740 14325
1740 15203
1740 16613
1740 16744
1740 17131
1740 17276
1740 17701
1740 19196
1740 19739
1740 20523
1740 20539
1740 20607
1740 20721
1740 20746
1741 1899
1741 2424
1741 12104
1741 14691
1788 6125
1788 6367
1800 3214
1841 18058
1846 642
1846 2491
1846 2594
1846 7760
1846 12172
1846 20559
1846 20576
1846 24480
1901 14189
1903 17687
1934 2516
1934 2997
1934 4242
1934 6557
1934 9177
1934 10253
1934 15369
1934 17892
1951 642
1951 3738
1951 4947
1951 5539
1951 6869
1951 9448
1951 12057
1951 12091
1951 15811
1951 16322
1951 18351
1951 18602
1951 18706
1951 18795
1951 20198
1951 20294
1951 20380
1951 20476
1951 20527
1951 20531
1951 20537
1951 20579
1951 24033
1952 3620
1952 20560
2099 17214
2134 3292
2134 8506
2134 9239
2134 13003
2134 13712
2134 13750
2134 17358
2134 19628
2134 19739
2134 20472
2134 20688
2134 24033
2142 1502
2142 1560
2142 24286
2194 4920
2194 11881
2194 21240
2197 1
2197 728
2197 2920
2197 3049
2197 3425
2197 4158
2197 4331
2197 4735
2197 9025
2197 11819
2197 12829
2197 13639
2197 13694
2197 13954
2197 14370
2197 15203
2197 17540
2197 18467
2197 18602
2197 19568
2197 20355
2197 20441
2197 20499
2197 20558
2197 20617
2197 20650
2197 20659
2197 20667
2197 20691
2197 21800
2230 3337
2230 7613
2230 9697
2230 14589
2230 15299
2230 15701
2238 3958
2238 20616
2275 3425
2275 8921
2275 20291
2329 3591
2329 19693
2349 19023
2355 15001
2361 3049
2361 5123
2361 17540
2361 19829
2384 8835
2384 10273
2384 16675
2384 16816
2387 12037
2387 13750
2387 20466
2387 20543
2387 20675
2400 23634
2411 14920
2413 642
2413 3823
2413 12037
2413 12813
2413 20652
2413 20692
2416 4242
2416 11929
2421 287
2421 540
2424 8421
2424 15203
2442 17449
2467 13141
2467 20535
2487 2794
2487 8657
2487 12829
2487 13639
2487 18178
2487 20499
2487 20667
2497 13465
2497 13750
2497 14728
2497 15118
2497 19167
2497 20426
2497 20427
2497 20620
2497 20643
2497 23822
2581 20638
2592 6170
2592 18374
2592 20454
2592 20463
2592 20522
2622 13639
2622 17742
2622 18729
2622 19730
2622 20582
2622 20620
2622 23795
2629 4947
2629 5178
2629 13042
2629 15404
2629 21926
2633 1403
2633 3771
2633 23795
2651 15095
2668 18684
2668 19901
2713 20642
2736 21699
2750 5519
2794 4242
2794 14835
2794 20304
2831 13150
2831 18602
2872 5887
2872 9591
2872 20532
2931 2668
2931 17149
2997 13923
2997 20634
3049 20291
3051 20533
3055 3292
3101 630
3101 9082
3101 11078
3130 9082
3143 14054
3143 15332
3143 24269
3162 21786
3168 2791
3168 13212
3168 18574
3172 2924
3172 3051
3172 12587
3172 12829
3172 13584
3172 15416
3172 18467
3172 20496
3172 20638
3172 21240
3172 22290
3203 13796
3255 3292
3292 5311
3292 8102
3292 8421
3292 16727
3292 18746
3337 8869
3337 18541
3425 7759
3425 12245
3425 13570
3425 16323
3425 17540
3425 18491
3425 18602
3425 20650
3425 22188
3433 1140
3496 4458
3496 18169
3519 4920
3519 15866
3528 8506
3528 9177
3570 17539
3591 630
3591 14301
3620 6247
3620 8869
3620 14370
3627 20530
3704 23795
3705 14325
3757 701
3757 2355
3757 15819
3757 20311
3757 20541
3771 19048
3809 3714
3843 19703
3861 24601
3909 10273
3909 17539
3986 503
3986 7743
3986 17742
3986 20656
4086 12633
4086 13835
4086 17149
4121 4547
4121 9157
4121 15866
4121 18619
4121 20599
4121 23795
4125 14054
4125 17742
4158 804
4158 1543
4158 6170
4158 13694
4158 15203
4160 13003
4196 1949
4196 15450
4242 496
4242 820
4242 2424
4242 2622
4242 3738
4242 4743
4242 6869
4242 7023
4242 7630
4242 7717
4242 9157
4242 9697
4242 11657
4242 11929
4242 12820
4242 12998
4242 13106
4242 13486
4242 14728
4242 15203
4242 15300
4242 15819
4242 15980
4242 16186
4242 16297
4242 17131
4242 18009
4242 18058
4242 18171
4242 18434
4242 18526
4242 18602
4242 18940
4242 19037
4242 20377
4242 20463
4242 20563
4242 20606
4242 20673
4255 6170
4255 12135
4255 20483
4271 5232
4331 12392
4331 19438
4331 20470
4343 9025
4343 16186
4343 18619
4343 21336
4406 833
4406 14986
4406 21954
4406 22598
4407 20551
4408 20461
4440 503
4440 6499
4440 9275
4440 16186
4440 20521
4440 20530
4440 20653
4440 20702
4440 20725
4482 9057
4482 20558
4482 20563
4547 6247
4568 20575
4580 1899
4667 3496
4667 7630
4685 7023
4685 16923
4685 20420
4685 24282
4730 6499
4732 7759
4737 12135
4794 20061
4829 1899
4829 11971
4829 13750
4829 20022
4829 20472
4920 344
4920 644
4920 1013
4920 5447
4920 6247
4920 13923
4920 14583
4920 15702
4920 16243
4920 20443
4920 22598
4928 6531
4928 20655
4966 5203
5123 3292
5178 3101
5178 18684
5178 21926
5261 3425
5261 6124
5261 13392
5261 17742
5261 18602
5261 24518
5284 4928
5284 20463
5311 1934
5311 1951
5311 3049
5311 3528
5311 5539
5311 5887
5311 12953
5311 13270
5311 17016
5311 17262
5311 17358
5311 18351
5311 18742
5311 18781
5311 18795
5311 20230
5311 20460
5311 20587
5311 20748
5311 21786
5345 833
5345 2275
5345 3596
5345 7759
5345 9014
5345 9025
5345 11313
5345 15369
5345 17539
5346 13003
5387 16069
5408 20052
5409 3051
5409 10253
5411 3292
5447 630
5447 13851
5448 9025
5448 19042
5448 19048
5509 3777
5509 18634
5519 34
5519 16478
5530 11076
5530 12587
5599 11669
5615 9025
5639 8421
5660 6747
5677 5583
5686 19020
5686 20702
5689 3725
5762 16944
5762 17667
5769 18602
5805 22217
5845 1949
5845 6557
5887 12315
5887 20472
5887 20614
5892 18689
5931 13605
5946 9239
5946 20294
6047 21699
6049 7516
6104 6247
6124 20321
6149 8921
6167 876
6167 2018
6167 9553
6167 11254
6167 12079
6167 13719
6167 17675
6167 18684
6167 20532
6170 12135
6247 4121
6247 13553
6247 13726
6247 15702
6247 15866
6247 20610
6247 20728
6247 23795
6260 19061
6278 3250
6278 5261
6278 6887
6278 11342
6278 12135
6278 13150
6278 17509
6278 18602
6278 20560
6278 20586
6278 23795
6278 24518
6285 630
6285 12853
6310 18602
6485 6049
6485 10253
6485 14427
6485 15385
6485 18602
6485 18684
6497 21746
6528 15245
6528 18058
6528 19738
6528 20355
6528 20615
6531 17972
6547 496
6547 5310
6547 13639
6547 15117
6547 18169
6557 17149
6557 20479
6571 14920
6571 20673
6589 601
6589 1665
6598 7630
6598 8399
6598 14054
6598 20563
6598 20703
6598 21336
6598 23795
6666 3255
6666 17566
6666 20358
6687 3292
6735 9025
6735 23144
6845 16557
6850 20291
6851 5345
6851 7759
6851 9082
6851 14427
6851 18602
6869 4406
6869 9057
6869 21336
6874 1543
6874 20673
6874 20720
6955 1520
6955 4928
6955 6531
6961 13639
6961 23795
7022 20514
7023 12141
7023 21786
7081 6278
7081 18602
7081 20586
7082 8421
7142 9696
7152 10027
7156 7743
7186 20472
7186 20537
7405 1140
7405 7023
7410 20355
7470 11793
7470 12829
7470 13011
7478 19728
7478 20377
7499 20291
7514 320
7514 18602
7516 1153
7516 7478
7516 12539
7516 19023
7516 20377
7516 20491
7613 4920
7613 10307
7613 16989
7613 17742
7613 19554
7613 20725
7630 1543
7630 2197
7630 2831
7630 6944
7630 13639
7630 15203
7630 20412
7630 20511
7630 20589
7630 20617
7648 804
7648 2197
7648 5893
7648 6627
7648 7082
7648 7630
7648 7759
7648 10253
7648 11929
7648 14271
7648 14361
7648 17742
7648 21110
7648 22290
7656 18696
7669 2361
7682 20431
7743 17100
7743 23795
7759 9082
7759 12074
7759 13570
7759 14127
7759 14427
7759 15811
7759 15853
7759 19829
7759 20294
7759 20552
7759 20748
7778 1951
7778 2104
7778 6124
7778 12910
7778 13954
7778 18619
7778 18684
7985 644
8031 8321
8100 1312
8100 20455
8102 3528
8102 5232
8102 7759
8102 12539
8102 18602
8102 20481
8102 20752
8232 1913
8232 12734
8232 12998
8232 19118
8262 3051
8305 11062
8399 1209
8403 20531
8421 5887
8421 9959
8421 10707
8421 14147
8421 16989
8421 17449
8421 18795
8421 19739
8421 20395
8421 20427
8421 20569
8456 20739
8506 12239
8506 20358
8506 21213
8600 2018
8600 7627
8600 14171
8600 20488
8600 20558
8600 20720
8632 2230
8657 1667
8657 12894
8657 14171
8657 15118
8657 19167
8657 20524
8657 20667
8666 16322
8707 3398
8709 19946
8812 20587
8872 2387
8921 212
8921 320
8921 503
8921 4255
8921 12037
8921 18374
8921 20442
8921 20462
8921 20622
8921 23795
8935 1140
8935 2633
8935 7405
8935 8993
8935 12135
8935 18602
8935 21786
8995 14728
8996 929
8996 2207
8996 5178
8996 9057
8996 14806
8996 17687
9025 171
9025 833
9025 2018
9025 4160
9025 5178
9025 6049
9025 6095
9025 8921
9025 8996
9025 11967
9025 12037
9025 12539
9025 14568
9025 15406
9025 15980
9025 16186
9025 16816
9025 17121
9025 17675
9025 18801
9025 19728
9025 19946
9025 20022
9025 20377
9025 20438
9025 20491
9025 20563
9025 21336
9025 21954
9025 22234
9057 503
9057 701
9057 1013
9057 1899
9057 1934
9057 2104
9057 7771
9057 8031
9057 9016
9057 9082
9057 10566
9057 10707
9057 11929
9057 13485
9057 13502
9057 13639
9057 14427
9057 14441
9057 14835
9057 15203
9057 17649
9057 18611
9057 18684
9057 20068
9057 20412
9057 20434
9057 20499
9057 20502
9057 20504
9057 20547
9057 20558
9057 20563
9057 20610
9057 22134
9057 22819
9057 23163
9057 23235
9057 23795
9140 17449
9157 5447
9157 19901
9157 23235
9177 20
9177 642
9177 1951
9177 2275
9177 2622
9177 3301
9177 3738
9177 10271
9177 12135
9177 12797
9177 13465
9177 13634
9177 14969
9177 15819
9177 15837
9177 16186
9177 17742
9177 20311
9177 20459
9177 20495
9177 20530
9177 20708
9226 18489
9238 5261
9238 6278
9238 14920
9238 17742
9239 1140
9239 1153
9239 2230
9239 5178
9239 7613
9239 12037
9239 12797
9239 13584
9239 17742
9239 19554
9239 20486
9239 20753
9239 21786
9239 22290
9239 24707
9256 11657
9275 7156
9275 9177
9275 12209
9398 13524
9405 2138
9405 15471
9405 22222
9448 20718
9516 833
9553 1204
9553 1913
9553 12079
9553 15203
9679 18684
9697 13923
9713 3049
9713 9082
9713 13639
9713 17742
9713 23235
9713 23795
9717 18171
9724 20589
9842 2668
9842 3250
9842 13337
9842 13634
9842 14806
9842 19901
9920 6850
9957 11342
9957 19048
10021 8820
10027 14728
10107 20623
10121 3051
10121 12037
10121 13923
10121 14568
10121 15203
10168 15251
10168 20291
10168 20427
10168 22341
10173 8403
10173 22598
10253 2924
10253 3051
10253 6278
10253 14609
10253 16297
10253 18602
10253 20480
10253 24707
10273 8835
10273 11861
10273 20048
10292 20
10292 1013
10292 6149
10292 9082
10292 13337
10292 15346
10292 18561
10292 18602
10292 20433
10292 20442
10292 20599
10292 20861
10292 22592
10307 16684
10351 20709
10356 4735
10359 15203
10410 728
10410 19714
10410 20431
10410 20441
10429 12074
10544 11333
10544 14232
10558 666
10558 14920
10566 386
10566 496
10566 1140
10566 1913
10566 2230
10566 3803
10566 7717
10566 9082
10566 12797
10566 14401
10566 14998
10566 17701
10566 19167
10566 19738
10566 19949
10566 20461
10566 20470
10676 3292
10681 17231
10707 12239
10718 5178
10767 18689
10767 19061
10767 20735
10811 1013
10811 20533
11062 5178
11062 12330
11062 23795
11130 13270
11230 20
11230 6961
11230 9177
11230 9398
11230 13524
11230 16306
11230 21786
11254 11460
11406 15203
11547 2384
11547 24265
11657 1949
11657 14255
11657 15488
11657 17139
11657 19243
11657 20062
11657 20660
11691 18602
11698 18696
11705 19087
11709 20466
11730 12074
11730 20650
11733 623
11743 20270
11743 20485
11756 1140
11756 20425
11758 496
11758 2831
11758 5539
11758 6124
11758 13046
11758 16053
11758 18962
11758 19048
11758 20656
11758 20680
11767 20
11767 171
11767 503
11767 1013
11767 3051
11767 4255
11767 5261
11767 9177
11767 10253
11767 12135
11767 13553
11767 14969
11767 15346
11767 18546
11767 18602
11767 20420
11767 20443
11767 20599
11767 20622
11767 24335
11785 12093
11787 2831
11789 20530
11793 20697
11819 642
11819 2633
11819 11150
11819 17540
11819 17854
11819 20543
11819 20632
11819 20650
11819 20675
11819 22708
11841 2361
11848 6367
11848 19072
11861 8996
11861 13855
11861 15251
11861 16018
11861 17539
11861 20731
11881 3051
11881 13003
11909 18178
11909 20437
11918 12354
11929 15971
11930 5446
11967 12079
12025 1951
12025 5232
12025 12797
12025 20294
12037 1403
12037 24579
12053 11120
12053 12392
12057 20521
12063 19739
12091 9082
12091 11631
12091 18554
12091 18742
12135 171
12135 285
12135 1013
12135 1312
12135 1318
12135 2384
12135 3250
12135 4738
12135 6499
12135 9082
12135 10646
12135 12797
12135 15866
12135 16186
12135 16731
12135 17742
12135 18602
12135 19901
12135 20425
12135 20486
12135 20504
12135 20522
12135 20547
12135 20730
12135 23795
12135 24601
12141 1013
12141 8543
12141 10707
12171 20198
12171 24033
12192 22819
12193 13049
12239 496
12239 503
12239 1013
12239 1209
12239 1934
12239 9057
12239 12797
12239 13212
12239 13358
12239 15206
12239 15640
12239 15971
12239 16209
12239 18072
12239 18619
12239 18781
12239 19167
12239 19685
12239 20306
12239 20358
12239 20455
12239 20472
12239 20478
12239 20590
12239 20620
12239 20626
12239 20643
12239 21699
12239 23320
12300 20650
12322 7613
12343 2947
12346 12279
12358 14589
12358 18058
12375 15640
12392 496
12392 10707
12392 11814
12392 14224
12392 15758
12392 20659
12450 12900
12456 17026
12456 20451
12474 18938
12495 4920
12519 20634
12560 20445
12587 6693
12587 15416
12587 18467
12588 18684
12665 1913
12665 7023
12670 10307
12670 12805
12670 19196
12670 19703
12670 20715
12676 18602
12712 14535
12712 18689
12712 21110
12720 3591
12720 9962
12734 642
12734 1140
12734 1913
12734 7023
12734 10566
12734 12239
12734 12797
12734 15099
12734 15346
12734 16568
12734 18602
12734 19738
12734 19871
12734 20449
12734 20470
12777 13212
12789 19949
12797 20531
12813 1403
12813 8921
12813 12037
12819 630
12819 4920
12829 21739
12843 20673
12863 17149
12870 833
12870 14414
12894 13305
12900 804
12900 1153
12900 2467
12900 12079
12900 12998
12900 13694
12900 15488
12900 15701
12900 15980
12900 18058
12900 19703
12910 13996
12916 1140
12945 3652
12953 13027
12964 20413
12991 18619
12998 13305
13003 3292
13003 8506
13003 13712
13003 20508
13026 2831
13027 10707
13027 12239
13027 15971
13027 16648
13027 17358
13027 17449
13027 20469
13027 20481
13027 20748
13027 20752
13027 20753
13042 2622
13042 6961
13042 9275
13042 11971
13049 11971
13065 12829
13110 117
13113 19726
13129 5152
13141 4595
13212 171
13212 15346
13270 20048
13285 15471
13305 5762
13305 5845
13305 12079
13305 12670
13305 13560
13305 16018
13305 16613
13305 18058
13305 19037
13305 19739
13305 20493
13305 20671
13305 20715
13305 20749
13312 19528
13343 10273
13343 14976
13343 16816
13348 20311
13348 20459
13370 2355
13379 496
13379 3051
13383 5477
13383 12998
13383 13493
13417 15640
13472 14609
13486 23039
13492 3292
13584 814
13584 14473
13635 16613
13639 1899
13639 1934
13639 3823
13639 4406
13639 8820
13639 9874
13639 14387
13639 16238
13639 16816
13639 17539
13639 17742
13639 18801
13639 20617
13639 20861
13684 4966
13684 13106
13684 14569
13684 15299
13684 19628
13684 19739
13684 20062
13684 20745
13692 574
13694 20450
13717 20606
13732 14557
13750 13954
13750 16322
13750 20643
13786 344
13786 601
13786 814
13786 1846
13786 3823
13786 4947
13786 9025
13786 12539
13786 13486
13786 14054
13786 14888
13786 20048
13786 20358
13786 20541
13786 20614
13786 20667
13796 12392
13800 14127
13851 3519
13851 15866
13851 20699
13881 4928
13885 15206
13885 20637
13923 3398
13954 10271
13954 13634
13969 728
13969 2387
13969 4928
13969 8004
13969 8463
13969 13750
13969 14808
13969 15980
13969 17972
13969 18532
13969 20431
13969 20675
13969 23320
13996 16122
14054 16408
14054 19554
14054 20561
14054 20685
14094 22217
14162 8353
14189 14787
14213 1153
14213 8835
14213 20620
14213 20733
14232 2947
14232 12562
14232 19966
14271 814
14271 3039
14271 3168
14271 14361
14271 15837
14271 16243
14271 20531
14271 23795
14293 13417
14355 6528
14355 20703
14370 2371
14387 19840
14402 24226
14427 9082
14473 17121
14500 19048
14550 630
14558 22521
14583 20817
14589 18354
14595 7082
14595 7478
14595 7516
14595 12805
14595 13305
14595 14255
14595 14691
14595 19703
14595 20493
14595 20540
14598 3301
14598 11819
14640 1512
14787 496
14787 5732
14787 8262
14787 8996
14787 12633
14787 12829
14787 14976
14787 17713
14787 18491
14787 18684
14787 19739
14787 20291
14787 20433
14787 20472
14787 20493
14787 20558
14787 20589
14787 20622
14806 1763
14806 2913
14806 16989
14816 2583
14904 16557
14904 21800
14920 1013
14920 1951
14920 7023
14920 8984
14920 11735
14920 18561
14920 18684
14920 18781
14920 19564
14920 20500
14920 20511
14920 23795
14920 24335
14969 15450
14969 16857
14975 14414
15024 3021
15117 1934
15117 8921
15117 18602
15117 20418
15117 20527
15117 20701
15117 23795
15117 24518
15161 15203
15161 19966
15206 20198
15229 3049
15229 3292
15229 6850
15229 9025
15229 14976
15252 20508
15299 162
15299 1676
15299 1949
15299 7478
15299 9256
15299 12539
15299 19118
15299 20304
15299 20377
15299 22217
15332 13750
15332 15604
15332 20414
15360 12797
15382 1763
15382 7478
15385 18602
15389 1543
15404 22276
15406 1270
15406 17675
15447 1846
15447 9025
15447 17742
15488 19243
15610 11971
15610 13049
15610 17701
15628 2920
15640 5544
15640 13560
15640 20514
15640 20720
15648 20
15648 496
15648 20640
15702 13465
15702 22708
15748 1317
15748 10429
15758 1520
15758 5686
15758 18602
15758 18940
15814 596
15814 642
15814 2238
15814 4653
15814 5539
15814 5893
15814 10469
15814 15117
15814 16034
15814 18781
15814 19401
15814 19966
15814 20064
15814 20418
15814 20456
15814 20502
15814 20562
15814 20628
15814 20643
15814 20664
15814 20701
15826 12797
15866 5530
15866 12079
15866 13027
15866 18602
15866 20531
15866 20622
15866 20727
15866 21336
15866 23795
15872 22290
15888 14162
15894 630
15894 5446
15969 9238
15971 3051
15971 5539
15971 7759
15971 8288
15971 9959
15971 11767
15971 13212
15971 16183
15971 17358
15971 18554
15971 18742
15971 19072
15971 19833
15971 20198
15971 20230
15971 20456
15971 20472
15971 20511
15971 20570
15971 20587
15971 20621
15978 17100
15987 11819
15996 14213
16018 21240
16053 18742
16053 24265
16069 4086
16069 12239
16069 20476
16069 21786
16153 19432
16186 6124
16186 8820
16186 9591
16186 13652
16186 14482
16186 14586
16186 17540
16186 18602
16186 18619
16186 19118
16186 20420
16186 20532
16186 20754
16186 23707
16228 20530
16316 8935
16323 19432
16323 20650
16323 21702
16323 22188
16336 176
16336 20076
16409 7023
16410 3051
16410 12236
16410 20146
16453 10707
16478 1631
16525 9239
16525 10121
16536 20198
16548 7478
16548 15980
16557 2920
16557 7478
16557 11019
16557 11254
16557 20578
16581 1312
16581 16613
16609 10307
16609 16944
16609 20540
16613 20
16613 496
16613 14325
16613 18602
16613 19703
16675 20733
16684 24526
16731 1430
16731 17930
16731 20550
16731 23795
16744 171
16744 7478
16744 20738
16859 4242
16859 13196
16859 14569
16880 20443
16884 10273
16895 17191
16895 20563
16945 20291
16945 22217
17026 4547
17026 14490
17039 1740
17058 15450
17058 16857
17058 17490
17058 17509
17058 17742
17058 20522
17149 17100
17157 12326
17166 17566
17231 10410
17276 18955
17293 8709
17293 18058
17293 19196
17293 19648
17300 572
17338 5261
17358 3292
17358 7023
17358 7405
17358 13750
17358 17540
17358 18072
17358 18746
17358 20412
17358 20470
17358 20656
17358 20665
17358 20690
17358 20722
17394 213
17506 8993
17538 19167
17539 14414
17540 17566
17551 642
17566 15350
17566 20505
17566 24265
17576 19739
17576 20493
17639 11040
17675 8456
17675 20491
17682 3292
17682 7292
17682 13775
17682 17494
17683 4781
17683 13639
17683 19848
17684 19962
17687 2318
17687 8796
17687 21020
17713 19061
17742 269
17742 503
17742 714
17742 1015
17742 2053
17742 3398
17742 5572
17742 6557
17742 8820
17742 8921
17742 9057
17742 9275
17742 10632
17742 11357
17742 13726
17742 15450
17742 16186
17742 18169
17742 18546
17742 18602
17742 18805
17742 19072
17742 19554
17742 19555
17742 23320
17742 24518
17829 12797
17829 13694
17829 19703
17840 12777
17840 13694
17840 18526
17930 18483
17950 17685
17951 12734
18003 1934
18021 20304
18034 596
18034 2424
18034 20720
18034 24252
18049 10688
18058 21240
18088 7717
18138 20533
18211 3947
18220 17540
18222 17566
18249 14871
18317 14387
18317 23307
18328 13558
18401 1951
18401 13750
18401 19257
18401 20656
18414 9842
18431 388
18449 1140
18452 903
18452 1560
18452 10429
18452 12074
18452 15848
18505 20655
18545 21240
18561 18602
18561 20428
18602 1237
18602 3372
18602 11631
18602 12797
18602 12991
18602 18546
18602 18619
18602 19607
18602 20428
18602 20433
18602 20442
18602 20482
18602 24252
18619 9177
18619 11342
18619 12079
18619 18795
18619 20412
18619 20551
18619 20643
18619 20709
18634 9742
18684 20
18684 2104
18684 3398
18684 15369
18684 15811
18684 16186
18684 17742
18684 18795
18684 20358
18684 20579
18684 20639
18684 20663
18684 20727
18688 10991
18689 1116
18689 3292
18689 8102
18689 12239
18689 17540
18689 20416
18689 20590
18689 21240
18745 18602
18767 14569
18819 20650
18838 19730
18884 1763
18884 1949
18884 4242
18884 5762
18884 7478
18884 8002
18884 14569
18884 20021
18884 20437
18944 1934
19011 7082
19018 8321
19048 19257
19054 18324
19059 20491
19061 3250
19061 6747
19061 9025
19061 18273
19061 20064
19061 20306
19061 20428
19061 20637
19061 20644
19118 1220
19118 18374
19118 18602
19118 20620
19154 514
19192 17472
19196 20633
19226 607
19264 19739
19281 9516
19303 3591
19303 9962
19303 14301
19355 21699
19367 12091
19379 8147
19421 34
19426 12074
19443 804
19443 9082
19443 13524
19443 19167
19443 20480
19443 20507
19500 212
19500 20425
19501 12236
19501 14304
19516 630
19533 13476
19554 728
19554 14920
19554 20750
19564 20500
19566 2668
19566 6247
19632 18072
19730 2275
19730 13502
19730 18781
19739 996
19815 12383
19871 1015
19871 15117
19901 34
19901 601
19901 2467
19901 6247
19901 9082
19901 9535
19901 16243
19901 17016
19901 17742
19901 18863
19901 20467
19901 20720
19927 11758
19928 19341
19949 5310
19949 14387
19949 20447
19949 20499
20031 13560
20061 9516
20061 11861
20062 15299
20064 20432
20068 2774
20102 1949
20142 12797
20157 11929
20198 3528
20198 11064
20198 12093
20198 14387
20198 20416
20198 20448
20198 20468
20198 20476
20198 20525
20198 20587
20198 20602
20215 20506
20236 20342
20245 22598
20261 3398
20285 642
20285 19196
20285 23039
20291 20413
20325 1676
20325 17684
20387 7478
20387 14325
20406 17742
20412 12091
20412 20511
20412 20587
20412 23795
20415 13502
20415 19730
20420 24226
20424 14387
20425 14401
20434 20397
20436 269
20437 1887
20449 1913
20463 14464
20474 1934
20474 17016
20483 12797
20484 8921
20487 17540
20516 9002
20517 17139
20523 19196
20528 13387
20535 1934
20535 4595
20535 13141
20535 13337
20535 14127
20535 20472
20535 20712
20539 24555
20542 4121
20544 21110
20548 15308
20549 9082
20555 20530
20556 6557
20566 10406
20582 18729
20593 3292
20595 1140
20595 17742
20599 4920
20599 5449
20601 3468
20604 17061
20625 1015
20630 19872
20633 4242
20633 20689
20633 20703
20638 20504
20665 20
20665 20639
20668 15295
20669 4694
20670 230
20676 14920
20679 15174
20683 1654
20686 14062
20686 24282
20700 11971
20704 23782
20707 20451
20710 15848
20719 24226
20721 12998
20721 19337
20722 13628
20734 20570
20756 20749
20817 344
20817 644
20817 5178
20817 6247
20817 9082
20817 9842
20817 13485
20817 13851
20817 13923
20817 14301
20817 16243
20817 18414
20817 20699
20817 21926
20817 22598
21034 9600
21034 17850
21110 4342
21110 6887
21110 12960
21110 13558
21110 15321
21110 19739
21110 20358
21213 7082
21213 9082
21213 19462
21240 2622
21240 3292
21240 12998
21240 13694
21240 14255
21240 18178
21240 19037
21240 19966
21240 20660
21336 344
21336 3704
21336 5539
21336 10253
21336 11929
21336 15980
21336 16976
21336 17675
21336 17687
21336 19648
21336 20068
21336 23795
21584 21699
21699 20
21699 34
21699 814
21699 3172
21699 3814
21699 4829
21699 5310
21699 6125
21699 6170
21699 6547
21699 6851
21699 6869
21699 7082
21699 7630
21699 8421
21699 8996
21699 9025
21699 11040
21699 12037
21699 12633
21699 13270
21699 14464
21699 15701
21699 16772
21699 17540
21699 18220
21699 18491
21699 18689
21699 18781
21699 20022
21699 20076
21699 20412
21699 20502
21699 20511
21699 20579
21699 20652
21699 20659
21699 20692
21699 20700
21699 20704
21786 1140
21786 12734
21786 12797
21800 1740
21800 13305
21800 15300
21800 18009
21800 20438
21813 2668
21891 12037
21899 13485
21954 213
21954 3292
21954 17675
21954 18434
22160 9742
22225 20614
22276 3051
22276 6499
22276 20583
22276 20622
22283 4928
22283 6531
22283 9275
22341 16816
22341 20427
22341 20614
22513 213
22513 10410
22513 13006
22513 19118
22536 176
22536 19432
22598 6598
22598 12326
22598 12797
22598 20861
22708 13694
22708 18602
22819 14500
22819 18602
22819 24687
23235 1013
23235 2104
23235 3051
23235 7539
23235 12079
23235 13553
23235 14500
23235 15117
23235 15183
23235 17026
23235 18619
23235 20423
23235 23795
23272 2053
23348 255
23348 642
23348 1013
23348 2416
23348 3301
23348 3814
23348 9275
23348 12633
23348 14806
23348 15001
23348 15117
23348 17566
23348 20408
23348 20530
23348 20645
23348 20725
23707 6887
23707 7759
23707 17540
23707 18684
23707 20502
23707 20532
23707 20628
23795 644
23795 876
23795 1411
23795 6167
23795 18602
23921 1013
23921 17686
23921 20530
23921 20725
24033 1270
24033 3292
24033 4947
24033 12916
24108 4794
24133 12037
24133 12057
24133 20551
24150 3292
24150 11767
24183 12633
24226 642
24226 17509
24226 24518
24252 1013
24252 6528
24252 7023
24252 7759
24252 10429
24252 12074
24252 12797
24252 16772
24252 20673
24252 20679
24252 24335
24259 8921
24265 13750
24266 2831
24266 19483
24322 17131
24322 19554
24342 12797
24342 15826
24342 20142
24442 15118
24452 15814
24492 1841
24492 11657
24492 14691
24492 19735
24492 20493
24492 20746
24518 7613
24518 11929
24531 814
24568 7539
24568 20639
24568 20672
24579 4920
24588 8071
24591 14920
24682 20660
24707 7023
24707 14969
24707 16297
24707 20011
20 2592
20 8232
20 9239
20 10688
20 20638
20 22521
20 24226
44 7478
44 24722
90 13786
90 20944
90 24226
155 21067
162 9239
212 20752
213 20759
213 20997
213 21019
213 21183
213 23320
215 18602
215 22521
216 16608
236 20837
252 3882
252 17540
260 20603
263 17843
276 21240
287 9842
287 18729
320 255
320 503
320 6557
320 20638
320 20851
320 20915
320 21634
320 24404
331 3125
344 16675
348 20844
386 2197
386 13694
395 7113
401 814
401 4094
401 11378
401 12037
401 22234
466 12582
466 16591
466 22990
471 18602
491 6742
491 21146
496 16826
525 17300
525 20592
540 929
540 12665
540 21000
545 5325
545 9022
555 20913
562 20589
572 13845
572 18354
596 20
596 3452
596 7172
596 9239
596 16186
596 16906
596 17943
596 18602
596 18729
596 20768
596 20844
596 21087
596 21181
596 23203
596 24480
601 18602
612 18602
616 642
623 7113
623 9022
623 14191
623 14387
623 17701
623 19840
623 20558
623 20847
623 24393
623 24480
630 376
630 644
630 4920
630 20817
642 1913
642 3292
642 4094
642 7113
642 7172
642 9911
642 10121
642 11987
642 12025
642 12998
642 14232
642 16318
642 16486
642 16793
642 18545
642 20420
642 20603
642 20892
642 20924
642 20934
642 20975
642 20984
642 21017
642 21051
642 21053
642 21084
642 22513
642 23795
642 24570
644 8403
644 20947
644 22598
674 13750
674 20742
674 24033
687 3452
701 814
701 11393
701 12813
701 13750
701 15028
701 15907
701 17682
701 17921
701 18744
701 19149
701 20752
701 20765
701 20934
701 20945
701 21000
701 21086
804 20021
810 428
810 1396
810 11835
810 12665
810 13726
810 18855
814 15480
830 6049
830 17338
830 21060
858 12074
866 12025
866 20294
876 6869
876 12588
876 14763
876 16238
876 17832
876 19360
876 20291
876 20918
876 21019
876 21336
876 22217
878 9157
895 1740
895 11840
895 12582
895 13204
929 12681
966 23348
986 642
986 1141
1013 3824
1013 8238
1013 9239
1013 9486
1013 10532
1013 10657
1013 11873
1013 12025
1013 12091
1013 12610
1013 12734
1013 13392
1013 14415
1013 15971
1013 16649
1013 17462
1013 20765
1013 20977
1013 21115
1013 21162
1013 23741
1013 24342
1018 642
1018 1654
1018 1970
1018 6009
1018 8238
1018 9911
1018 10532
1018 13544
1018 14232
1018 18729
1018 20853
1116 12230
1116 15304
1116 17195
1116 20764
1116 20954
1116 21126
1137 1382
1137 2275
1137 3172
1137 4406
1137 9713
1137 13845
1137 14888
1137 16238
1137 16904
1137 16989
1137 17788
1137 18611
1137 21005
1137 21060
1137 21074
1137 23235
1197 9842
1221 701
1221 2275
1221 11254
1221 16498
1221 21000
1221 21026
1244 1281
1244 4158
1270 2202
1270 9742
1270 24480
1312 1318
1312 18729
1312 20769
1313 11371
1313 14421
1313 18061
1313 20931
1318 8421
1346 4406
1393 3177
1393 13750
1403 7336
1430 876
1430 3464
1430 4920
1430 7630
1430 9453
1430 17842
1430 19516
1430 19703
1430 20947
1430 22598
1430 23795
1520 20959
1520 24170
1543 20479
1543 20638
1567 16826
1609 21110
1654 596
1654 17152
1658 5625
1665 804
1665 4492
1665 4920
1665 7113
1665 17338
1665 18611
1665 21047
1667 21012
1667 21056
1734 15254
1740 1841
1740 8232
1740 8632
1740 12319
1740 12582
1740 13560
1740 14691
1740 14904
1740 17467
1740 18058
1740 20325
1740 20689
1740 20836
1740 20837
1740 20845
1740 20847
1740 21114
1740 24407
1756 13634
1756 24480
1788 6319
1788 13750
1846 9022
1846 9025
1846 11972
1846 13049
1846 13518
1846 16323
1846 16793
1846 18545
1846 18602
1846 21056
1913 2997
1913 11393
1934 491
1934 3168
1934 9239
1934 11954
1934 12093
1934 18729
1951 1788
1951 2202
1951 7266
1951 7759
1951 10417
1951 11758
1951 12037
1951 13750
1951 14124
1951 14283
1951 14421
1951 15907
1951 16225
1951 16833
1951 17590
1951 17651
1951 17943
1951 18729
1951 18744
1951 19630
1951 20603
1951 20765
1951 20934
1951 20937
1951 21039
1951 21051
1951 21052
1951 21053
1951 24252
2018 1934
2018 8092
2018 15105
2097 19720
2099 4094
2134 10027
2134 13617
2134 15418
2134 18993
2134 19753
2134 20766
2134 21002
2134 21106
2134 21178
2134 21954
2153 15897
2194 4781
2194 16816
2194 20648
2197 20
2197 496
2197 630
2197 642
2197 2275
2197 3292
2197 4242
2197 4667
2197 4829
2197 5311
2197 5946
2197 6598
2197 6887
2197 7022
2197 7760
2197 8013
2197 9239
2197 12998
2197 13065
2197 13249
2197 13356
2197 13379
2197 16264
2197 16323
2197 16793
2197 16976
2197 17682
2197 17945
2197 18526
2197 19355
2197 19505
2197 19949
2197 20120
2197 20769
2197 20912
2197 20995
2197 21031
2197 21035
2197 21146
2197 23320
2197 23795
2197 24252
2197 24570
2202 14325
2230 6531
2230 16976
2275 24518
2329 15117
2355 20941
2361 7764
2361 15418
2361 21013
2361 21070
2384 9213
2384 9713
2384 16998
2387 255
2387 1013
2387 2197
2387 2854
2387 8013
2387 8238
2387 9486
2387 9834
2387 10021
2387 13694
2387 19840
2387 20915
2387 20949
2387 20959
2387 21077
2388 9713
2388 18684
2413 1913
2413 3882
2413 13249
2416 3292
2423 18009
2423 18781
2424 20942
2484 20955
2487 642
2487 1846
2487 5946
2487 9022
2487 13099
2487 13379
2487 16323
2487 16793
2487 18689
2487 20915
2487 20995
2487 21143
2497 4781
2497 6124
2497 10731
2497 11378
2497 11684
2497 13356
2497 13923
2497 16323
2591 3168
2592 642
2592 1951
2592 2423
2592 2772
2592 3874
2592 7186
2592 7942
2592 8232
2592 9842
2592 16998
2592 19825
2592 20287
2619 13560
2626 2961
2629 11794
2629 16932
2629 19901
2629 20817
2629 21129
2629 23795
2633 3882
2633 13844
2633 24707
2736 13735
2736 13750
2831 7874
2831 14387
2854 15610
2864 20755
2872 2097
2872 3055
2872 12044
2872 18602
2894 18438
2997 1899
2997 3496
2997 4829
2997 5539
2997 7186
2997 13574
2997 18061
2997 18944
2997 19411
2997 20984
2997 20988
2997 21065
3049 7759
3049 11758
3049 19783
3049 20831
3049 21013
3051 12242
3055 2097
3080 603
3125 19855
3125 23795
3168 8238
3168 17333
3172 5516
3172 10566
3172 11393
3172 12141
3172 14387
3172 17682
3172 20120
3172 21109
3177 2392
3177 13885
3214 7454
3433 212
3433 12797
3433 23795
3433 24342
3452 5865
3452 9834
3452 18449
3452 20924
3452 23795
3464 9453
3464 21044
3483 5261
3506 18153
3506 19726
3506 21008
3519 15117
3519 23795
3528 11406
3528 15814
3528 16546
3591 2467
3591 20817
3609 13560
3620 1934
3620 15853
3620 23795
3627 21077
3705 7186
3714 20752
3737 5544
3760 17685
3777 16649
3824 3958
3824 8403
3824 15971
3824 20765
3843 20635
3874 7514
3909 4343
3951 20758
3986 12797
3990 21153
4066 1221
4066 2387
4066 19840
4086 1430
4086 2714
4086 7266
4086 12080
4086 20760
4086 20768
4121 1582
4121 10253
4121 14490
4125 1734
4158 6009
4158 8232
4158 9842
4158 12135
4158 14691
4158 21144
4173 11474
4196 20787
4242 642
4242 1846
4242 4829
4242 6632
4242 7113
4242 9022
4242 9025
4242 10657
4242 11254
4242 12392
4242 12916
4242 13305
4242 13875
4242 14232
4242 15117
4242 19438
4242 20461
4242 20638
4242 20765
4242 20984
4331 6869
4343 2497
4343 12903
4343 16976
4343 20291
4343 20817
4343 23795
4406 9025
4440 12078
4440 18602
4440 23795
4459 993
4482 9239
4482 19628
4482 23320
4567 1013
4567 9555
4568 21128
4595 23348
4685 1654
4685 20934
4685 21053
4707 3177
4719 15698
4719 18505
4735 1846
4735 17540
4735 18335
4735 23320
4794 24584
4829 13553
4829 13560
4829 18602
4829 19345
4829 20991
4829 21169
4829 22521
4920 376
4920 5178
4920 6869
4920 8151
4920 9453
4920 9830
4920 9842
4920 15021
4920 15971
4920 17874
4920 18684
4920 19516
4920 20120
4920 20914
4920 20947
4920 21045
4920 21069
4920 23795
4928 12604
4928 16557
5052 16998
5123 3528
5123 11841
5123 12044
5152 8996
5152 13674
5152 16998
5176 20982
5178 8403
5178 8959
5178 22598
5189 17568
5203 20922
5261 1913
5261 1951
5261 7657
5261 7743
5261 8232
5261 12037
5261 13089
5261 13150
5261 16833
5261 17149
5261 18684
5261 20485
5261 20936
5261 21090
5261 21097
5261 22312
5282 6009
5282 12539
5282 19360
5284 18744
5311 574
5311 1913
5311 2592
5311 3882
5311 6124
5311 15454
5311 20358
5311 20844
5311 20845
5311 20937
5311 20954
5311 20972
5311 21003
5311 21059
5311 21124
5311 21130
5311 23235
5345 2202
5345 3882
5345 9096
5345 11754
5345 20160
5408 12383
5408 14162
5447 6869
5448 8403
5489 3733
5519 2202
5519 9083
5519 12025
5519 12829
5519 13099
5519 21172
5530 2467
5625 20285
5639 13750
5639 15684
5639 18061
5639 20148
5660 5519
5660 8444
5660 10121
5660 14691
5660 21019
5693 2888
5762 20834
5769 20944
5801 814
5801 7747
5801 18545
5801 21000
5801 21050
5887 9239
5887 16944
5887 18829
5887 20766
5887 21136
5946 9022
5946 16323
6009 12301
6049 5915
6049 12524
6049 13185
6063 6046
6095 7824
6095 11378
6095 11684
6095 19177
6095 21954
6124 21030
6124 23235
6167 13786
6167 15203
6167 22521
6247 10253
6247 12079
6247 12587
6247 16388
6258 13900
6258 19734
6278 1013
6278 21138
6319 16729
6413 17338
6419 320
6419 9842
6419 20712
6419 20846
6419 21328
6485 12539
6531 17701
6531 18497
6531 20006
6547 642
6557 21076
6571 1567
6571 16816
6571 20485
6575 14415
6589 18602
6589 21109
6589 21171
6598 2275
6598 19628
6598 20830
6632 18689
6634 14500
6666 3292
6666 13735
6742 6961
6850 16478
6850 20956
6851 20892
6869 1382
6869 2197
6869 2384
6869 9025
6869 15324
6869 19528
6869 20120
6869 20914
6887 19379
6937 8939
6954 9022
6955 1403
6955 1788
6955 1913
6955 2304
6955 2361
6955 8600
6955 8820
6955 8992
6955 9057
6955 10021
6955 12916
6955 14045
6955 15385
6955 17454
6961 11972
6976 20638
7022 20384
7022 20746
7081 20939
7156 24707
7186 6124
7186 8812
7186 12079
7186 19703
7186 21030
7266 20184
7305 10273
7305 12546
7405 1951
7405 18729
7410 15895
7410 19438
7410 21085
7454 16772
7470 9025
7499 20558
7499 22521
7514 503
7514 9239
7514 17762
7514 18336
7514 20846
7514 21146
7516 17788
7516 21074
7601 3528
7601 13255
7630 6124
7630 6961
7630 9834
7630 15254
7630 18574
7630 20120
7648 1734
7648 7514
7648 9524
7648 12665
7648 12790
7743 20599
7743 20936
7743 20939
7747 16186
7759 814
7759 14189
7759 19076
7759 20997
7764 10429
7778 13735
7778 13750
7778 20969
7824 814
7863 12818
7985 2
7985 23795
8031 13684
8031 20997
8102 5311
8102 9842
8102 10532
8102 11371
8102 11786
8102 12874
8102 13461
8102 14387
8102 15206
8102 18744
8102 20942
8102 21015
8102 21088
8102 21110
8102 21124
8127 12734
8199 12465
8232 9811
8238 9486
8238 11230
8238 21036
8238 21051
8271 9842
8305 20921
8363 18602
8363 21097
8403 630
8403 7985
8403 8151
8403 17155
8403 17888
8403 20727
8403 20817
8403 23795
8421 993
8421 4667
8421 5539
8421 7760
8421 8411
8421 8812
8421 9213
8421 9713
8421 11474
8421 11841
8421 12953
8421 13236
8421 13356
8421 13553
8421 13560
8421 13750
8421 14421
8421 14948
8421 16816
8421 17231
8421 17333
8421 18052
8421 20589
8421 21164
8421 21954
8452 9713
8554 14387
8600 8411
8657 642
8744 2831
8808 2275
8808 9025
8808 16406
8808 19080
8835 19080
8835 22513
8846 12090
8921 6247
8921 7514
8921 13634
8921 13639
8921 14580
8921 16318
8935 9239
8935 12829
8935 15758
8935 20968
8935 20988
8996 2053
9005 13204
9025 540
9025 2202
9025 2275
9025 2497
9025 2854
9025 4781
9025 5519
9025 6124
9025 7113
9025 7478
9025 7824
9025 8812
9025 9022
9025 9057
9025 9713
9025 9842
9025 11684
9025 13184
9025 13639
9025 14213
9025 16904
9025 16989
9025 16998
9025 19080
9025 19360
9025 19528
9025 19730
9025 20120
9025 20414
9025 20427
9025 20558
9025 20845
9025 20918
9025 20922
9025 20977
9025 21000
9025 21013
9025 21035
9025 21091
9025 21133
9025 24170
9025 24393
9025 24480
9030 3528
9050 2592
9050 13049
9050 15843
9057 20
9057 213
9057 1665
9057 9453
9057 9957
9057 11644
9057 13544
9057 14387
9057 20765
9057 20837
9057 20892
9057 21019
9057 21023
9057 24342
9135 23795
9157 4406
9177 545
9177 5127
9177 5325
9177 6976
9177 8980
9177 9957
9177 12916
9177 13255
9177 14973
9177 15117
9177 17762
9177 18602
9177 20603
9177 20844
9177 21103
9239 4242
9239 6247
9239 9025
9239 9842
9239 10121
9239 12998
9239 21133
9239 21158
9239 23348
9239 23795
9239 24342
9275 562
9275 6124
9275 13639
9275 20589
9312 12037
9312 18602
9398 3882
9398 15450
9453 3452
9453 4242
9453 17842
9453 21047
9524 320
9524 9842
9542 6966
9553 3496
9553 4920
9553 12829
9553 13553
9553 15117
9553 20836
9553 20915
9553 21158
9553 23320
9553 23795
9679 17590
9682 1266
9682 1913
9682 13362
9682 17706
9697 17701
9697 20124
9713 4406
9713 9157
9713 13560
9713 20913
9713 20920
9713 21060
9713 22513
9742 24555
9830 22598
9842 12135
9842 14387
9842 19516
9874 12610
9911 16486
9920 800
9920 6098
9920 9573
9920 16018
9920 19360
9957 215
9957 9025
9957 13212
9957 14387
9957 15117
9957 15886
9957 18602
9960 4242
9971 24682
10010 15332
10021 10605
10121 5152
10121 18602
10253 18291
10273 4848
10273 11644
10273 17338
10292 496
10292 503
10292 9239
10292 11230
10292 11896
10292 13392
10292 13707
10292 14191
10292 16758
10292 17842
10292 18729
10292 20124
10292 24252
10307 13211
10345 11062
10356 18335
10410 17682
10429 6816
10429 11785
10429 20850
10429 20922
10429 21015
10494 14698
10532 1913
10544 23348
10566 20
10566 642
10566 814
10566 1447
10566 1543
10566 9025
10566 10021
10566 10657
10566 10761
10566 12610
10566 13553
10566 16154
10566 17742
10566 19149
10566 19554
10566 20836
10566 21021
10566 21162
10566 21702
10566 22521
10657 17742
10676 20767
10688 11765
10688 24226
10806 6805
10806 11040
10806 19061
10806 20658
10811 2053
10811 6167
10811 20603
10811 20892
10811 20990
10811 21097
10811 22521
11130 11861
11230 2194
11230 2467
11230 3219
11230 5345
11230 6278
11230 9025
11230 18602
11230 21634
11230 24707
11342 1116
11342 20694
11342 20919
11378 4094
11378 12012
11378 12546
11406 20955
11429 19359
11577 17762
11579 2194
11579 17068
11579 20355
11579 21166
11629 16398
11644 21019
11657 20384
11657 24722
11684 12037
11684 13356
11684 19355
11698 193
11698 4343
11698 16816
11705 21147
11715 4066
11716 11767
11730 20915
11743 5635
11743 7172
11743 12123
11743 15117
11743 20316
11743 24404
11744 16998
11758 16323
11758 17590
11758 20358
11758 23795
11767 3168
11767 9239
11767 9453
11767 12668
11767 13707
11767 15117
11767 16132
11767 16318
11767 17762
11767 18729
11767 20485
11767 20558
11767 20638
11767 20997
11767 21023
11767 21786
11767 24226
11767 24660
11817 12855
11819 7113
11819 17945
11819 18335
11819 18467
11819 20120
11819 20915
11819 20949
11819 20988
11819 21033
11819 21066
11819 21702
11819 23320
11826 22513
11861 162
11861 213
11861 2275
11861 4343
11861 7478
11861 10731
11861 11644
11861 14888
11861 14904
11861 15573
11861 15895
11861 16238
11861 17788
11861 18526
11872 1665
11896 13786
11896 20990
11909 13560
11942 18058
11967 18602
11987 20638
12025 3835
12025 16398
12025 18495
12053 2419
12074 20836
12079 2134
12079 21052
12086 21077
12091 16069
12091 20844
12135 1567
12135 2491
12135 10417
12135 10811
12135 12995
12135 13707
12135 13786
12135 14283
12135 16932
12135 17349
12135 17651
12135 17842
12135 18729
12135 20124
12135 20638
12135 20850
12135 20971
12135 21080
12135 22521
12135 23741
12135 24342
12141 6874
12175 14500
12175 18602
12179 2497
12202 8421
12230 16069
12230 24033
12231 9461
12239 18153
12239 20837
12301 14904
12343 10688
12343 15117
12343 20977
12367 21143
12367 21181
12392 7425
12392 8232
12392 9811
12392 10532
12392 16154
12399 21038
12450 18684
12466 21337
12519 1013
12524 18505
12582 19097
12587 23795
12588 10353
12588 19059
12665 8820
12665 9025
12665 14171
12665 18869
12668 1013
12668 7022
12668 9239
12668 14691
12668 17992
12668 20322
12668 21114
12668 21158
12670 14904
12685 24252
12712 3177
12712 14677
12712 17568
12712 20204
12712 21954
12720 22598
12734 1567
12734 7022
12734 10292
12734 12392
12734 15866
12734 17842
12734 21115
12734 21158
12734 23795
12734 24342
12736 14232
12789 15024
12797 21240
12798 15640
12813 1951
12843 19686
12853 21045
12855 20830
12868 20918
12870 6125
12870 11861
12870 13560
12870 16675
12870 21336
12870 22341
12894 15251
12894 19398
12900 1654
12900 13712
12900 16018
12900 16684
12900 16976
12900 20828
12900 21927
12900 21954
12916 8238
12916 9486
12916 18602
12916 20848
12916 21786
12996 21036
12996 22777
13027 18602
13027 18689
13042 20915
13049 2197
13049 7760
13049 9022
13049 16998
13049 17333
13049 17682
13049 18568
13049 20021
13065 17540
13065 19825
13065 21066
13065 23320
13099 4406
13099 21109
13121 16944
13121 16998
13150 1411
13150 18355
13150 18602
13150 20347
13150 21006
13150 22089
13184 9974
13184 14807
13196 21240
13204 6009
13204 12582
13211 21954
13247 3506
13247 16574
13247 21008
13270 876
13270 5112
13270 11861
13270 24033
13299 20763
13305 2828
13305 11474
13305 13185
13305 15247
13305 16684
13305 17109
13305 17467
13305 18781
13305 19097
13305 19703
13305 20836
13305 21132
13305 21158
13337 14969
13343 2275
13343 14387
13370 24707
13383 12712
13383 20845
13387 14126
13418 5539
13420 9022
13458 16018
13470 16323
13472 7113
13472 14427
13518 6811
13553 21021
13567 2097
13594 11350
13606 8820
13619 10417
13631 20375
13639 814
13639 12712
13639 13181
13639 15295
13639 16323
13639 20291
13639 21019
13639 22587
13673 9834
13684 9025
13684 12090
13684 12310
13684 12829
13684 19243
13694 4667
13694 13750
13694 19703
13694 20285
13694 21149
13707 23235
13723 13392
13750 2467
13750 12135
13750 21240
13786 876
13786 1913
13786 3125
13786 5345
13786 5447
13786 5641
13786 6124
13786 11758
13786 14805
13786 15203
13786 17682
13786 20021
13786 20836
13786 20850
13786 21000
13786 21089
13786 21106
13786 23795
13844 18515
13845 15640
13851 3591
13885 16034
13900 18612
13931 24568
13969 2413
13969 2854
13969 4829
13969 5311
13969 9768
13969 14444
13969 19840
13969 20922
13969 21240
14054 14444
14191 21045
14201 6887
14213 15980
14213 17788
14213 21074
14213 21150
14213 22341
14227 1934
14232 20564
14232 24480
14233 18052
14233 19940
14233 24033
14271 2831
14283 24265
14295 12582
14295 16892
14295 21144
14325 17500
14325 18755
14325 20752
14355 572
14355 17462
14355 20199
14387 11607
14387 20843
14387 21091
14444 993
14479 8681
14490 16364
14517 16872
14583 14787
14595 5625
14595 12668
14595 18781
14595 20558
14599 2202
14616 21016
14639 1116
14646 7186
14691 15488
14691 24555
14757 14255
14757 19243
14781 4607
14783 14171
14787 16018
14787 20934
14787 20967
14787 20978
14787 20988
14787 20997
14787 21091
14815 8996
14852 8996
14888 21043
14904 2794
14904 19703
14904 20689
14904 20911
14920 610
14920 3177
14920 3824
14920 4781
14920 8403
14920 9924
14920 10417
14920 14969
14920 15203
14920 15542
14920 17921
14920 20915
14969 1901
14969 1970
14969 12734
14969 15360
14969 19983
14969 21165
14969 24252
14982 5908
15117 7022
15117 7630
15117 15971
15117 17568
15117 18744
15117 20120
15117 22521
15117 22598
15150 23235
15187 20948
15229 1913
15229 15251
15247 11254
15251 13560
15254 13750
15254 18061
15299 12668
15299 13560
15299 14387
15299 20558
15304 20851
15332 14787
15414 21076
15424 7481
15450 5176
15450 6632
15450 8996
15450 18684
15454 19940
15476 18602
15488 18009
15488 21114
15488 21240
15570 4920
15610 21073
15648 8935
15702 15542
15702 21037
15728 4920
15750 13192
15758 3882
15758 17651
15758 19020
15758 19549
15813 642
15814 1788
15814 3177
15814 4121
15814 10707
15814 14677
15814 17568
15814 20204
15814 20616
15814 20926
15814 20937
15814 20974
15814 21147
15814 23707
15814 23795
15848 7186
15853 1202
15853 19630
15866 8403
15866 10253
15866 20638
15891 19925
15971 701
15971 753
15971 1654
15971 1913
15971 1951
15971 3177
15971 3620
15971 3882
15971 4242
15971 5261
15971 7630
15971 12037
15971 14124
15971 15028
15971 15321
15971 15853
15971 16186
15971 16264
15971 16833
15971 17195
15971 17943
15971 19630
15971 20120
15971 20358
15971 20765
15971 20770
15971 20851
15971 20972
15971 20974
15971 21051
15971 21059
15971 21065
15971 21068
15971 21103
15971 21105
15971 21134
15971 22521
15971 23348
15980 20922
15980 21037
16018 20854
16069 6976
16069 7326
16069 8869
16069 11393
16069 16674
16069 20636
16069 22521
16125 24033
16186 726
16186 814
16186 16053
16186 16323
16186 16833
16186 17706
16186 20032
16186 20975
16186 21068
16323 0
16323 20
16323 545
16323 1913
16323 4242
16323 5325
16323 5345
16323 5476
16323 5519
16323 7055
16323 10573
16323 13099
16323 13356
16323 13560
16323 14969
16323 16478
16323 16892
16323 16906
16323 19224
16323 20294
16323 20485
16323 20892
16323 20912
16323 21012
16323 22218
16323 23235
16336 2387
16336 9486
16336 20635
16336 20853
16377 14387
16377 20787
16388 213
16388 12829
16392 3824
16406 14171
16478 15542
16498 21026
16557 6009
16557 19703
16557 20855
16557 24342
16579 15418
16581 6976
16581 12610
16581 21076
16581 21130
16613 4158
16613 13399
16613 16826
16613 20322
16613 20669
16613 21118
16649 2772
16649 20576
16675 8808
16675 21159
16675 22513
16731 2831
16744 8232
16744 18009
16816 21019
16816 24480
16859 12668
16859 13185
16859 14691
16859 18781
16859 21144
16859 24393
16895 17338
16904 16323
16921 9553
16989 21240
17010 16891
17100 21121
17109 20592
17113 1230
17121 2854
17152 1238
17152 20622
17157 4920
17157 20947
17231 11460
17262 3528
17291 18058
17291 18781
17293 7478
17293 21025
17300 12074
17300 20592
17300 20836
17333 15295
17338 19925
17338 23795
17358 215
17358 6124
17358 12949
17358 12953
17358 14387
17358 15454
17358 17874
17358 20767
17358 20831
17358 23707
17450 9010
17551 19097
17651 1013
17675 14904
17675 16816
17675 22521
17695 6247
17730 14920
17742 804
17742 13560
17742 21702
17762 22412
17829 9713
17829 12556
17829 15105
17829 20635
17829 21144
17842 21012
17854 309
17861 15561
17865 23348
17885 18891
17888 630
17888 4920
17888 7985
17888 20817
17929 3051
17945 814
17945 24480
17950 12399
17950 21038
17966 17066
17978 2831
17978 21130
18003 12392
18025 20322
18025 24368
18030 5052
18041 9791
18041 12546
18056 12539
18056 21074
18058 20592
18178 2467
18335 2906
18335 13726
18354 12392
18354 21093
18373 19438
18401 6319
18401 20420
18414 6247
18438 11371
18438 15105
18438 23795
18497 4829
18514 24226
18515 23795
18545 18052
18568 20853
18574 644
18574 4920
18574 5641
18593 13929
18602 1901
18602 5127
18602 6634
18602 7172
18602 9974
18602 11393
18602 13089
18602 13923
18602 14387
18602 16649
18602 16932
18602 17762
18602 20638
18602 20846
18602 20850
18602 20944
18602 23707
18612 21118
18619 15684
18684 630
18684 1913
18684 11949
18684 12903
18684 16388
18684 20521
18684 20831
18684 20834
18684 20919
18684 20945
18684 20951
18685 21006
18689 753
18689 1951
18689 3882
18689 7764
18689 14387
18689 24033
18710 23320
18724 23927
18871 14387
18901 2194
18940 642
18944 993
18955 18781
18989 16921
19011 21143
19048 14327
19056 18829
19059 876
19059 7365
19059 13458
19061 4920
19061 7778
19061 12736
19061 17874
19061 24568
19063 2194
19080 2275
19080 6074
19087 21000
19149 1230
19149 4781
19149 4920
19149 14920
19165 21066
19165 23320
19177 22234
19195 20985
19231 8117
19231 22412
19264 12953
19264 19866
19352 19290
19355 13356
19355 16186
19355 24033
19398 2194
19421 7648
19426 16388
19426 20459
19438 3168
19443 255
19443 642
19443 1913
19443 3882
19443 5284
19443 12037
19443 14304
19443 14387
19443 14427
19443 14693
19443 17842
19443 18940
19443 20558
19443 20977
19443 21073
19443 21702
19443 24342
19480 16904
19480 19505
19498 12037
19498 20975
19500 12797
19528 287
19528 2307
19528 4920
19528 12712
19528 17687
19554 1266
19554 16976
19554 16998
19554 19840
19566 4920
19569 642
19628 20830
19685 8403
19730 13560
19730 19505
19730 20294
19737 7172
19790 23707
19871 11785
19871 24342
19901 642
19901 4920
19901 5447
19901 6869
19901 21129
19915 19739
19949 642
19949 5311
19949 12037
19949 14232
19949 17540
19949 18335
19949 21031
20021 4928
20021 19196
20124 21786
20142 9453
20160 20721
20165 1740
20170 728
20170 4781
20170 20160
20170 20845
20170 23795
20242 17338
20242 19080
20242 21091
20285 9025
20285 20689
20285 21240
20287 1013
20287 19438
20363 20944
20363 24226
20417 18401
20422 24033
20424 21016
20492 21061
20493 11077
20535 503
20535 7478
20535 9025
20535 9500
20535 11342
20535 16186
20535 18729
20535 20915
20535 24480
20599 7113
20599 18602
20599 20817
20599 20953
20599 23795
20633 8949
20633 9025
20633 16049
20633 17701
20633 17762
20633 20285
20633 20836
20633 24407
20638 2053
20638 9486
20638 12995
20638 16674
20638 17651
20638 17992
20638 20609
20662 5311
20669 18602
20676 1312
20676 12853
20676 19398
20693 7759
20694 21786
20710 493
20710 6047
20721 20787
20765 23348
20787 8267
20817 376
20817 876
20817 3824
20817 4920
20817 5447
20817 8151
20817 9025
20817 14191
20817 19303
20828 7631
20828 20242
20832 9025
20836 21800
20839 13460
20840 117
20848 1514
20848 16906
20848 19829
20848 20485
20849 1543
20883 10806
20924 10761
20924 17742
20924 18602
20925 24342
20930 269
20935 9025
20935 20689
20940 7888
20944 21056
20944 24226
20946 8921
20957 24518
20980 3292
20987 11662
20993 20603
20996 1141
20998 2304
21001 5345
21004 194
21009 17100
21010 14976
21015 6816
21038 14067
21038 17711
21038 19401
21038 21055
21045 19934
21047 12392
21048 24658
21049 9842
21053 2504
21055 21154
21063 21037
21069 23795
21074 18633
21078 12054
21089 10429
21089 12091
21095 19360
21105 22452
21108 1899
21110 701
21110 8421
21110 11378
21110 20589
21117 642
21119 5145
21119 13813
21119 16186
21125 0
21127 10707
21128 21336
21133 14574
21136 9791
21140 22452
21151 5261
21160 14387
21170 20021
21173 21158
21187 20752
21213 12079
21213 12539
21240 5711
21240 11342
21240 20322
21240 21101
21336 2197
21336 4920
21336 12712
21336 15321
21336 15942
21336 15971
21336 16388
21336 16406
21336 16998
21336 19080
21336 19628
21336 21110
21336 21123
21336 21132
21699 966
21699 1934
21699 3620
21699 3882
21699 5232
21699 5539
21699 5682
21699 6167
21699 6867
21699 7113
21699 10566
21699 11419
21699 12736
21699 13750
21699 13923
21699 15853
21699 17762
21699 18335
21699 18602
21699 19379
21699 20535
21699 20558
21699 20834
21699 20922
21699 20934
21699 20939
21699 20972
21699 20997
21699 21035
21699 22521
21739 2275
21739 21145
21786 701
21786 1913
21786 4242
21786 6247
21786 7266
21786 11936
21786 11949
21786 13027
21786 13750
21786 18729
21786 20765
21786 20919
21786 20934
21786 20937
21786 24033
21786 24518
21786 24707
21800 6009
21800 8949
21800 19196
21800 20633
21800 21120
21913 12090
21954 876
21954 1901
21954 9713
21954 13639
21954 24250
21985 20844
22225 4781
22276 12163
22276 18602
22276 20485
22283 9025
22341 2497
22341 21150
22412 8232
22412 13392
22412 14973
22412 20558
22412 20909
22412 21044
22412 24707
22452 21081
22513 6125
22513 7186
22513 13560
22513 14213
22513 14805
22513 20955
22521 376
22536 2467
22598 20
22598 8151
22598 20558
22598 20831
22598 20850
22598 23795
22598 24333
22708 18467
22777 21036
22814 14233
22906 3452
22906 5409
22906 12099
22906 20924
23130 24170
23144 1447
23235 20
23235 2416
23235 3519
23235 11378
23235 11767
23235 13560
23235 20558
23235 20892
23235 21076
23235 21103
23235 21336
23348 701
23348 2592
23348 3824
23348 6319
23348 6976
23348 11793
23348 11987
23348 12091
23348 12668
23348 14387
23348 16323
23348 16976
23348 18729
23348 21053
23348 21094
23348 21158
23707 3177
23707 20148
23707 21702
23741 20717
23795 1013
23795 7113
23795 17333
23933 1609
23941 876
24033 6557
24033 11936
24033 13750
24033 14387
24033 20972
24033 20985
24033 21065
24133 1913
24133 11785
24133 11949
24183 3874
24226 3874
24226 5769
24226 12037
24226 15891
24226 17921
24226 18355
24226 24660
24238 20723
24252 3452
24252 7627
24252 8411
24252 9025
24252 9239
24252 9453
24252 11717
24252 13923
24252 20830
24252 20915
24252 22521
24252 23795
24286 15117
24310 9579
24333 642
24333 1209
24342 212
24342 496
24342 13141
24354 20273
24354 21097
24393 20120
24409 18449
24460 1296
24480 6124
24492 5544
24518 6247
24518 11717
24526 12524
24568 2467
24568 12797
24568 20358
24568 20485
24579 570
24584 2275
24584 7055
24584 11861
24584 12506
24584 21159
24584 24108
24588 11378
24588 20675
24588 23320
24591 8013
24695 15295
24707 6976
24707 15664
24707 20208
20 1807
20 7759
20 12367
20 18693
21 12091
44 18009
117 3090
155 6047
155 11408
156 11378
156 13694
156 15502
156 15702
156 21493
156 23130
213 5617
215 6167
215 8102
223 20270
252 12900
252 21486
260 16844
309 21438
320 4242
320 11629
320 12193
320 16701
320 18729
320 19560
320 21151
320 21327
320 21346
320 21385
320 21409
320 21432
320 21437
320 23795
344 13191
386 2275
386 5284
386 6714
394 20733
401 10688
401 12279
401 21584
406 8935
406 11034
406 15348
412 21319
412 21437
491 6961
491 12900
496 1013
496 9956
496 9978
496 12812
524 20068
556 833
556 13270
560 2962
560 20564
572 15640
572 20518
572 21346
596 4196
596 11040
596 12367
596 16666
596 21354
596 21360
596 21432
596 21498
596 23795
601 12797
613 14595
623 21400
630 11055
630 14301
630 21223
630 21234
630 22598
642 6874
642 16085
642 19224
642 20223
642 21199
642 21291
644 5178
644 6247
644 13786
674 13786
674 15254
674 20427
686 20599
686 23795
687 8525
701 266
701 2091
701 2947
701 5517
701 7089
701 9351
701 11378
701 12135
701 17566
701 19277
701 20204
701 21287
701 21292
701 21324
701 21432
701 21450
701 21469
701 21479
701 21481
701 24404
726 12091
726 15206
726 16154
726 21253
776 12998
776 21246
830 8995
830 14023
830 20242
845 20242
866 14650
876 1861
876 6049
876 14904
876 15949
876 20147
876 21452
876 21453
895 21229
929 19774
929 21191
935 14327
966 12900
966 21363
1013 2679
1013 6047
1013 8921
1013 9978
1013 12812
1013 12829
1013 13524
1013 16663
1013 16666
1013 17166
1013 18626
1013 18729
1013 19082
1013 21100
1013 21262
1013 21377
1013 21404
1013 21432
1018 320
1018 503
1018 3452
1018 9239
1018 12731
1018 17587
1018 21224
1018 21346
1018 22412
1045 5369
1045 12894
1045 21221
1116 14858
1116 18520
1116 21349
1116 21392
1133 8421
1137 3570
1137 6074
1137 6742
1137 16018
1137 21166
1137 21212
1137 21954
1140 3452
1140 20881
1141 21412
1215 21262
1215 24519
1221 14546
1221 20618
1312 2197
1312 12193
1312 12731
1312 14232
1312 20638
1312 21089
1312 21272
1312 21377
1312 22412
1312 23795
1313 10619
1313 11841
1333 21235
1346 16018
1354 20603
1393 13786
1403 1807
1403 14232
1411 21347
1430 12257
1430 13786
1430 14812
1430 15949
1430 16154
1430 19154
1430 21044
1430 21308
1520 2920
1520 21199
1538 2493
1538 5120
1538 17675
1538 17992
1538 20953
1543 503
1543 13049
1582 11378
1632 762
1632 2713
1632 15895
1632 18602
1632 19664
1632 20723
1632 21327
1632 24480
1654 701
1654 14206
1658 263
1658 12900
1658 21477
1665 5178
1665 13786
1665 21254
1667 11929
1667 19224
1667 21197
1667 21479
1692 11056
1692 13555
1740 275
1740 2275
1740 5617
1740 6049
1740 9256
1740 10331
1740 10646
1740 12900
1740 12998
1740 13772
1740 15485
1740 15980
1740 17139
1740 17462
1740 18009
1740 18505
1740 19097
1740 19703
1740 20285
1740 20322
1740 20592
1740 21193
1740 21214
1740 21244
1740 21246
1740 21355
1740 21364
1740 21399
1740 21477
1740 21482
1740 24342
1741 12079
1741 21287
1741 21293
1846 6095
1846 6589
1846 9016
1846 16753
1846 18261
1846 18428
1846 19224
1846 21497
1861 5282
1861 12868
1861 16018
1901 2275
1913 6651
1913 8808
1934 503
1951 20
1951 5120
1951 8352
1951 12329
1951 14858
1951 15418
1951 20223
1951 20518
1951 21046
1951 21077
1951 21151
1951 21168
1951 21199
1951 21217
1951 21242
1951 21262
1951 21346
1951 21463
1951 21786
1951 24519
2099 12139
2099 16648
2134 1313
2134 6417
2134 11056
2134 15716
2134 16579
2134 18133
2134 19047
2134 20421
2134 20722
2134 21099
2134 21231
2194 19664
2197 156
2197 2091
2197 2493
2197 4094
2197 5925
2197 6334
2197 7113
2197 7367
2197 8935
2197 9834
2197 11378
2197 12495
2197 13744
2197 13750
2197 13969
2197 15117
2197 15472
2197 18169
2197 18571
2197 18684
2197 19720
2197 19915
2197 20197
2197 20312
2197 20453
2197 20706
2197 21230
2197 21257
2197 21262
2197 21304
2197 21344
2197 21408
2197 22412
2197 22536
2230 17097
2361 3292
2361 9724
2361 24150
2362 21292
2384 876
2384 9025
2384 13560
2384 20733
2386 15429
2387 4094
2387 7630
2387 9025
2387 12829
2387 13786
2387 14054
2387 17945
2387 21098
2487 6653
2487 8935
2487 18467
2487 20706
2487 21379
2497 1039
2497 2275
2497 20223
2582 10761
2583 701
2592 248
2592 1318
2592 4242
2592 6528
2592 10761
2592 12091
2592 12731
2592 12812
2592 13624
2592 18602
2592 18729
2592 20389
2592 21151
2592 21195
2592 21236
2592 21254
2592 21291
2592 21364
2622 16666
2622 21346
2629 1430
2629 1807
2629 4013
2629 4551
2629 7202
2629 14016
2629 18323
2629 18828
2629 20518
2629 21344
2629 21406
2633 11378
2633 11684
2633 21371
2633 21437
2664 23608
2713 21246
2797 20558
2872 14206
2934 9239
2939 24404
2997 642
2997 701
2997 1013
2997 3882
2997 5346
2997 5625
2997 8421
2997 12450
2997 12812
2997 15028
2997 15639
2997 18373
2997 20831
2997 21253
2997 21269
2997 21374
2997 21424
3007 20599
3049 1313
3049 13855
3049 21129
3096 12813
3101 15949
3172 2275
3172 9022
3172 11767
3172 13786
3172 21461
3192 15161
3214 9351
3226 21336
3292 16706
3292 19720
3292 20057
3337 3528
3397 21344
3425 5519
3433 10811
3433 21254
3487 14858
3487 21380
3519 7113
3519 8935
3519 18626
3519 21336
3570 6714
3591 2539
3620 8102
3620 8421
3620 12556
3620 20558
3620 21301
3620 21451
3620 21461
3652 18602
3652 21308
3667 10121
3714 20427
3714 21178
3725 22598
3809 5946
3843 21365
3843 24483
3874 23795
4086 20
4086 18132
4121 21223
4158 642
4158 12731
4158 21399
4158 21474
4196 12135
4196 18602
4196 21399
4242 275
4242 2275
4242 2362
4242 3301
4242 6049
4242 6961
4242 7266
4242 8657
4242 12900
4242 13786
4242 14448
4242 15485
4242 16666
4242 17539
4242 18354
4242 18729
4242 20429
4242 20635
4242 21385
4242 21387
4242 21390
4242 21399
4242 21428
4242 21432
4242 21441
4242 21474
4242 21497
4242 22412
4242 23991
4242 24226
4242 24342
4242 24404
4324 21344
4331 22513
4343 876
4343 6087
4343 11466
4343 16018
4440 13624
4440 21426
4440 24404
4441 21297
4459 18662
4482 13694
4482 21458
4522 9911
4522 21254
4547 21786
4567 8935
4567 18626
4578 21307
4667 601
4667 5311
4685 5311
4685 14101
4685 18270
4685 21260
4685 21271
4685 21312
4685 21462
4685 21463
4735 643
4735 5569
4735 6598
4735 8935
4735 11819
4735 14271
4781 4667
4781 16115
4781 21000
4794 20733
4794 21954
4870 21786
4871 1264
4871 1756
4871 20280
4871 22412
4920 7356
4920 8403
4920 13786
4920 18323
4920 21359
4920 21406
4920 21416
4928 20199
4982 9025
5127 14992
5127 21420
5127 21463
5152 6742
5152 17069
5152 20048
5178 9312
5178 13786
5178 20518
5178 20990
5193 20817
5261 2202
5261 5178
5261 9320
5261 20049
5261 20518
5282 18696
5284 14737
5311 11056
5311 12829
5345 830
5408 19239
5409 9494
5409 21000
5519 21289
5523 8681
5523 14973
5600 6049
5600 16656
5615 2275
5639 3049
5639 20427
5639 21264
5639 21269
5660 2275
5660 11378
5660 11819
5660 21212
5660 21393
5677 18133
5686 12731
5686 20924
5753 21248
5784 21346
5795 23707
5801 18041
5801 18052
5801 19059
5925 3130
5925 7367
5925 16888
6002 1101
6002 19355
6047 14227
6047 17358
6047 21316
6049 1658
6049 12900
6049 21179
6049 21353
6074 8808
6074 9025
6095 16018
6167 4667
6167 7566
6167 11378
6167 19774
6182 21436
6258 12998
6258 19097
6285 6714
6310 12829
6318 8477
6318 20102
6497 15203
6497 15206
6497 20312
6516 20661
6528 7410
6528 14743
6557 2828
6557 19845
6571 560
6571 24226
6589 2361
6589 7759
6589 21319
6598 6049
6598 8702
6598 20453
6598 21273
6598 24640
6653 2275
6666 966
6666 10978
6666 19774
6714 15640
6735 14448
6735 16666
6735 20421
6874 8777
6925 3090
6955 2713
6955 8421
6955 9842
6955 13977
6955 14195
6955 18729
6955 20429
6955 21246
6955 21320
6955 21360
6961 19560
7186 15203
7186 18289
7305 12539
7305 13786
7305 20147
7336 24518
7365 16018
7405 4567
7410 18568
7410 18626
7410 21322
7510 19554
7514 1973
7514 14232
7514 14969
7514 15035
7514 17637
7516 6742
7579 11743
7601 11056
7601 18602
7601 21346
7601 21360
7601 21432
7630 762
7630 1013
7630 1632
7630 3130
7630 4803
7630 8921
7630 12813
7630 12829
7630 18626
7630 20476
7630 21293
7630 21410
7630 21443
7648 255
7648 8102
7648 11378
7648 14442
7648 19560
7648 21219
7648 21346
7648 21494
7657 20432
7717 11785
7743 11684
7743 12560
7743 14992
7743 21437
7759 701
7759 11378
7759 12829
7759 14650
7759 16018
7759 16666
7759 18811
7759 21152
7778 726
7778 12091
7778 12456
7778 13011
7778 16711
7778 18649
7778 20707
7778 21253
7850 3551
7923 13908
8031 18169
8102 1038
8102 4459
8102 8352
8102 13977
8102 16648
8102 19047
8102 19481
8102 20427
8102 21152
8102 21360
8102 21385
8102 21395
8102 21450
8102 21476
8232 1013
8232 6773
8232 12812
8232 16816
8271 701
8363 18133
8403 19774
8403 21175
8421 1038
8421 8664
8421 12079
8421 13855
8421 15629
8421 20421
8421 21360
8452 4242
8452 16666
8525 1921
8525 8005
8657 2275
8681 14973
8702 18505
8777 14232
8808 1001
8808 1028
8852 19440
8921 2713
8921 12829
8921 15716
8921 17945
8921 18602
8921 20452
8921 20638
8921 21216
8921 21255
8921 21299
8921 24480
8935 3882
8935 4530
8935 9834
8935 12665
8935 17945
8935 18729
8935 21098
8935 21262
8935 21346
8935 21443
8935 23795
8980 15969
8983 4242
8983 21432
8995 7089
8995 15716
9005 1740
9005 16613
9022 11767
9025 2134
9025 3226
9025 6742
9025 9516
9025 9834
9025 12450
9025 12829
9025 13121
9025 13140
9025 13744
9025 19664
9025 20197
9025 23085
9030 5946
9030 10619
9030 18602
9057 34
9057 1861
9057 2275
9057 3667
9057 5178
9057 5519
9057 7305
9057 9113
9057 11056
9057 12257
9057 13817
9057 14738
9057 16059
9057 16757
9057 19845
9057 20699
9057 21000
9057 21262
9057 21344
9057 21360
9057 21479
9177 12091
9177 15565
9177 19703
9177 21000
9177 21305
9177 21432
9177 23795
9213 9553
9238 13042
9238 21166
9238 21414
9239 753
9239 1913
9239 1951
9239 6417
9239 10811
9239 11819
9239 16666
9239 21168
9239 21204
9239 21239
9239 21240
9239 21346
9239 21390
9256 18505
9275 1543
9275 9239
9275 16786
9275 19703
9275 23795
9312 20
9312 20638
9312 21699
9312 23203
9320 11758
9351 21412
9365 12257
9365 21359
9415 3452
9451 13754
9516 19730
9524 18626
9541 16666
9553 2275
9553 7630
9553 12371
9553 12450
9553 16663
9553 19047
9553 19066
9553 21271
9553 21360
9553 21414
9553 21432
9553 21443
9553 21479
9553 24568
9600 20485
9603 2592
9679 10619
9713 1913
9713 18169
9733 6167
9800 19554
9827 22598
9842 5178
9842 6961
9842 7356
9842 13786
9842 16154
9842 18323
9842 18626
9842 21000
9842 21296
9842 21379
9842 21432
9957 54
9957 20049
9957 20518
9957 21292
9957 21466
10021 21319
10107 6666
10121 1598
10121 11378
10121 15106
10121 16154
10121 21166
10168 12079
10168 19720
10253 3172
10292 3452
10292 3882
10292 8935
10292 11056
10292 11767
10292 12829
10292 17166
10292 21204
10292 21262
10292 21360
10410 5933
10410 21242
10429 2318
10429 3747
10429 8102
10429 21149
10429 21282
10544 12091
10566 776
10566 1318
10566 6247
10566 6714
10566 12556
10566 12900
10566 16069
10566 18933
10566 21319
10681 13140
10718 20599
10811 12731
10811 15716
10811 21196
10811 21254
11055 23795
11062 12829
11230 3747
11230 11462
11332 12853
11378 814
11378 17675
11378 24252
11393 12668
11406 10168
11406 19720
11577 6742
11579 10761
11579 12734
11579 16018
11579 18933
11579 21254
11657 15980
11684 24518
11698 19481
11702 271
11705 12079
11705 23795
11716 2831
11733 21699
11734 2197
11743 3652
11743 10601
11743 12091
11743 19829
11743 21309
11743 21407
11748 20919
11757 24404
11758 12560
11758 12716
11758 14101
11758 16264
11758 20011
11758 21217
11758 21316
11758 21466
11767 1430
11767 1951
11767 2091
11767 8921
11767 11819
11767 12560
11767 12829
11767 13524
11767 13786
11767 16666
11767 17166
11767 19440
11767 21242
11767 21262
11767 21296
11767 21298
11767 21319
11767 21371
11767 21416
11767 21437
11767 21479
11767 24518
11773 20199
11806 8935
11819 4094
11819 11378
11819 13049
11819 16155
11819 18571
11819 18939
11819 20223
11819 20706
11819 20744
11819 21098
11848 21292
11861 830
11881 7291
11890 21443
11896 701
11896 18323
11896 21191
11908 21373
11909 8808
11921 13188
11930 2831
11967 20518
12025 1913
12025 7759
12025 18684
12025 21289
12053 8935
12074 6714
12074 20197
12074 21479
12079 14325
12079 17283
12079 20427
12081 13270
12090 10646
12091 12829
12091 16649
12091 16701
12091 17031
12091 21235
12091 21283
12091 21786
12091 24033
12135 4530
12135 6589
12135 11056
12135 12079
12135 12367
12135 12731
12135 13584
12135 14973
12135 16154
12135 16241
12135 17693
12135 18346
12135 21279
12135 21322
12135 21346
12135 21347
12135 21416
12135 21417
12135 21421
12135 21432
12141 12230
12141 21287
12178 6811
12193 12367
12198 13928
12198 20869
12230 19355
12243 4370
12257 19901
12257 24206
12272 21414
12329 21498
12343 21303
12367 10121
12367 13996
12367 20355
12367 20406
12367 21325
12367 21459
12384 22598
12456 16666
12456 18649
12465 24568
12509 12734
12519 18373
12524 20285
12537 5359
12600 21420
12633 16701
12668 5625
12668 18626
12668 21313
12668 21360
12668 24480
12670 11378
12674 2194
12685 13524
12685 20009
12712 18602
12731 17587
12734 5484
12734 14327
12734 20611
12797 14232
12797 21272
12813 9312
12813 21786
12829 16069
12843 17462
12843 24404
12868 16018
12870 6049
12870 6074
12870 22513
12894 2275
12900 6417
12900 6961
12900 12668
12900 14787
12900 17121
12900 17675
12900 18626
12900 18993
12900 21379
12964 18715
12970 21326
12986 701
12986 814
12995 19440
13003 999
13003 3449
13003 13750
13027 11378
13027 13284
13027 14206
13027 16810
13027 20270
13027 20831
13027 21152
13027 21282
13027 21491
13027 24033
13034 2202
13034 21296
13042 6278
13042 8935
13049 1137
13049 2275
13049 12894
13060 14763
13065 18169
13099 642
13121 17719
13121 18058
13121 23795
13124 21426
13191 2275
13211 830
13211 2583
13211 16018
13211 20429
13231 8681
13270 3677
13270 6049
13270 13855
13270 14904
13284 18689
13284 21374
13305 263
13305 13772
13305 16115
13305 18505
13305 20421
13305 20592
13305 20598
13305 21220
13305 21229
13319 16706
13343 13305
13343 20048
13379 2275
13418 19726
13431 19011
13442 21699
13470 12894
13470 18261
13470 19224
13472 21239
13486 21428
13584 9794
13584 13191
13584 19703
13584 21166
13639 642
13639 1382
13639 6738
13639 10782
13639 12935
13639 14227
13684 21149
13684 21229
13684 21384
13694 12495
13723 7759
13772 3130
13772 21240
13786 280
13786 830
13786 3303
13786 6742
13786 9057
13786 11056
13786 11378
13786 14171
13786 14738
13786 15117
13786 15949
13786 18602
13786 18611
13786 19080
13786 20270
13786 20699
13786 20706
13786 20932
13786 21210
13786 21238
13786 21449
13786 21954
13786 24033
13817 16663
13885 11758
13885 19047
13885 24033
13954 966
13954 11378
13954 19774
13954 20576
13954 21426
13969 814
13969 2134
13969 2230
13969 3620
13969 9800
13969 9842
13969 13643
13969 13797
13969 14195
13969 15035
13969 15629
13969 19915
13969 20186
13969 20320
13969 21327
13969 21441
13969 23130
14023 7683
14041 15418
14041 21786
14054 2920
14054 15251
14094 1861
14232 1039
14232 6417
14232 7336
14232 13524
14232 16786
14232 16816
14232 18729
14232 21046
14232 21385
14232 21421
14232 21494
14232 21786
14233 999
14233 2134
14233 2583
14233 6417
14233 9957
14233 13238
14233 16753
14233 20722
14271 7113
14271 19285
14271 21325
14295 18505
14304 12037
14304 14314
14325 5892
14325 21188
14355 6714
14370 15472
14387 2275
14401 156
14401 21441
14408 1490
14408 15346
14414 19080
14490 2275
14490 8403
14490 13182
14490 15203
14490 16660
14490 17155
14490 20600
14490 23795
14500 1380
14507 8403
14550 6167
14550 21416
14580 6247
14738 21432
14767 701
14781 2275
14787 1028
14787 12139
14787 12731
14787 13977
14787 14650
14787 16414
14787 17719
14787 18160
14787 20068
14787 20932
14787 20959
14787 21100
14787 21151
14787 21297
14787 21384
14787 21445
14806 5369
14806 13270
14920 8031
14920 12371
14920 13524
14920 13553
14920 18602
14969 12193
14992 19093
14992 19949
15071 3874
15071 11230
15106 1667
15106 19224
15106 20944
15117 19440
15117 20564
15161 11056
15161 13969
15161 16414
15161 20197
15203 24033
15206 503
15206 3448
15206 13113
15206 20270
15206 20422
15206 21197
15229 13786
15229 14920
15229 17675
15251 5617
15282 320
15332 12813
15348 11034
15360 10811
15436 19082
15444 17696
15447 18602
15450 20068
15488 19097
15610 9964
15648 21196
15648 21262
15648 23795
15698 18626
15714 21239
15716 22276
15755 320
15758 10761
15758 12731
15758 21204
15758 21456
15814 4013
15814 6247
15814 12257
15814 13553
15814 14490
15814 16663
15814 16711
15814 21059
15814 21151
15814 21211
15814 21253
15814 21279
15814 21302
15814 21344
15814 21346
15814 21348
15814 21357
15814 21392
15814 21407
15814 21802
15829 9956
15853 231
15853 14359
15853 21479
15872 21307
15895 18944
15895 19949
15969 21103
15971 865
15971 966
15971 2362
15971 2962
15971 4013
15971 7266
15971 7579
15971 9351
15971 9453
15971 15488
15971 18966
15971 20638
15971 21188
15971 21209
15971 21238
15971 21253
15971 21269
15971 21374
15971 21410
15971 21424
15971 21425
15971 21450
15971 21498
15971 21786
15980 271
16018 8939
16018 21954
16043 24404
16044 13211
16069 6961
16069 11743
16069 19082
16069 21319
16069 21346
16069 22202
16085 16753
16163 18626
16186 9957
16186 21308
16228 8664
16316 9025
16323 2275
16323 6499
16323 13406
16323 16786
16323 18602
16323 24354
16336 23795
16488 8096
16557 14293
16557 20558
16579 14858
16579 18602
16579 20049
16579 21472
16581 1913
16613 5933
16613 11527
16613 21196
16613 21399
16656 1313
16656 8996
16656 19080
16656 21427
16663 17675
16675 10168
16744 12998
16771 21385
16775 21554
16806 1116
16806 5311
16818 1973
16818 5639
16859 1740
16895 11129
16966 21271
17058 16608
17058 24127
17076 14806
17121 18993
17152 15203
17155 21044
17157 20270
17166 21786
17181 11050
17262 21435
17272 1547
17338 18490
17358 1038
17358 1861
17358 2091
17358 10626
17358 16018
17358 19047
17358 20518
17358 20576
17358 21215
17358 21374
17358 21424
17358 24170
17361 21786
17374 22513
17441 1109
17449 19204
17566 11266
17566 19242
17642 20638
17675 814
17675 845
17675 3747
17675 8031
17675 9351
17675 11056
17675 12797
17675 16706
17675 18611
17675 20186
17675 21099
17675 21351
17675 21913
17732 14124
17788 876
17788 14904
17829 7824
17829 16154
17829 24483
17830 12286
17888 3519
17888 18169
17950 7266
17950 21414
18009 21240
18021 6528
18021 18573
18041 21311
18132 20541
18169 21336
18178 3049
18317 20355
18323 21360
18335 643
18335 5160
18354 18058
18354 22412
18369 11819
18369 12829
18401 21217
18401 21465
18428 18602
18436 18993
18452 21284
18505 572
18505 8949
18505 15251
18505 15640
18505 21399
18515 6966
18515 23926
18573 14743
18574 3591
18574 9453
18574 22598
18602 11056
18602 18153
18602 19082
18602 19560
18602 19901
18602 20049
18602 20485
18602 20518
18602 21292
18602 21326
18602 21354
18602 21401
18602 21466
18602 24226
18619 15203
18619 19703
18634 21329
18689 2202
18689 2583
18689 9957
18689 11056
18689 11841
18689 12091
18689 13855
18689 19047
18826 1973
18891 17682
19011 19703
19011 21351
19023 2583
19059 16018
19059 16059
19062 9256
19082 13977
19087 24404
19093 2633
19138 8935
19149 8921
19154 9453
19264 12079
19299 13524
19303 22598
19304 21200
19426 16666
19426 21260
19427 20603
19438 6528
19440 503
19440 6334
19440 18684
19443 20
19443 1934
19443 5933
19443 9957
19443 10566
19443 14054
19443 17462
19443 18944
19443 19703
19443 20389
19443 21151
19443 21324
19443 21325
19554 14367
19554 15639
19554 16115
19554 18058
19554 21158
19566 9022
19566 15117
19664 20204
19664 21450
19720 18602
19730 406
19730 833
19730 876
19730 1028
19730 6850
19730 12079
19730 18169
19730 20599
19774 3824
19774 21954
19782 14387
19859 21954
19901 4613
19901 8403
19901 16018
19901 21359
19901 23795
19915 2134
19915 15629
19915 19047
19915 19554
19949 13797
19949 14327
19949 21277
19961 9011
20021 20429
20028 17166
20057 13594
20057 18153
20057 21129
20061 13305
20062 13624
20068 20242
20147 8174
20147 18169
20229 804
20229 16976
20229 18449
20242 13191
20242 21212
20242 21379
20257 20285
20287 15714
20296 20924
20304 21239
20304 21320
20320 8477
20320 20633
20363 16864
20387 14691
20421 2676
20432 16318
20432 17943
20439 18684
20471 17166
20483 21501
20517 19080
20518 11354
20545 7759
20599 8407
20599 9957
20599 17642
20599 21275
20599 21466
20633 4158
20633 12495
20633 14355
20633 15485
20633 17539
20633 19440
20633 20429
20633 20935
20633 21196
20633 21286
20633 21355
20633 21480
20638 1951
20638 18729
20638 19560
20638 20223
20638 21077
20638 21272
20638 21878
20638 24226
20699 21223
20707 7470
20707 20358
20713 13465
20817 2539
20817 13786
20817 15949
20817 19774
20817 21000
20817 21370
20848 18602
20869 19845
20877 17499
20891 22276
20929 4920
20935 21480
20935 22412
21038 16043
21074 9256
21074 11056
21074 21240
21074 21244
21074 21449
21087 23707
21102 21501
21154 21309
21167 1318
21167 9351
21167 12091
21167 13817
21167 16663
21203 14085
21205 21149
21206 21158
21207 8077
21210 11006
21222 642
21224 24570
21226 15156
21240 2275
21240 11056
21240 16613
21240 21399
21240 21479
21243 21242
21243 21254
21249 17859
21251 14713
21252 5484
21263 12731
21265 1045
21266 16373
21268 14583
21268 24519
21277 23130
21278 20242
21285 21284
21290 1807
21290 16541
21295 2362
21298 14518
21302 21435
21305 21292
21305 21304
21312 23933
21315 19659
21318 6866
21321 4854
21332 134
21336 1013
21336 2275
21336 3620
21336 4667
21336 4794
21336 6049
21336 6742
21336 10168
21336 11056
21336 12829
21336 16018
21336 20197
21336 21212
21336 21344
21336 21373
21336 21452
21336 21954
21339 20
21346 6047
21354 24518
21361 24226
21362 4920
21366 21347
21377 1318
21389 22513
21393 21392
21396 1560
21411 21406
21423 24404
21427 19080
21429 5409
21431 11462
21432 18490
21432 21954
21433 13003
21435 2091
21435 12371
21435 13236
21435 13750
21435 18828
21435 20663
21435 20664
21440 11881
21445 14206
21446 23707
21448 9165
21454 11729
21467 1215
21468 8862
21470 21469
21471 16666
21471 18952
21475 20908
21477 12900
21478 1215
21482 16613
21485 16186
21486 21235
21487 9312
21699 8102
21699 11378
21699 11408
21699 16154
21699 16663
21699 17675
21699 18270
21699 18649
21699 18966
21699 21284
21699 21443
21699 24404
21786 2197
21786 12900
21786 18602
21800 20197
21813 3667
21813 18602
21876 14327
21876 20421
21878 21459
21899 2493
21913 15485
21913 16706
21954 814
21954 833
22208 2091
22208 14647
22225 15716
22276 14737
22276 21360
22283 8935
22283 12829
22283 20421
22341 833
22513 21336
22536 16264
22592 15117
22598 8935
22598 16154
22598 21416
22708 8935
22708 11378
22708 13744
22819 21354
22906 2493
22906 23795
22911 21289
23235 227
23235 14490
23235 20600
23235 21292
23348 14101
23473 13011
23707 21381
23795 2275
23795 5606
23795 14361
23795 21146
23921 15447
23923 1846
24033 5346
24033 6497
24033 11378
24033 12829
24033 16318
24033 18602
24033 20049
24133 12556
24133 15459
24183 18602
24226 2633
24226 13633
24226 19560
24226 21360
24226 21409
24226 21414
24226 21432
24252 2493
24252 11056
24252 24033
24259 21235
24265 9911
24265 18602
24365 15949
24393 20197
24404 6047
24404 8921
24404 9165
24404 20603
24409 21254
24435 13249
24460 44
24460 1028
24460 13772
24460 16609
24460 21229
24460 21240
24483 16861
24492 5160
24492 15640
24492 20592
24518 12685
24518 12916
24518 18602
24518 21414
24568 7266
24579 8421
24588 255
24588 21274
24588 24033
24591 21098
24591 21246
24682 19739
24710 1313
