24740 8975
21 7471
44 1676
44 3657
44 3944
44 6459
44 8576
44 8632
44 11669
44 13684
44 20594
44 24313
44 24657
54 8421
54 18602
115 7022
115 7388
115 8413
115 8433
115 8464
115 8555
115 8565
115 22513
125 4928
125 17840
149 642
149 6707
149 19438
155 836
155 3275
155 6167
155 6494
155 6735
155 21702
155 23348
155 24174
156 6027
194 1842
194 5946
194 7343
198 18457
212 1235
213 833
213 1846
213 8565
231 5089
231 5517
231 7955
231 8289
231 11955
231 13601
231 14806
231 16976
231 19870
252 4014
252 8735
255 2387
255 3554
255 4242
255 5703
255 5946
255 6121
255 6124
255 7540
255 7759
255 8567
255 8686
255 8714
255 11881
255 12900
255 13518
255 13969
255 14195
255 16601
255 18457
255 19138
255 21919
255 23221
269 24288
271 4153
271 21457
275 12900
287 7457
287 8430
287 8572
287 13211
312 6049
320 4417
320 6976
320 8449
320 8661
320 14224
331 14583
335 21457
348 8634
348 14224
349 2423
349 4638
349 5072
349 8394
349 16892
349 20292
349 21240
349 22265
349 24451
375 255
386 19438
386 21786
395 17695
395 18574
412 5816
412 8498
412 24565
437 23912
438 1760
438 8591
465 6997
465 7858
491 8353
501 15145
503 2197
503 6593
503 15594
525 8510
540 9025
540 12977
540 13448
545 14232
572 4154
572 4811
572 7022
576 8102
596 6424
596 8108
596 8352
596 8418
596 8460
596 8630
596 11929
601 1846
601 2411
601 3192
601 5702
601 6248
601 8023
601 8306
601 9057
601 21192
610 4920
616 2487
622 3168
622 3947
623 503
623 1846
623 2831
623 3986
623 4154
623 8527
623 8546
623 8553
623 8652
623 8653
623 24174
623 24404
623 24568
623 24657
642 714
642 1001
642 1221
642 1578
642 1816
642 1846
642 1951
642 2015
642 2361
642 4066
642 4539
642 4663
642 4751
642 4854
642 5429
642 6227
642 6589
642 6861
642 6937
642 7037
642 7529
642 7855
642 7955
642 8433
642 8467
642 8468
642 8516
642 8560
642 8562
642 8565
642 8585
642 8614
642 8641
642 8648
642 8658
642 8673
642 8710
642 9025
642 11569
642 11579
642 12005
642 12894
642 14583
642 14738
642 15588
642 20355
642 22276
642 24568
642 24657
642 24707
642 24734
656 8102
666 8587
701 671
701 2831
701 8353
701 8658
702 18689
704 18602
714 7921
714 13214
714 20517
726 656
726 3153
726 3223
726 6211
726 8567
726 8617
726 8636
726 8675
726 8753
726 12190
726 19946
726 21020
726 24288
737 442
737 6836
737 8472
737 8691
737 8718
764 5311
776 17276
776 24174
804 8984
804 19438
814 1667
814 16303
830 115
830 833
830 9713
833 8739
833 11488
833 16608
833 23348
865 21356
866 8671
866 11700
866 14806
876 3736
876 4242
876 8449
895 4399
895 6049
895 6201
895 7292
895 21786
906 5036
906 8262
906 19772
929 165
929 5112
929 8449
929 8554
929 8692
929 11700
929 13184
929 18602
929 19730
929 22598
934 2997
934 24393
946 8984
962 5682
986 24226
1001 1846
1001 2134
1001 8463
1013 3363
1013 4121
1013 4370
1013 4567
1013 6201
1013 7617
1013 7695
1013 8606
1013 11353
1018 3610
1018 7037
1038 2411
1063 3506
1063 18689
1097 3172
1105 4876
1105 6578
1105 6937
1105 7681
1105 8438
1105 8453
1105 8464
1105 14888
1105 15594
1105 18034
1105 18449
1105 18602
1105 24570
1110 8473
1110 8496
1110 8500
1116 8551
1116 24360
1137 830
1137 833
1137 1846
1137 2948
1137 3084
1137 3192
1137 3657
1137 3736
1137 3762
1137 5805
1137 6063
1137 6387
1137 6682
1137 7921
1137 8306
1137 8407
1137 8459
1137 8572
1137 8996
1137 9911
1137 11872
1137 12959
1137 22341
1137 22513
1137 24322
1137 24710
1140 1555
1140 2419
1140 4738
1141 714
1141 7759
1148 1221
1158 12394
1167 5854
1215 7037
1215 8656
1221 3405
1221 8506
1221 24451
1235 5969
1244 1913
1244 5152
1244 10292
1244 20292
1260 8625
1286 2628
1312 1555
1312 3986
1312 6124
1312 13466
1312 14738
1312 24409
1313 8407
1346 8996
1346 19140
1346 22341
1354 8649
1383 21192
1403 2015
1403 8656
1403 8661
1403 23926
1407 836
1407 5762
1407 8648
1407 24150
1411 891
1411 4066
1411 8597
1430 3098
1430 4751
1430 4761
1430 6475
1430 7457
1430 8567
1430 8590
1430 8687
1430 8692
1430 8706
1430 9057
1430 13553
1430 19438
1430 19901
1430 20861
1430 22234
1430 22283
1430 22807
1430 24657
1466 10121
1495 8509
1504 3143
1532 7656
1538 4183
1538 4944
1538 5299
1538 5762
1538 6047
1538 6709
1538 8116
1538 8476
1538 8509
1538 8523
1538 8622
1538 8625
1538 8692
1538 16868
1538 17675
1542 2361
1543 2592
1569 1221
1581 8637
1581 8692
1632 7759
1639 4567
1639 6589
1654 8752
1658 2202
1658 3292
1658 6009
1658 6049
1658 6201
1658 6811
1658 7759
1658 8595
1658 8993
1658 13518
1658 21786
1658 21876
1667 1221
1667 8047
1667 8508
1676 6592
1692 714
1692 1221
1692 4638
1692 8609
1692 8670
1692 20058
1716 5852
1740 5600
1740 21786
1760 6975
1760 8561
1780 2202
1780 5969
1780 7292
1780 7759
1800 19087
1816 8567
1842 44
1842 5544
1842 6592
1842 8473
1842 11503
1842 11657
1842 19172
1842 20285
1842 24492
1842 24682
1846 155
1846 714
1846 2197
1846 2487
1846 2794
1846 3192
1846 3275
1846 3954
1846 5429
1846 5702
1846 7921
1846 8427
1846 8468
1846 8497
1846 8565
1846 8645
1846 8661
1846 8683
1846 8726
1846 12894
1846 22730
1846 22764
1846 24451
1899 3610
1899 4928
1899 5112
1899 6294
1899 7292
1899 8996
1899 19087
1899 24288
1901 7291
1913 6211
1913 8617
1921 1951
1934 11579
1951 442
1951 917
1951 3452
1951 3517
1951 4663
1951 6227
1951 6582
1951 6589
1951 7037
1951 7759
1951 7955
1951 8564
1951 8602
1951 8641
1951 8673
1951 8691
1951 8734
1951 10109
1951 14882
1951 14920
1951 19426
1951 22221
1951 22454
1951 24033
1999 2580
2014 2166
2014 8421
2014 8554
2014 8578
2014 16591
2014 18602
2014 24710
2036 11700
2134 1904
2134 2961
2134 3954
2134 6248
2134 8301
2134 8338
2134 8377
2134 8432
2134 8445
2134 8584
2134 8635
2134 8683
2134 16213
2134 23221
2148 8321
2166 21213
2194 438
2194 1221
2194 1504
2194 1913
2194 2497
2194 3084
2194 4154
2194 7648
2194 7890
2194 8321
2194 8413
2194 8455
2194 8464
2194 8529
2194 8711
2194 11503
2194 12209
2194 13684
2194 16613
2194 18602
2194 20242
2194 24451
2197 155
2197 642
2197 2906
2197 3777
2197 5946
2197 8426
2197 8480
2197 8726
2197 8737
2197 12834
2197 16976
2197 18293
2197 19454
2197 21800
2202 4829
2207 8557
2239 6040
2239 8565
2239 18602
2239 22807
2242 14805
2242 16976
2304 1951
2307 3517
2307 8511
2307 8560
2307 8651
2307 8675
2307 19087
2307 22283
2335 19683
2361 714
2361 934
2361 4539
2361 6010
2361 7338
2361 8321
2361 8445
2361 8448
2361 8650
2361 15588
2384 1951
2384 8459
2384 24710
2387 87
2387 934
2387 4066
2387 6917
2387 7751
2387 8076
2387 8426
2387 8546
2387 8656
2387 8714
2387 11819
2387 13059
2387 23926
2392 87
2392 6961
2392 24570
2411 5178
2411 8685
2411 8693
2411 12394
2413 2015
2413 2997
2413 3275
2413 7427
2413 7478
2413 8426
2413 8433
2413 8684
2413 12415
2413 13141
2413 16976
2413 19087
2467 5178
2487 642
2487 763
2487 2794
2487 3777
2487 5112
2487 5969
2487 6209
2487 6707
2487 7504
2487 8511
2487 8563
2487 8565
2487 8687
2487 11422
2487 12894
2487 12959
2487 22513
2487 22730
2487 22764
2491 1934
2491 19870
2491 19946
2497 115
2497 394
2497 642
2497 1001
2497 1221
2497 3334
2497 3762
2497 7529
2497 7828
2497 8023
2497 8047
2497 8472
2497 8503
2497 8508
2497 8528
2497 8554
2497 8563
2497 8565
2497 8631
2497 11422
2497 19946
2497 23822
2497 24451
2497 24657
2499 5299
2499 8719
2508 5023
2508 6046
2581 6027
2583 5645
2583 7759
2592 726
2592 3223
2592 4242
2592 5755
2592 5816
2592 6582
2592 6937
2592 8155
2592 8562
2592 18619
2592 19871
2592 20021
2592 24393
2593 6040
2628 23912
2629 6582
2629 8262
2629 14583
2629 18574
2629 21192
2629 22283
2629 22521
2633 891
2633 21917
2633 23926
2658 2497
2682 8626
2699 17675
2700 21337
2701 8418
2701 9177
2736 23473
2831 830
2831 5178
2831 8921
2831 21192
2872 8476
2934 966
2934 5232
2934 8567
2934 8643
2934 12394
2934 21020
2934 22412
2934 22454
2934 24411
2939 4417
2984 12670
2997 8517
2997 8532
2997 8551
2997 8558
2997 8651
2997 9611
2997 13110
2997 15814
2997 19554
2997 22559
2997 24393
3021 4724
3021 6049
3021 8566
3021 16591
3021 24427
3049 115
3049 213
3049 1780
3049 1846
3049 3335
3049 8565
3049 8617
3084 3172
3113 8418
3113 8675
3113 8713
3113 13370
3130 2487
3130 8921
3143 7505
3143 14401
3153 2373
3153 7504
3153 8694
3153 14691
3153 24448
3172 3
3172 3452
3172 5178
3172 5530
3172 6917
3172 8076
3172 8518
3172 8521
3172 13553
3172 18602
3172 20355
3172 21919
3172 24570
3192 6780
3192 15369
3203 8526
3203 8584
3203 24722
3227 640
3227 7292
3227 7388
3227 8464
3260 8617
3271 8615
3275 23912
3292 21876
3293 8002
3301 6469
3334 320
3334 4382
3379 19946
3405 5646
3405 7283
3415 19915
3425 2497
3425 8468
3452 6027
3452 24252
3468 714
3506 20292
3528 2961
3528 3449
3528 5311
3528 8306
3528 8472
3528 15814
3528 24710
3555 714
3555 3944
3555 16588
3562 5762
3570 524
3591 3777
3591 4920
3610 4242
3610 5572
3610 11076
3610 17843
3620 6666
3657 7006
3657 9057
3657 15433
3657 19172
3705 8209
3714 17066
3736 9057
3736 11872
3760 917
3777 8671
3777 8692
3777 12874
3817 4685
3817 7759
3824 836
3824 6638
3834 11076
3834 13969
3843 5600
3843 6201
3843 6459
3843 6917
3843 8331
3843 8576
3843 8604
3843 14595
3843 19438
3843 24722
3865 8464
3874 1140
3921 8437
3947 4282
3947 18869
3954 8017
3986 2611
3986 3334
3986 8076
3986 8431
3986 8493
3986 8536
3986 24707
4036 6557
4121 7617
4121 7874
4121 8687
4121 18619
4121 21800
4121 23711
4131 5477
4150 7759
4150 13027
4154 8464
4158 4230
4158 6201
4158 8306
4158 8553
4158 16591
4158 16892
4183 3708
4186 8102
4225 7504
4242 44
4242 54
4242 349
4242 503
4242 714
4242 895
4242 1504
4242 2014
4242 3528
4242 4066
4242 4738
4242 5967
4242 6009
4242 6201
4242 6531
4242 6557
4242 6937
4242 7388
4242 7855
4242 7890
4242 7921
4242 8076
4242 8177
4242 8261
4242 8321
4242 8421
4242 8463
4242 8511
4242 8543
4242 8632
4242 8715
4242 9026
4242 11669
4242 11819
4242 13019
4242 14583
4242 17299
4242 17306
4242 18602
4242 19454
4242 19946
4242 21079
4242 21800
4242 22513
4242 24722
4255 986
4255 22221
4255 24226
4280 17338
4306 8532
4331 6201
4331 8076
4331 8389
4331 9011
4331 12394
4331 13601
4331 24393
4331 24682
4340 714
4340 19946
4343 5311
4343 6124
4343 8752
4343 15588
4343 15940
4343 18619
4343 19438
4343 19730
4343 23822
4343 24710
4373 2872
4406 5152
4417 21878
4440 8552
4440 8585
4440 8597
4449 11536
4459 5311
4462 4021
4462 8503
4462 16892
4462 21954
4521 6528
4521 19438
4539 15588
4567 3986
4567 4738
4567 4751
4567 6027
4567 6040
4567 6345
4567 6582
4567 7378
4567 8030
4567 8527
4567 8604
4567 8656
4567 8659
4567 19438
4578 3765
4578 6582
4578 8700
4578 8996
4638 21240
4685 6124
4685 8481
4685 8553
4685 8585
4685 8603
4685 8696
4685 8729
4685 19644
4712 891
4712 8448
4712 8543
4712 18602
4719 5544
4719 7656
4719 8473
4735 24524
4761 13553
4785 8232
4802 8567
4811 4242
4829 3817
4829 4186
4829 8499
4829 11722
4837 5408
4854 5622
4869 4928
4869 19946
4874 21192
4920 165
4920 172
4920 503
4920 644
4920 2467
4920 5178
4920 6232
4920 8477
4920 8505
4920 8573
4920 8590
4920 8613
4920 12874
4920 14888
4920 17695
4920 18574
4920 20817
4920 20861
4920 21899
4920 22598
4920 24226
4928 3164
4928 6049
4928 7292
4928 16613
4952 6761
4952 21110
4952 24161
4982 7778
5023 24657
5052 2700
5052 8047
5052 10227
5084 13601
5089 15610
5112 5282
5127 23926
5152 1346
5152 3657
5152 5112
5152 5967
5152 9057
5152 11861
5152 19683
5152 21192
5152 24322
5178 644
5178 804
5178 3591
5178 4738
5178 8438
5178 8545
5178 8628
5178 9057
5178 9842
5178 13786
5178 19730
5178 21786
5178 22598
5190 9057
5203 8543
5261 968
5261 6404
5261 8543
5261 9177
5274 20904
5282 830
5282 833
5282 5600
5284 3610
5284 4242
5284 4521
5284 19946
5310 19901
5311 1001
5311 1538
5311 1951
5311 2215
5311 2373
5311 4150
5311 4854
5311 5682
5311 5703
5311 6589
5311 6997
5311 7470
5311 7858
5311 8463
5311 8554
5311 8578
5311 8640
5311 8695
5311 11422
5311 15940
5311 22559
5311 23822
5345 119
5345 519
5345 5282
5345 19871
5408 6047
5408 8308
5408 8528
5408 8541
5409 8508
5409 8995
5409 20889
5411 18689
5448 7874
5449 7904
5477 16613
5506 9177
5506 9842
5519 3021
5519 7855
5523 2407
5523 8065
5523 8471
5523 24206
5530 20355
5531 8384
5534 17003
5544 8464
5544 17290
5583 6997
5583 8472
5636 6780
5639 4920
5639 6937
5639 8297
5639 8424
5639 8501
5639 8573
5639 8653
5645 7759
5645 8617
5645 24486
5646 7283
5646 24288
5651 16601
5677 8499
5682 14595
5753 8506
5753 8670
5801 54
5801 656
5801 1312
5801 1639
5801 2405
5801 3049
5801 7828
5801 13270
5801 14583
5801 17922
5801 18869
5801 18917
5801 19730
5801 21058
5855 8499
5925 12135
5946 213
5946 642
5946 1846
5946 2487
5946 3049
5946 3986
5946 5969
5946 6209
5946 7123
5946 7343
5946 7828
5946 7855
5946 8239
5946 8524
5946 8565
5946 8566
5946 8645
5946 9911
5946 12959
5946 18619
5946 19446
5946 23711
5946 23822
5946 24451
5956 6961
5969 2592
5969 4449
5969 7123
5969 8656
5969 19901
6007 7863
6009 14295
6047 1654
6047 4150
6047 6638
6047 7764
6047 8541
6047 8622
6047 17675
6047 21020
6047 24033
6049 5600
6049 7656
6049 12670
6049 13118
6049 15688
6049 15896
6054 726
6063 24552
6070 5409
6095 9025
6113 8213
6113 18689
6121 7540
6121 7751
6124 3817
6124 7743
6124 7759
6124 8457
6124 8509
6124 13466
6124 21917
6124 24033
6124 24404
6167 24265
6186 18619
6232 14361
6234 9025
6247 6747
6248 8363
6278 8675
6285 20861
6318 6986
6318 8464
6333 8626
6338 21192
6369 8558
6369 20517
6373 5755
6373 8155
6373 8419
6373 22276
6373 24707
6475 9057
6493 16601
6497 7657
6497 8208
6528 8493
6528 13601
6545 1842
6557 1140
6557 3051
6557 4663
6557 4738
6557 6027
6557 6201
6557 7037
6557 7292
6557 8076
6557 8461
6557 15594
6557 16613
6557 19438
6557 19946
6589 119
6589 1221
6589 4417
6589 6582
6589 8013
6589 8531
6589 8691
6589 8715
6589 12394
6589 14806
6589 17299
6589 19871
6589 21192
6589 24707
6592 8609
6598 8426
6619 21020
6621 1407
6638 1141
6638 2592
6638 4183
6638 7759
6638 8622
6638 21110
6638 24033
6666 165
6666 5299
6666 7778
6666 8538
6666 8573
6666 18698
6666 21786
6681 2416
6707 20355
6735 6209
6735 8563
6747 8607
6761 7100
6772 3225
6772 7680
6780 115
6780 412
6780 2239
6780 5044
6780 6010
6780 6095
6780 8617
6780 8631
6780 8632
6780 8711
6780 8921
6780 12933
6780 17290
6780 19683
6780 19946
6780 22283
6780 23822
6780 24033
6780 24206
6780 24565
6811 7905
6811 8427
6811 9025
6845 714
6845 1221
6845 20058
6861 8102
6869 5805
6874 386
6874 8076
6874 8384
6892 8552
6911 14387
6917 349
6917 3309
6917 3986
6917 8076
6917 8248
6917 8306
6937 15450
6937 17706
6955 16608
6961 503
6961 1846
6961 1913
6961 6874
6961 8076
6961 9025
6961 21240
6961 24579
6997 8421
6999 13684
6999 18634
6999 24288
7006 8690
7006 16892
7022 8464
7022 8529
7045 115
7045 434
7045 2056
7045 5345
7045 11835
7100 4150
7107 6478
7123 87
7123 4066
7123 6707
7123 20355
7123 24570
7188 8603
7203 8617
7211 627
7211 6944
7211 8002
7211 8632
7211 13969
7234 6566
7283 8433
7286 2497
7343 6034
7343 8449
7343 8640
7388 8529
7410 2794
7410 4521
7410 6528
7410 8441
7410 8453
7410 17880
7410 19946
7442 7856
7442 8500
7442 8731
7442 23711
7470 5036
7505 7759
7514 986
7514 18602
7527 4104
7527 8511
7527 8531
7527 19149
7529 8421
7540 7751
7540 22283
7596 8579
7617 21110
7648 5762
7648 6780
7648 8563
7648 10227
7648 11881
7648 12209
7648 15394
7648 18602
7656 255
7656 15116
7656 16601
7656 24313
7662 8497
7664 623
7664 4150
7664 7100
7664 8579
7664 8580
7664 8588
7664 8649
7664 8735
7664 24502
7680 2580
7680 5409
7680 8466
7680 11698
7684 21699
7720 1
7720 12900
7720 13786
7720 21192
7743 8443
7743 8493
7743 22276
7743 22283
7751 22283
7759 25
7759 231
7759 642
7759 1728
7759 6227
7759 7481
7759 7955
7759 8076
7759 8483
7759 8524
7759 8617
7759 8632
7759 8636
7759 8665
7759 8691
7759 14583
7759 17066
7759 18602
7759 20292
7778 438
7778 1760
7778 2736
7778 3725
7778 7129
7778 8421
7778 8570
7778 8669
7785 6997
7798 16976
7828 24276
7856 14171
7856 20114
7874 19946
7880 3821
7900 8550
7921 8426
7921 24451
7990 6974
7990 7539
7990 12823
7990 13786
7990 18602
7990 19440
7990 21954
7993 18457
8005 1654
8005 4417
8005 6047
8005 6638
8005 8116
8005 8551
8005 8574
8005 8592
8005 8653
8005 8695
8005 13155
8005 17675
8005 20292
8005 23926
8031 20817
8065 3051
8065 6201
8065 8480
8065 15688
8065 17840
8065 19446
8065 19870
8102 1063
8102 2166
8102 4567
8102 7764
8102 8567
8102 16591
8102 20517
8116 2384
8116 24710
8127 18619
8155 1543
8155 6478
8155 9036
8160 14888
8199 3153
8199 3301
8208 7471
8208 8424
8208 14691
8208 17568
8209 21240
8213 18689
8230 8573
8239 18034
8239 18619
8248 255
8249 8577
8262 1063
8262 2872
8262 5946
8262 6960
8262 7759
8295 155
8295 1063
8295 5639
8295 8551
8295 13358
8295 21702
8297 2036
8297 2831
8297 8269
8297 8541
8297 8567
8297 8603
8297 13297
8297 18619
8297 18917
8297 21382
8321 14500
8321 16608
8321 19901
8332 6201
8344 8421
8352 7759
8363 601
8363 1654
8363 2961
8363 3055
8363 4343
8363 8476
8363 21786
8374 19772
8410 23348
8412 21192
8416 21192
8421 269
8421 1313
8421 2416
8421 3123
8421 3415
8421 4014
8421 4931
8421 5148
8421 5411
8421 6248
8421 8321
8421 8472
8421 8562
8421 8564
8421 8570
8421 14559
8421 14805
8421 15361
8421 17675
8423 5411
8425 16601
8429 4642
8438 20285
8449 12874
8451 6063
8451 8452
8454 21879
8455 19870
8457 19439
8461 8467
8462 18034
8463 11422
8463 14195
8463 19901
8465 8469
8467 19901
8473 714
8473 4242
8473 6201
8473 6209
8473 6531
8473 7022
8473 8496
8473 8529
8473 8532
8473 8632
8473 8677
8473 12394
8473 23927
8482 19901
8485 8352
8488 19683
8492 509
8494 14551
8497 814
8498 18619
8506 1063
8513 8168
8515 10552
8517 3130
8519 453
8522 20904
8527 22276
8530 2184
8531 8617
8537 24707
8542 17695
8544 8213
8545 10997
8545 14232
8556 14792
8557 9057
8557 24206
8559 8556
8560 22276
8563 11819
8563 12209
8567 7813
8567 8610
8567 22807
8568 19434
8569 24183
8572 10121
8575 5717
8577 19087
8578 12949
8578 19730
8584 1904
8584 8693
8593 22276
8594 19438
8599 14920
8600 13184
8606 16581
8609 20058
8616 3638
8620 6747
8621 11577
8624 8621
8627 3001
8638 21192
8642 8640
8645 18619
8650 19730
8653 8660
8657 24275
8663 14195
8664 0
8664 12394
8670 8635
8671 14806
8672 16613
8674 4231
8678 18917
8679 14609
8681 8675
8684 23711
8685 17840
8689 519
8699 7427
8701 5178
8702 2736
8704 4150
8705 14882
8708 22559
8712 3898
8713 6349
8720 8719
8721 6211
8722 18602
8727 21954
8729 18619
8730 2831
8738 4215
8740 6227
8742 1871
8749 8748
8751 6621
8921 2387
8921 2700
8921 3517
8921 6409
8921 8464
8921 18457
8921 24579
8975 4242
8984 2053
8984 7410
8984 7427
8984 8289
8984 9239
8984 11579
8984 17299
8984 19438
8984 24393
8995 6589
8995 8508
8995 9025
8995 21954
8996 1684
8996 5282
8996 7720
8996 8652
8996 8668
8996 11881
8996 13211
9005 44
9005 8576
9005 9026
9005 15688
9005 24734
9011 714
9011 3610
9011 4242
9011 6049
9011 7921
9011 8558
9011 8617
9011 15896
9011 17299
9011 19946
9011 21786
9011 24393
9025 165
9025 255
9025 601
9025 2153
9025 3986
9025 4154
9025 4242
9025 4417
9025 5409
9025 6040
9025 6409
9025 6589
9025 6937
9025 7583
9025 8248
9025 8472
9025 8493
9025 8577
9025 8615
9025 8651
9025 8729
9025 11881
9025 19454
9025 19901
9025 21954
9030 21020
9057 54
9057 763
9057 1183
9057 1887
9057 1899
9057 1921
9057 1951
9057 3130
9057 5854
9057 6478
9057 8416
9057 8449
9057 8500
9057 8540
9057 8617
9057 8685
9057 8691
9057 9025
9057 11872
9057 11881
9057 13110
9057 14583
9057 16099
9057 16608
9057 17840
9057 19087
9057 19730
9057 21192
9057 24243
9177 704
9177 1383
9177 3517
9177 3950
9177 4242
9177 5409
9177 6404
9177 7305
9177 7720
9177 7759
9177 7983
9177 8416
9177 8419
9177 8567
9177 8610
9177 8626
9177 9057
9177 12977
9177 14224
9177 15588
9177 15594
9177 16976
9177 21192
9177 24517
9239 3192
9239 4156
9239 6049
9239 6201
9239 8455
9239 13141
9239 16608
9239 17880
9239 18457
9239 24657
9305 8565
9325 12900
9325 14806
9516 833
9516 11861
9524 8498
9549 21899
9553 7648
9611 87
9611 8651
9611 13969
9682 597
9713 8433
9724 929
9724 19454
9724 19946
9842 18602
10121 2487
10121 3554
10121 8710
10168 11422
10168 24710
10259 6046
10558 642
10558 5096
10566 4066
10566 8532
10566 13110
10566 17299
10811 946
10811 1913
10811 2202
10811 2794
10811 3517
10811 6823
10811 8232
10811 8614
10811 8648
10811 24707
11076 8532
11076 11579
11076 19946
11313 833
11313 5600
11313 11861
11405 8602
11422 22513
11460 16867
11488 2811
11488 16601
11503 5600
11503 6201
11503 13211
11503 17306
11503 19438
11503 20285
11522 5805
11522 8691
11522 17794
11536 149
11536 726
11536 917
11536 1555
11536 1913
11536 2997
11536 3172
11536 3452
11536 3777
11536 3986
11536 4920
11536 5178
11536 5530
11536 6211
11536 6227
11536 6666
11536 6961
11536 7527
11536 7759
11536 8076
11536 8155
11536 8384
11536 8405
11536 8448
11536 8449
11536 8464
11536 8467
11536 8505
11536 8531
11536 8532
11536 8547
11536 8567
11536 8617
11536 8639
11536 8668
11536 8675
11536 8682
11536 8715
11536 8743
11536 10811
11536 13370
11536 14224
11536 15588
11536 18602
11536 18619
11536 19438
11536 20861
11536 22276
11536 22807
11536 24226
11536 24393
11536 24404
11577 3638
11577 24322
11579 2831
11579 5466
11579 8577
11579 8648
11579 8674
11579 16601
11579 19946
11657 1221
11657 1504
11657 5600
11657 7022
11657 7890
11657 8464
11657 18420
11657 20280
11657 24313
11684 1913
11684 2872
11684 3334
11684 3762
11684 12959
11698 1312
11698 2467
11698 8363
11698 17880
11700 3130
11700 7481
11700 8538
11700 12789
11704 8668
11715 14224
11715 19946
11725 16976
11725 19946
11725 21192
11725 21786
11819 3777
11819 4567
11819 5636
11819 6027
11819 8656
11819 8719
11819 8720
11861 524
11861 5409
11861 6201
11872 22598
11929 19438
11967 213
12005 24707
12012 23822
12053 714
12053 1934
12135 149
12135 1846
12135 5178
12135 5956
12135 6027
12135 6589
12135 7037
12135 7540
12135 8076
12135 8418
12135 8438
12135 8527
12135 8560
12135 8661
12135 8692
12135 8696
12135 8743
12135 10109
12135 18917
12231 8693
12234 3439
12242 8407
12279 836
12358 16613
12375 4819
12415 12572
12482 7759
12482 19946
12482 24393
12519 1312
12670 3555
12670 4154
12670 4215
12670 6201
12670 8529
12670 8576
12670 11669
12670 16895
12670 24451
12720 3591
12720 14583
12774 1221
12774 5409
12832 115
12834 13969
12870 833
12870 15483
12874 9057
12894 1221
12894 14267
12900 7921
12900 8564
12900 8584
12900 13969
12900 18420
12949 6681
12949 8625
12977 6999
12977 21192
13003 8609
13019 24393
13027 6104
13027 8432
13027 8483
13141 2831
13181 1913
13181 3562
13181 3864
13181 8533
13181 16303
13181 18457
13191 1800
13196 1842
13196 3864
13196 4638
13196 4712
13196 5023
13196 6582
13196 6603
13196 6986
13196 7529
13196 8464
13196 8596
13196 8666
13196 16601
13238 3425
13270 8573
13270 8630
13270 16904
13270 21356
13270 21954
13336 8507
13337 642
13337 8047
13343 24380
13370 1140
13370 8610
13370 8675
13370 18602
13379 8047
13379 8621
13379 10121
13379 17840
13383 8609
13431 8496
13466 3736
13518 14595
13518 17291
13518 24734
13535 21919
13604 6874
13604 8384
13662 14583
13684 1532
13684 3657
13684 4819
13684 5072
13684 6049
13684 8430
13684 8482
13684 8584
13684 12670
13684 24657
13684 24710
13694 6917
13717 255
13786 714
13786 830
13786 2411
13786 3736
13786 5310
13786 6387
13786 7338
13786 7858
13786 7866
13786 8421
13786 8454
13786 8668
13786 8698
13786 8727
13786 8734
13786 8747
13786 8748
13786 8996
13786 10109
13786 12789
13786 14805
13786 16867
13786 19901
13786 22521
13786 24226
13969 2387
13969 2811
13969 4066
13969 5762
13969 6780
13969 8002
13969 8526
13969 8558
13969 8563
13969 8632
13969 8714
13969 8728
13969 12394
13969 13059
13969 14453
13969 19554
14054 8680
14054 14401
14094 8617
14195 8526
14195 11669
14224 3610
14224 8453
14224 16897
14224 18457
14224 19946
14224 24552
14355 946
14355 1658
14355 4242
14355 7720
14361 18602
14371 8675
14401 2811
14414 524
14414 24380
14507 7759
14583 8671
14583 18602
14583 19693
14583 19901
14583 22598
14583 24710
14595 44
14595 3292
14595 6459
14595 7905
14595 7921
14595 8402
14595 8598
14595 8632
14595 12670
14595 16588
14595 24313
14595 24579
14738 6487
14738 8648
14805 3449
14805 8483
14805 22513
14806 24174
14835 287
14835 14094
14888 21884
14920 503
14920 1639
14920 1921
14920 4920
14920 5816
14920 7471
14920 8262
14920 8449
14920 8538
14920 8567
14920 8573
14920 9057
14920 11700
14920 16976
14920 17338
14920 24710
14927 1865
15116 8464
15161 18457
15229 763
15229 6201
15229 12900
15229 16076
15251 5397
15277 1716
15282 1333
15332 5852
15332 6937
15332 12900
15394 14355
15447 8617
15447 10121
15447 14583
15447 19946
15447 21192
15447 24555
15450 929
15450 8692
15450 9057
15450 12670
15617 5311
15688 1842
15688 1913
15688 4154
15688 7681
15688 8331
15688 17880
15688 19446
15688 24657
15688 24722
15698 6318
15698 10121
15714 1018
15714 19438
15888 18449
15896 2248
15935 946
15935 19946
16018 1382
16018 5805
16018 17349
16087 1555
16186 3055
16186 5311
16186 6589
16186 15940
16186 19087
16282 255
16581 8076
16581 8648
16581 18619
16581 24393
16591 5178
16591 8464
16591 8584
16591 12670
16591 16892
16591 17840
16601 13684
16601 18056
16609 255
16609 5072
16609 24313
16613 5072
16613 6201
16613 8596
16859 21786
16859 24657
16859 24682
16880 1430
16880 3098
16880 9057
16880 18034
16892 7940
16892 8690
16892 21240
16892 22265
16895 7014
16897 4521
16897 9177
16904 19901
16976 12977
16976 16613
16976 21192
16976 23711
17013 21954
17041 16976
17157 20904
17290 1842
17299 1846
17299 3610
17299 3657
17299 4331
17299 6049
17299 19438
17299 19946
17299 23926
17300 13211
17333 13141
17338 24174
17349 7197
17349 7759
17349 8617
17349 11313
17576 1728
17576 11669
17576 22265
17675 2361
17695 172
17695 3591
17706 5755
17706 8108
17830 1407
17840 8617
17840 15814
17840 19946
17843 15714
17950 3153
17950 8511
17950 18457
18005 5112
18005 8524
18005 8563
18034 4255
18034 4712
18034 8297
18034 8590
18034 11700
18034 11929
18034 13297
18034 20817
18056 5963
18056 8107
18056 17013
18056 24368
18138 8628
18138 19901
18169 255
18169 438
18169 12977
18291 9057
18396 4663
18401 8421
18401 18034
18401 23348
18438 11881
18438 20517
18449 1934
18449 8659
18449 8743
18449 15935
18472 24552
18515 8493
18574 3591
18574 7759
18574 8725
18574 12789
18574 21786
18574 22521
18602 5531
18602 8543
18602 21192
18602 21917
18619 623
18619 3725
18619 4417
18619 4819
18619 5036
18619 5311
18619 5755
18619 5801
18619 6010
18619 6247
18619 6976
18619 7037
18619 7505
18619 7924
18619 8155
18619 8262
18619 8555
18619 8606
18619 8653
18619 14888
18619 17568
18675 3638
18689 576
18689 2134
18689 3405
18689 4183
18689 5677
18689 7764
18689 8102
18689 8445
18689 8476
18689 8534
18689 8551
18689 8640
18689 8690
18689 13358
18698 6494
18764 5755
18764 8543
18822 8102
18822 23226
18917 5702
18917 12959
18940 24393
18960 23934
19038 24167
19059 830
19059 3452
19087 3554
19087 18602
19105 3657
19105 8529
19105 8635
19138 8747
19138 14224
19165 8583
19184 7933
19355 1846
19355 5887
19379 7369
19421 1220
19421 8680
19426 1743
19438 231
19438 525
19438 1842
19438 6582
19438 7388
19438 8441
19438 8468
19438 8532
19438 8659
19438 8714
19438 8726
19438 14806
19438 19870
19438 19946
19438 22276
19438 24174
19438 24393
19454 642
19454 1407
19454 6209
19454 8993
19454 19901
19498 8735
19554 12834
19554 12900
19554 20292
19644 8696
19730 833
19730 1780
19730 2014
19730 5963
19730 6248
19730 16591
19730 21192
19870 1934
19870 5517
19870 19946
19871 714
19901 501
19901 934
19901 1913
19901 4186
19901 4920
19901 6027
19901 8418
19901 8449
19901 8498
19901 8603
19901 8652
19901 9057
19901 11704
19901 17695
19901 18034
19901 18574
19901 19693
19901 19946
19901 22521
19901 22598
19901 24517
19915 8344
19938 7388
19938 8473
19946 8453
19946 24393
20058 8338
20058 8635
20058 8670
20242 16591
20285 4567
20285 8453
20285 13684
20355 3777
20355 6027
20355 12959
20355 13059
20355 19298
20355 23912
20387 5703
20422 6722
20512 671
20512 1504
20517 1842
20517 6603
20517 8690
20517 11881
20594 23320
20817 929
20817 8155
20817 8692
20817 9025
20817 11700
20817 12789
20817 14583
20817 18574
20817 24365
20883 3528
20889 6209
20889 8656
20890 24033
20892 3954
20892 8554
21020 8490
21020 24565
21079 6010
21079 8465
21079 8662
21110 2215
21110 2416
21110 11579
21110 18457
21110 21786
21110 21876
21110 24161
21110 24508
21110 24552
21177 13110
21194 4331
21194 8532
21213 576
21213 3415
21213 19105
21213 21192
21240 1842
21240 2423
21240 5969
21240 8420
21240 8555
21240 8637
21240 16601
21240 20280
21240 24313
21336 5282
21336 8615
21584 3725
21607 2361
21634 19087
21699 438
21699 836
21699 1221
21699 1639
21699 1913
21699 2387
21699 2413
21699 2736
21699 2794
21699 3084
21699 3620
21699 4417
21699 4819
21699 5096
21699 7369
21699 7759
21699 7990
21699 8352
21699 8408
21699 8416
21699 8421
21699 8477
21699 8501
21699 8541
21699 8543
21699 8545
21699 8591
21699 8653
21699 8660
21699 8691
21699 8719
21699 8720
21699 10121
21699 16976
21699 18449
21699 19683
21699 19946
21786 155
21786 714
21786 3223
21786 4018
21786 6638
21786 7617
21786 7874
21786 11929
21786 13214
21786 21800
21786 24142
21786 24393
21800 804
21800 8076
21800 19438
21899 503
21899 6186
21899 8500
21899 8725
21913 1842
21914 17880
21926 2194
21954 4819
21954 8047
21954 8408
21954 18602
22075 8473
22089 1846
22089 8661
22134 6578
22134 15896
22160 608
22208 3084
22227 6702
22276 149
22276 2015
22276 4567
22276 6494
22276 8076
22276 8493
22276 8561
22276 8567
22276 8577
22276 8668
22276 8743
22276 12789
22276 18602
22276 22221
22276 23926
22283 255
22283 804
22283 3874
22283 6027
22283 8563
22283 8656
22283 12959
22283 14453
22283 21192
22283 23320
22283 24033
22283 24565
22315 8669
22341 9911
22341 22513
22385 4854
22513 5963
22513 5967
22513 6638
22513 7905
22513 8262
22513 8463
22513 8514
22513 8535
22513 8565
22513 8650
22513 12959
22513 15940
22513 19730
22521 6232
22521 8615
22592 19946
22598 3725
22598 6027
22807 763
22807 2872
22807 8505
22807 8509
22882 6638
22906 8669
22906 20647
22911 503
22911 1973
22911 7759
23348 3528
23348 5311
23348 24033
23707 4440
23921 7100
23921 8408
23924 21192
23927 6201
23933 3153
23933 8223
23933 8534
23934 8637
23935 9029
23935 10719
23946 6201
23946 6917
23996 24033
24033 763
24033 6709
24033 6761
24033 8490
24033 19426
24037 17840
24133 7617
24150 16591
24167 23926
24174 5854
24191 4837
24224 18602
24224 24657
24226 1951
24226 4104
24226 6892
24226 8460
24226 8465
24226 8752
24226 14500
24226 23921
24226 23926
24226 24404
24250 8546
24250 8714
24252 726
24252 929
24252 1913
24252 1934
24252 3130
24252 3168
24252 4340
24252 4738
24252 5072
24252 8005
24252 8617
24252 8621
24252 8671
24252 8691
24252 8746
24252 11536
24252 13110
24252 14224
24252 14583
24252 14806
24252 17840
24252 18405
24252 19871
24252 20292
24252 23926
24252 24033
24252 24174
24252 24710
24276 8466
24286 8248
24322 6531
24322 6999
24322 8993
24329 1692
24393 4928
24393 6049
24393 7759
24393 8473
24393 8659
24393 22466
24401 814
24409 255
24442 8416
24442 8472
24442 8617
24442 8646
24448 4837
24451 1001
24451 8101
24451 8451
24451 8506
24451 13684
24451 24657
24460 1842
24460 3864
24460 11657
24460 16892
24460 21192
24460 24710
24469 3638
24474 14111
24502 8586
24517 21192
24518 12279
24531 8575
24552 19534
24553 351
24555 44
24555 16892
24555 21192
24568 4150
24568 4343
24568 8102
24568 8509
24568 8564
24568 24224
24579 1141
24579 5299
24579 8680
24579 18457
24579 21192
24591 4567
24591 8656
24594 4158
24657 8752
24671 1658
24671 4242
24682 5023
24682 5230
24682 8670
24682 8690
24682 9005
24682 11077
24682 16601
24707 255
24707 3452
24707 13141
24710 1728
24710 4663
24710 6957
24710 9911
24710 11422
24710 13118
24728 20594
24734 8047
24734 24552
7 9057
21 2089
34 726
34 8752
34 24657
40 1951
44 1899
44 2014
44 6806
44 7921
44 9044
44 9066
44 11503
44 16946
44 17584
44 20429
54 704
97 6049
97 14595
115 2978
115 6218
115 6557
115 7055
115 8842
115 9142
115 19438
115 19999
117 2118
117 5420
125 4298
125 15714
130 929
130 24065
132 12874
155 726
155 6465
155 8797
155 9043
162 9239
194 14195
213 6049
213 7478
213 11313
213 22225
215 876
215 5420
215 6129
215 7473
215 9100
215 9132
231 4331
231 7603
231 8047
231 8564
231 9093
231 9095
231 9175
231 13141
231 19300
231 19946
231 23711
231 24668
237 6598
237 13181
245 19438
252 7990
252 8653
252 12279
255 25
255 714
255 1173
255 2361
255 2499
255 6038
255 7630
255 8808
255 8855
255 8924
255 8962
255 9055
255 9092
255 11481
255 11722
255 11819
255 14835
255 16976
255 21927
255 21954
255 24451
263 13969
271 5801
271 11481
271 15450
285 726
287 132
287 465
320 503
320 2416
320 8889
320 9115
320 14583
320 24451
348 8361
348 8810
349 4608
349 8973
349 14034
349 17051
349 24313
376 7202
386 934
386 4356
386 5400
386 6557
386 14355
386 18619
386 24492
395 376
395 1971
412 14232
424 14361
434 3172
438 19439
451 19138
454 19901
465 1221
465 7759
465 9079
466 1740
484 8404
484 11657
484 12670
484 13684
484 21177
491 1141
501 7648
501 15995
503 10121
524 4667
524 9516
525 6027
525 9065
546 5508
546 8769
567 903
572 5345
572 8837
572 8888
572 12670
572 16946
596 132
596 1913
596 7100
596 7315
596 7709
596 8239
596 8361
596 8756
596 8946
596 8972
601 132
601 206
601 255
601 287
601 1951
601 7759
601 8786
601 8927
601 18619
601 22276
607 6218
610 215
610 496
610 3760
610 5969
610 6027
610 7453
610 9057
610 9109
610 9114
610 13191
610 14805
623 726
623 1312
623 1546
623 1578
623 2592
623 2633
623 3334
623 4242
623 4256
623 6124
623 8564
623 8606
623 8769
623 8915
623 8927
623 9127
623 9239
623 13969
623 15450
623 16256
623 20422
623 23348
623 23926
623 24226
623 24518
640 8996
642 255
642 929
642 1843
642 2118
642 3275
642 3777
642 3957
642 4255
642 4567
642 5035
642 5358
642 5519
642 6735
642 7616
642 8239
642 8321
642 8631
642 8664
642 8733
642 8872
642 8958
642 9030
642 9074
642 9159
642 12044
642 13518
642 13684
642 14295
642 15995
642 16742
642 18602
642 19946
642 20638
642 24033
642 24354
642 24518
642 24555
666 15450
701 642
701 1822
701 5140
701 5508
701 5517
701 6961
701 8151
701 8817
701 8967
714 271
714 6999
714 7759
714 8755
714 8952
714 8963
714 9137
714 13383
726 287
726 381
726 503
726 546
726 1546
726 2036
726 2362
726 3149
726 3824
726 5036
726 5232
726 5604
726 6139
726 6278
726 6465
726 6621
726 7315
726 7759
726 8239
726 8625
726 8726
726 8752
726 8756
726 8760
726 8780
726 8785
726 8797
726 8874
726 8886
726 8897
726 8915
726 8922
726 8932
726 8972
726 9092
726 9104
726 9130
726 13059
726 13141
726 14969
726 17332
726 22221
726 22592
726 22730
726 24226
726 24393
726 24668
728 5311
737 1951
737 6629
737 7955
737 14147
776 6557
804 572
804 642
804 8473
804 8837
804 8861
804 8954
804 19946
814 22276
830 503
830 6049
830 15542
830 19172
830 21071
830 22217
834 18602
866 8239
866 15450
866 24668
873 7811
876 484
876 1004
876 5112
876 8277
876 8852
876 8880
876 8996
891 6621
895 8912
906 8762
929 4920
929 7442
929 7616
929 7759
929 8321
929 8631
929 8963
929 24065
984 18619
1001 3113
1013 1318
1013 4916
1013 5956
1013 6278
1013 7955
1013 8361
1013 8674
1013 8760
1013 8885
1013 8886
1013 8984
1013 9047
1013 9177
1013 14361
1013 16581
1013 19946
1013 24393
1013 24668
1018 9160
1048 2014
1048 11406
1050 7803
1063 21020
1086 7616
1097 4920
1105 484
1105 1140
1105 1462
1105 1676
1105 2053
1105 2794
1105 2811
1105 2831
1105 3657
1105 4094
1105 4331
1105 4356
1105 4920
1105 6027
1105 6285
1105 6698
1105 8329
1105 8604
1105 8632
1105 8897
1105 8912
1105 9025
1105 9095
1105 9099
1105 9114
1105 13181
1105 14595
1105 19946
1105 24127
1105 24393
1110 850
1110 7410
1116 6638
1116 8717
1116 8822
1116 8971
1116 9122
1116 16958
1133 1691
1133 5311
1133 7803
1133 22962
1137 623
1137 1658
1137 4094
1137 5299
1137 6049
1137 6598
1137 7055
1137 7442
1137 8755
1137 8840
1137 8868
1137 8993
1137 21107
1140 1899
1140 8606
1140 12053
1140 18602
1141 1913
1141 19946
1158 3496
1158 8812
1158 14232
1173 5140
1173 8888
1215 1141
1215 24518
1221 6113
1221 9040
1221 22513
1221 24710
1281 5544
1312 503
1312 1318
1312 3874
1312 4567
1312 4920
1312 6278
1312 8905
1312 8911
1313 9143
1316 19730
1316 22513
1318 16581
1346 8939
1346 16018
1354 8763
1383 1141
1383 2038
1383 8858
1383 10325
1403 3777
1403 7074
1403 8005
1403 8925
1403 9099
1403 24226
1407 8768
1407 8903
1407 14147
1411 7473
1411 24695
1430 40
1430 929
1430 1097
1430 2038
1430 2653
1430 4920
1430 5447
1430 6278
1430 7550
1430 8600
1430 8750
1430 8761
1430 8918
1430 8958
1430 8986
1430 9071
1430 9132
1430 9154
1430 11700
1430 12044
1430 13184
1430 13662
1430 17157
1430 20817
1430 22592
1430 22598
1430 22840
1430 23925
1430 24226
1431 19438
1455 5147
1462 25
1466 18088
1495 13996
1520 18969
1520 23926
1538 7955
1538 8005
1538 8239
1538 9078
1538 18073
1546 4242
1546 8606
1546 10811
1546 13337
1546 14232
1546 22592
1567 2104
1582 9073
1595 5519
1595 14785
1639 5530
1658 320
1658 3777
1658 4948
1658 6999
1658 7058
1658 7803
1658 8631
1658 8808
1658 8871
1658 9053
1658 9150
1658 14295
1658 19946
1658 24555
1665 7616
1665 24252
1676 15688
1682 4585
1684 6735
1691 14361
1692 642
1692 3113
1692 8874
1692 8956
1692 9134
1716 2831
1740 1676
1740 1842
1740 2984
1740 4242
1740 4928
1740 5345
1740 7921
1740 8865
1740 8954
1740 9174
1740 9175
1740 12900
1740 24167
1740 24313
1780 4450
1800 6465
1800 6511
1822 2104
1822 20638
1842 6811
1842 8832
1842 12900
1842 23927
1846 25
1846 503
1846 1546
1846 4183
1846 4450
1846 6720
1846 7640
1846 8506
1846 8804
1846 8872
1846 8955
1846 9092
1846 10121
1869 8047
1899 850
1899 2053
1899 3113
1899 4242
1899 5946
1899 9068
1899 9085
1899 10791
1899 20285
1904 6811
1913 3334
1913 6735
1934 2104
1951 320
1951 6010
1951 6770
1951 7338
1951 7550
1951 8537
1951 8777
1951 8810
1951 8854
1951 8860
1951 9122
1951 15450
1951 19693
1951 22276
1971 4280
1971 4920
1971 12025
1971 23535
2014 1140
2014 4215
2014 6811
2014 7921
2014 11698
2038 7540
2048 6747
2104 8858
2134 850
2134 2194
2134 3009
2134 4029
2134 5892
2134 6698
2134 8792
2134 8816
2134 9125
2134 9239
2134 11684
2134 14361
2134 14583
2134 18602
2134 21702
2134 24150
2134 24266
2148 2118
2194 623
2194 850
2194 2978
2194 3055
2194 4242
2194 4920
2194 5477
2194 5801
2194 6192
2194 7803
2194 8777
2194 9078
2194 9148
2194 10121
2194 11684
2194 14805
2194 19730
2194 19901
2194 19999
2194 21954
2194 24127
2197 1595
2197 2487
2197 6917
2197 8935
2197 9057
2197 20021
2197 23711
2239 726
2239 804
2239 8952
2239 8996
2239 11967
2239 19059
2239 22521
2239 24226
2257 9133
2300 8147
2307 8943
2324 8943
2349 4916
2349 4920
2349 13969
2361 6596
2361 7759
2361 8116
2361 8946
2361 9083
2361 13518
2361 19693
2361 19999
2361 24451
2362 8102
2370 567
2384 4094
2384 5147
2384 7055
2384 11313
2384 24537
2387 7540
2387 8310
2387 8769
2387 8858
2387 8872
2387 8886
2387 19177
2387 20550
2392 8894
2392 10121
2392 13786
2411 642
2411 3777
2411 4920
2411 5162
2411 7759
2411 8777
2411 8841
2411 8866
2411 8924
2411 24252
2411 24451
2413 1001
2413 1038
2413 1595
2413 3620
2413 6133
2413 6961
2413 19946
2413 22283
2424 16213
2486 6139
2487 465
2487 1221
2487 1595
2487 1780
2487 4450
2487 5035
2487 5409
2487 7855
2487 8147
2487 8361
2487 8815
2487 8852
2487 9135
2487 9153
2487 15594
2487 19946
2487 20817
2491 9137
2497 287
2497 465
2497 1904
2497 2239
2497 3055
2497 4094
2497 7478
2497 7811
2497 8239
2497 9096
2497 9100
2497 10121
2497 18917
2497 20242
2497 22765
2508 6067
2508 8984
2592 1951
2592 2629
2592 4208
2592 5644
2592 6557
2592 6780
2592 9169
2592 17332
2592 20638
2592 24226
2602 14595
2622 2104
2629 376
2629 2361
2629 4223
2629 4920
2629 5644
2629 6747
2629 8858
2629 9057
2629 12242
2629 13518
2629 20861
2633 6124
2633 6278
2633 6437
2633 9078
2633 24226
2633 24518
2647 2194
2700 9025
2732 9005
2831 255
2831 14976
2831 19946
2872 8213
2872 9106
2906 9168
2924 8452
2924 21926
2934 4396
2934 4536
2934 6780
2934 8564
2934 8862
2934 24033
2934 24707
2959 24479
2984 21240
2997 567
2997 642
2997 1141
2997 1899
2997 2362
2997 3496
2997 3825
2997 5311
2997 5369
2997 7803
2997 8047
2997 8289
2997 8321
2997 8767
2997 8777
2997 8903
2997 10109
2997 15450
2997 19946
3021 25
3021 2387
3021 7315
3021 8458
3023 14805
3049 4504
3049 8808
3049 13518
3049 21702
3049 24734
3055 2134
3055 8213
3055 8934
3098 4920
3113 8465
3113 8810
3113 8899
3113 9068
3143 4356
3143 8910
3168 5946
3168 6582
3168 9047
3172 255
3172 1639
3172 4920
3172 5516
3172 8118
3172 8321
3172 8852
3172 8858
3172 8996
3172 12900
3192 12658
3192 24226
3203 3415
3203 5397
3203 7296
3203 8858
3227 5345
3227 19946
3231 7616
3275 8116
3275 9030
3302 263
3420 8996
3425 4450
3439 9461
3528 6047
3555 17051
3570 7055
3579 503
3579 8841
3591 8906
3620 7955
3620 8067
3622 5963
3657 4242
3657 8865
3657 14595
3657 15277
3705 8916
3709 4256
3725 4196
3729 7759
3760 4402
3760 8817
3760 8843
3760 8854
3760 8969
3760 9109
3777 6247
3777 8858
3777 10811
3777 14583
3824 6465
3824 7616
3824 15450
3843 44
3843 1676
3843 5963
3843 6049
3843 6815
3843 7921
3843 8836
3843 11077
3843 13019
3843 15450
3843 16900
3843 19554
3843 19883
3843 24313
3865 8858
3874 503
3905 10121
3921 8657
3947 1403
3974 9239
3986 8631
4029 4234
4046 14888
4094 6811
4121 1971
4121 2104
4121 2629
4121 5644
4121 8031
4121 8147
4121 8986
4121 9057
4121 9100
4121 9120
4121 15814
4121 18005
4121 19901
4121 19999
4121 22598
4154 11657
4154 24492
4158 714
4158 1018
4158 2997
4158 4242
4158 5344
4158 5477
4158 6557
4158 6815
4158 7803
4158 8782
4158 8921
4158 14295
4173 6139
4183 5311
4186 5311
4186 8116
4186 8873
4186 9122
4186 10121
4187 2497
4196 4928
4196 8632
4196 8919
4196 16613
4234 2134
4242 125
4242 496
4242 601
4242 642
4242 726
4242 1141
4242 1578
4242 2997
4242 4215
4242 4920
4242 5344
4242 5345
4242 5633
4242 6067
4242 6167
4242 6278
4242 6735
4242 6874
4242 6917
4242 7024
4242 7370
4242 7955
4242 8209
4242 8289
4242 8464
4242 8685
4242 8709
4242 8759
4242 8761
4242 8791
4242 8803
4242 8856
4242 8894
4242 8952
4242 8974
4242 9065
4242 9089
4242 9842
4242 11313
4242 11503
4242 11698
4242 11722
4242 12670
4242 13684
4242 14221
4242 14295
4242 14853
4242 15300
4242 17349
4242 17576
4242 17584
4242 19177
4242 19554
4242 19730
4242 19883
4242 20594
4242 21634
4242 22221
4242 24313
4242 24327
4242 24451
4255 6735
4255 19901
4256 5946
4280 8151
4298 7410
4298 11725
4298 14806
4331 115
4331 2997
4331 4242
4331 4298
4331 6218
4331 9100
4331 11579
4331 14355
4331 15229
4331 15714
4331 18195
4339 6505
4339 13191
4340 804
4340 2997
4340 6557
4340 8755
4340 8858
4350 8858
4350 18619
4356 14595
4402 7759
4406 482
4406 21913
4407 17706
4423 9111
4440 623
4440 1141
4440 4547
4440 7338
4440 8877
4440 9165
4441 9177
4449 320
4449 5604
4450 8657
4450 8826
4459 8632
4504 10121
4522 2038
4522 11579
4526 3202
4526 8175
4533 8147
4547 8398
4567 567
4567 814
4567 1846
4567 2978
4567 3113
4567 4242
4567 6735
4567 8465
4567 8726
4567 14221
4574 8760
4574 8841
4585 20892
4663 8827
4663 10121
4665 6874
4667 1038
4667 11872
4667 13786
4667 19059
4683 8808
4685 7296
4685 7371
4685 8564
4685 8834
4685 9043
4685 11149
4685 20422
4685 23348
4700 7960
4719 4802
4719 11657
4795 7759
4802 4937
4802 8869
4802 14888
4802 16256
4829 3021
4829 6139
4829 8872
4829 8874
4829 8903
4865 12135
4865 21233
4879 11503
4879 19730
4879 21079
4882 17706
4885 9146
4920 215
4920 376
4920 395
4920 1887
4920 3725
4920 4280
4920 4343
4920 5516
4920 5604
4920 6104
4920 6267
4920 8031
4920 8364
4920 8726
4920 8750
4920 8761
4920 8852
4920 8883
4920 8897
4920 8906
4920 8958
4920 9046
4920 9120
4920 9170
4920 12658
4920 12789
4920 13406
4920 13786
4920 14232
4920 14583
4920 15450
4920 15570
4920 18619
4920 19730
4920 21233
4920 22315
4920 24065
4920 24127
4928 8836
4928 15394
4952 8891
4982 9062
5036 23348
5052 4343
5052 8872
5112 4920
5112 10121
5127 24518
5140 8966
5143 9053
5152 1951
5152 7588
5152 8650
5152 11577
5152 13786
5152 20021
5178 376
5178 3725
5178 5343
5178 6104
5178 12658
5178 12789
5178 19901
5178 20861
5178 21233
5189 6770
5189 9165
5261 503
5282 6049
5284 11579
5284 16884
5304 21881
5311 1658
5311 2091
5311 6961
5311 8819
5311 8921
5311 8932
5311 9040
5311 9053
5311 9070
5311 12012
5311 14232
5311 15450
5311 21786
5311 22962
5345 2537
5345 4928
5345 11313
5345 11727
5345 15688
5364 8858
5364 15394
5371 9050
5408 8831
5409 7759
5409 8874
5409 15450
5477 1676
5477 9100
5485 3053
5485 6104
5489 4937
5519 4127
5519 4450
5519 6505
5519 12025
5519 14853
5519 15594
5519 24226
5544 16976
5589 15282
5639 8102
5639 8767
5639 9114
5639 9128
5644 8858
5644 9057
5645 7022
5645 11503
5651 9112
5677 2361
5677 6139
5677 19693
5682 8808
5690 13969
5690 14595
5753 6139
5753 6278
5753 21702
5801 1140
5801 4920
5801 5343
5801 6278
5801 7003
5801 8102
5801 15450
5801 18602
5801 22276
5805 8808
5821 19438
5897 6478
5931 18619
5940 465
5946 25
5946 4450
5946 5035
5946 6720
5946 7024
5946 7759
5946 8755
5946 8826
5946 8871
5946 8929
5946 8977
5946 9091
5946 9168
5946 13181
5946 16976
5946 18034
5946 19999
5946 20242
5957 1595
5969 8779
6009 215
6009 4663
6009 6582
6009 6961
6009 7370
6009 7410
6009 8791
6009 8827
6009 15688
6010 3334
6010 8922
6033 19087
6047 3777
6047 6367
6047 8789
6047 13141
6047 13996
6047 15450
6047 20907
6049 5682
6049 6917
6049 18056
6049 21336
6095 8910
6097 7
6124 4885
6124 7556
6124 8458
6124 8831
6124 8834
6124 9138
6124 16256
6124 24518
6133 8831
6139 7680
6139 24451
6157 434
6167 19999
6192 8921
6217 8649
6218 7022
6247 2629
6247 5516
6247 8239
6247 9048
6247 15145
6248 714
6259 642
6259 2959
6259 6917
6259 7410
6259 8829
6259 8874
6259 8950
6259 12670
6259 15394
6259 15688
6259 19946
6278 503
6278 5127
6278 8848
6278 8862
6278 8905
6278 8922
6278 9047
6278 12900
6278 12933
6278 15450
6278 16742
6278 18619
6278 22276
6278 24226
6278 24518
6278 24707
6310 1822
6310 8815
6310 8889
6338 12900
6437 465
6437 17299
6442 8361
6497 8761
6497 8942
6497 8956
6497 14361
6511 1982
6514 16946
6528 8321
6528 14355
6557 714
6557 1546
6557 4862
6557 5162
6557 5344
6557 6986
6557 8465
6557 8791
6557 8836
6557 8886
6557 9166
6557 13059
6557 15714
6582 6961
6589 320
6589 3334
6589 6010
6589 9104
6589 9812
6589 11698
6589 13383
6589 13786
6589 20021
6592 444
6592 15450
6596 8858
6598 6742
6598 8880
6629 8304
6638 5311
6638 8421
6638 8873
6651 8208
6651 22214
6666 1493
6666 7046
6666 8946
6666 15450
6666 19439
6666 21336
6681 8874
6698 7759
6735 263
6735 950
6735 4208
6735 5400
6735 13969
6735 17843
6735 19961
6735 24693
6747 5477
6747 9100
6780 3172
6780 5311
6780 7514
6780 8321
6780 8606
6780 9052
6780 18602
6780 24226
6796 19946
6811 1105
6811 2363
6811 4683
6811 6027
6811 7803
6811 7811
6811 8808
6811 8816
6811 8894
6811 8949
6811 8957
6811 8973
6811 9142
6811 9150
6811 24463
6815 9960
6815 16900
6845 8029
6845 12044
6850 10121
6874 8021
6914 7759
6917 8737
6917 9239
6917 15688
6961 2318
6961 6124
6961 6557
6961 7514
6961 8631
6961 8657
6961 13337
6961 17742
6976 21916
7022 7388
7022 16601
7036 8808
7045 2239
7045 4920
7045 8871
7045 8936
7045 24127
7055 8752
7055 19421
7055 24108
7074 7759
7081 24226
7123 15594
7123 22283
7129 9051
7131 7616
7131 18449
7186 8840
7209 10121
7211 7273
7241 7759
7265 8564
7285 15116
7370 7410
7371 24033
7382 12874
7403 4920
7410 125
7410 8886
7442 6598
7442 7709
7442 8788
7442 8868
7442 8888
7442 8968
7442 9123
7442 13211
7473 22341
7488 13518
7514 503
7527 8915
7529 14142
7534 8304
7534 8893
7550 12025
7579 9143
7603 13969
7616 9077
7616 10811
7616 24252
7635 9060
7648 6192
7656 4928
7656 8884
7664 15319
7680 12900
7720 4879
7720 6917
7720 8755
7720 11503
7720 15277
7720 18056
7743 1913
7743 4547
7743 8537
7743 8830
7743 8953
7743 9078
7743 9115
7743 13337
7743 18602
7759 567
7759 1001
7759 1578
7759 1842
7759 4965
7759 5639
7759 6283
7759 6582
7759 6596
7759 7921
7759 8239
7759 8361
7759 8564
7759 8777
7759 8807
7759 8841
7759 8874
7759 8903
7759 8907
7759 8938
7759 8971
7759 9091
7759 9109
7759 9128
7759 9155
7759 9158
7759 9167
7759 12044
7759 13141
7759 13383
7759 13518
7759 15450
7759 19946
7759 19999
7759 21702
7759 24033
7759 24410
7759 24463
7778 3824
7778 6465
7778 8687
7778 13406
7778 21699
7803 8421
7803 9098
7803 13684
7894 5963
7906 18602
7921 8974
7921 11503
7921 11698
7921 12670
7940 4242
7955 3623
7955 8672
7955 24252
7985 3591
7986 11503
7990 726
7990 1038
7990 3496
7990 4014
7990 4926
7990 5148
7990 6747
7990 7343
7990 7453
7990 7778
7990 8102
7990 8229
7990 8573
7990 8767
7990 21457
7990 22276
7990 24534
8005 804
8005 5959
8005 9049
8005 13996
8005 19946
8029 8102
8102 7955
8102 8874
8102 9049
8102 9143
8117 2194
8118 3657
8152 2048
8155 8905
8160 2194
8199 6629
8199 7534
8199 8304
8199 8414
8199 9063
8208 5171
8209 12670
8209 14595
8247 1312
8247 12670
8262 1654
8277 9057
8295 8873
8295 23221
8305 726
8305 1595
8305 2194
8321 13786
8321 15450
8353 5508
8353 6961
8361 14361
8403 20817
8404 8858
8421 1691
8421 5147
8421 8767
8421 8807
8421 8907
8436 7370
8439 5162
8452 2080
8452 5112
8452 8774
8452 15057
8457 5692
8468 12894
8473 263
8473 1899
8473 5344
8473 7410
8473 7921
8473 8520
8473 8859
8473 9175
8473 14295
8564 8862
8564 23348
8564 24033
8600 8918
8600 15814
8633 4585
8657 2497
8657 3943
8657 6621
8657 8646
8657 11698
8657 22765
8664 20695
8687 19901
8687 21699
8705 8978
8726 17312
8726 24252
8745 11657
8757 6589
8761 804
8761 2559
8761 18138
8761 24174
8765 10121
8768 8767
8769 8775
8770 13337
8770 21233
8771 8767
8772 8993
8777 22276
8777 24518
8778 503
8781 8996
8784 8503
8790 5108
8790 14587
8793 7024
8795 8792
8799 3192
8800 18619
8800 24451
8808 2239
8808 5632
8808 8404
8808 8993
8808 9040
8808 9053
8808 15614
8808 18034
8808 20242
8808 22225
8811 24393
8813 6310
8813 8809
8813 8853
8813 8888
8813 18602
8813 24695
8815 3777
8815 10325
8816 14361
8824 7410
8833 24451
8838 19876
8843 18619
8844 23226
8846 7921
8848 16742
8851 7296
8852 13786
8852 19901
8855 21878
8858 5142
8858 7759
8858 8321
8858 9170
8858 9239
8858 12025
8858 20950
8862 938
8862 16909
8866 8841
8867 7100
8871 8936
8872 22283
8873 20424
8874 14583
8875 5692
8881 19178
8885 1899
8885 24393
8890 11481
8893 22592
8897 18619
8900 22075
8901 6027
8909 11503
8913 10552
8915 24518
8917 804
8918 15814
8920 8919
8921 1403
8921 8289
8921 8606
8921 9074
8921 9092
8921 9842
8921 13467
8929 11926
8930 4284
8930 6596
8930 7550
8930 8361
8930 8893
8930 8946
8930 8956
8930 8969
8930 9039
8930 9111
8930 9114
8930 9156
8930 14147
8931 9177
8932 18764
8941 23348
8944 530
8950 8841
8959 8953
8966 115
8966 2257
8966 4242
8966 4862
8966 6735
8966 6917
8966 8632
8966 8808
8966 11722
8966 13899
8966 13969
8976 8915
8977 18602
8979 4343
8981 8954
8982 8915
8984 503
8984 6961
8984 7921
8984 8782
8984 8791
8984 8803
8984 8824
8984 19946
8985 8996
8986 2409
8993 20242
8995 7024
8996 5152
8996 6218
8996 6285
8996 7442
8996 8868
8996 9057
8996 9100
8996 9121
8996 9142
8996 11503
8996 11861
8996 13191
8996 19438
9005 8949
9005 8966
9005 14295
9005 24555
9011 1899
9011 2815
9011 2997
9011 3055
9011 8837
9011 9072
9011 9093
9011 9137
9011 11722
9011 17349
9025 944
9025 1004
9025 1462
9025 1934
9025 2794
9025 4331
9025 6027
9025 6278
9025 7046
9025 8031
9025 8289
9025 8816
9025 8858
9025 8874
9025 8888
9025 9092
9025 9104
9025 12933
9025 14195
9025 15450
9025 18602
9025 19946
9025 21913
9025 22276
9030 23707
9050 7587
9052 5311
9057 623
9057 2118
9057 5912
9057 6097
9057 6598
9057 7499
9057 7588
9057 8118
9057 8841
9057 8866
9057 8871
9057 8874
9057 8926
9057 9100
9057 9121
9057 9153
9057 9664
9057 10566
9057 12900
9057 13191
9057 13518
9057 19059
9057 20021
9057 24127
9067 231
9067 2118
9067 2387
9067 2959
9067 4196
9067 8310
9067 8404
9067 8632
9067 14355
9067 16976
9072 2815
9072 24682
9080 7616
9081 9079
9093 15361
9100 115
9100 9102
9100 22598
9103 9097
9107 11747
9108 16186
9116 14361
9117 23707
9118 1899
9119 16976
9119 24472
9120 9131
9120 19730
9121 7442
9124 1899
9139 6027
9141 18602
9147 8540
9148 21699
9152 4491
9153 12025
9154 7115
9154 19901
9154 22968
9154 23991
9162 3870
9173 4531
9177 8809
9177 8906
9177 8927
9177 9060
9177 24518
9239 132
9239 642
9239 1842
9239 2387
9239 8952
9239 14232
9239 24393
9365 19554
9516 11313
9553 13181
9553 20512
9682 3021
9724 714
9724 4663
9724 5140
9724 6547
9724 10121
9842 465
9842 8915
9960 255
9960 5344
9960 24327
10109 21509
10121 465
10121 1001
10121 5035
10121 9092
10121 9094
10121 12025
10121 13518
10121 19946
10168 14853
10325 8872
10343 3725
10566 1312
10566 4255
10566 7921
10566 10109
10566 20021
10566 21786
10811 2194
10811 5956
10811 6582
10811 6874
10811 8674
10811 8726
10811 18602
10811 20422
10811 21509
10856 13810
11045 7759
11062 9148
11076 642
11076 2794
11076 6557
11076 14295
11076 19438
11313 8996
11313 13845
11313 14595
11313 20242
11361 8888
11406 2497
11503 4154
11503 4928
11503 6811
11503 8791
11503 8836
11503 8919
11503 13899
11503 24167
11536 465
11536 1215
11536 1312
11536 3192
11536 3334
11536 4343
11536 4916
11536 5358
11536 5364
11536 6124
11536 6278
11536 6780
11536 7036
11536 7616
11536 8606
11536 8657
11536 8726
11536 8915
11536 8922
11536 9041
11536 9115
11536 9116
11536 10121
11536 11157
11536 13383
11536 13467
11536 14969
11536 19693
11536 20422
11536 24518
11536 24601
11577 6817
11577 13786
11577 18619
11579 814
11579 6557
11579 11698
11579 14806
11657 44
11657 6806
11657 8632
11657 8919
11657 8968
11657 13518
11657 19301
11684 465
11684 4242
11684 7759
11684 8116
11684 8766
11684 8808
11684 8853
11684 8871
11684 8936
11684 13181
11684 18602
11684 24266
11698 12135
11698 15450
11698 19946
11700 9114
11700 18619
11715 4158
11725 7410
11725 8047
11725 13969
11727 5152
11819 2978
11819 8894
11819 14927
11819 16976
11819 22283
12025 4121
12025 4795
12025 5610
12025 6283
12025 7759
12025 8031
12025 13518
12025 14583
12025 18169
12025 18449
12025 20292
12025 20888
12025 22276
12025 23535
12053 8606
12135 503
12135 642
12135 1141
12135 2387
12135 4242
12135 5358
12135 6582
12135 6961
12135 8021
12135 8537
12135 8606
12135 8893
12135 8901
12135 10325
12135 13337
12135 15145
12135 16087
12135 18602
12135 19946
12135 21233
12135 21899
12209 8808
12242 1899
12242 13181
12482 6794
12519 9239
12658 255
12658 3228
12658 6010
12670 8404
12670 8837
12670 8859
12670 18396
12670 20429
12670 20594
12670 21786
12677 21800
12725 16976
12774 1842
12774 8766
12789 19901
12855 1654
12855 1822
12870 17880
12874 8965
12874 13184
12874 18602
12894 1462
12894 7759
12894 9143
12900 496
12900 1546
12900 1676
12900 2794
12900 3415
12900 5692
12900 6999
12900 7478
12900 8209
12900 8289
12900 8632
12900 8836
12900 9133
12900 13518
12900 15300
12900 16976
12900 20387
12900 20422
12900 21954
12933 4967
12964 1691
12977 4356
13003 8781
13027 424
13027 2997
13027 19266
13066 5089
13099 9143
13102 16976
13141 24668
13155 4396
13181 8783
13181 21107
13196 7921
13196 15450
13196 18088
13196 24555
13270 8777
13270 8996
13270 9070
13270 14232
13270 24537
13336 13518
13337 8850
13337 8927
13370 320
13370 24518
13379 13786
13383 530
13383 6139
13383 9053
13406 8687
13467 24226
13535 9135
13684 1842
13684 5397
13684 6811
13684 7921
13684 9070
13743 8755
13786 215
13786 503
13786 601
13786 726
13786 929
13786 3657
13786 5447
13786 6097
13786 7024
13786 7473
13786 7588
13786 7708
13786 8520
13786 8632
13786 8790
13786 8815
13786 8823
13786 8827
13786 8848
13786 8905
13786 8907
13786 9057
13786 9171
13786 9842
13786 12658
13786 15614
13786 21913
13786 22217
13929 8047
13969 1001
13969 2413
13969 2978
13969 3113
13969 3415
13969 3620
13969 6999
13969 7273
13969 8289
13969 8310
13969 8910
13969 9064
13969 9175
13969 11819
13969 12209
13969 15259
13969 16348
13969 16976
13969 19454
13969 20517
13969 24266
14016 2184
14142 6278
14189 24313
14195 115
14195 2399
14195 6218
14295 24555
14333 15450
14355 5344
14361 4343
14361 8946
14361 16213
14361 20242
14387 6505
14387 6511
14387 15187
14387 19946
14401 9064
14595 465
14595 6049
14595 8404
14595 8808
14595 9066
14595 9079
14595 11077
14595 15450
14595 18396
14595 23085
14785 4066
14806 19946
14853 18005
14853 19730
14882 18619
14888 4496
14888 8852
14888 13786
14888 18169
14920 546
14920 714
14920 1001
14920 3496
14920 4158
14920 4547
14920 7453
14920 7550
14920 7759
14920 8625
14920 8761
14920 8823
14920 8927
14920 8963
14920 9100
14927 255
14969 18602
14969 18619
14969 24252
14969 24518
15024 9053
15057 2080
15116 1951
15187 24710
15229 263
15229 4242
15229 6557
15229 15259
15229 15450
15229 19946
15250 9040
15259 263
15277 8755
15277 14595
15282 22227
15361 16976
15406 7656
15406 19554
15447 7759
15447 13141
15450 1221
15450 1842
15450 4343
15450 5345
15450 6747
15450 8840
15450 8874
15450 9044
15450 9066
15450 11503
15450 14295
15450 16613
15450 19432
15610 19300
15614 5805
15645 10121
15688 12900
15688 13518
15688 13899
15688 14295
15688 20387
15714 7921
15814 5639
15814 7759
15935 6067
15940 444
15940 4183
15940 8129
15940 19712
15940 20058
16018 830
16018 1899
16018 9057
16018 19059
16018 22217
16087 4053
16087 7759
16099 804
16186 132
16186 8823
16186 8872
16186 8977
16336 6815
16348 2413
16388 8872
16548 2815
16548 12900
16581 8858
16581 8885
16581 8886
16581 9160
16588 4208
16591 2497
16591 4242
16591 7921
16591 24313
16601 4242
16601 8755
16613 2794
16613 5162
16613 8869
16613 8954
16859 1676
16859 3843
16859 4242
16859 8858
16859 8954
16859 15450
16884 1403
16895 14333
16904 6582
16958 24033
16976 2978
16976 6027
16976 7442
16976 8632
17041 10121
17057 24710
17058 8752
17157 5178
17157 9107
17157 12789
17299 424
17299 7921
17299 15450
17312 7616
17312 7751
17338 2633
17338 22759
17338 23348
17349 19059
17382 6815
17576 4186
17576 9066
17675 14805
17706 9030
17706 9109
17742 567
17742 642
17742 8850
17742 14232
17742 18449
17840 7616
17840 7759
17840 8952
17840 18619
18034 1951
18034 3705
18034 3777
18034 4242
18034 5969
18034 7759
18034 8855
18034 8872
18034 8907
18034 8978
18034 17071
18034 24065
18056 5946
18056 20242
18169 4343
18169 5140
18169 7588
18169 8118
18169 8321
18169 8797
18169 8950
18169 8979
18169 9073
18401 7074
18449 1140
18472 16548
18574 503
18574 701
18574 929
18574 5178
18574 5447
18574 8151
18574 8674
18574 8774
18574 10121
18574 17742
18574 21233
18574 23348
18602 1546
18602 2456
18602 3334
18602 5519
18602 8631
18602 19693
18602 24568
18619 496
18619 1538
18619 2104
18619 2629
18619 3777
18619 4402
18619 5589
18619 5639
18619 7036
18619 8414
18619 8551
18619 8625
18619 8806
18619 8812
18619 8822
18619 8858
18619 8889
18619 8927
18619 8946
18619 9078
18619 9102
18619 9111
18619 9114
18619 9130
18619 9155
18619 9176
18619 13059
18619 13337
18619 14583
18619 15450
18619 15995
18619 18602
18619 20292
18619 24150
18689 6103
18689 7803
18689 14147
18689 15450
18689 20907
18764 7370
18764 9071
18764 9096
18764 9125
18764 19946
18960 8637
19023 10566
19059 215
19059 7442
19059 8996
19059 9100
19059 14888
19059 19999
19087 5925
19105 255
19105 2815
19105 7905
19105 7921
19172 5682
19172 14595
19177 24266
19266 15450
19300 8361
19301 10927
19379 9059
19421 117
19421 7540
19426 8858
19426 9097
19426 10121
19426 17742
19426 24252
19438 320
19438 623
19438 1546
19438 2104
19438 4242
19438 5400
19438 6218
19438 6598
19438 6815
19438 7616
19438 7921
19438 7955
19438 8880
19438 8886
19438 9142
19438 9160
19438 12670
19438 17843
19439 9043
19442 944
19454 1582
19454 7759
19554 6811
19554 24734
19683 2497
19730 424
19730 5946
19730 6681
19730 6874
19730 7036
19730 8874
19730 9070
19730 9121
19730 10121
19730 11929
19730 12670
19730 14361
19730 15450
19730 16976
19730 21786
19730 21954
19730 22225
19730 22341
19870 8289
19870 8771
19870 8774
19871 8672
19871 19946
19901 255
19901 395
19901 714
19901 929
19901 1001
19901 1546
19901 1582
19901 1899
19901 2997
19901 4663
19901 6217
19901 6780
19901 6917
19901 7811
19901 8031
19901 8364
19901 8792
19901 8843
19901 8849
19901 8906
19901 8915
19901 8926
19901 8967
19901 8986
19901 9041
19901 9071
19901 9073
19901 12658
19901 13141
19901 20817
19901 20966
19901 24065
19901 24127
19904 1141
19904 6139
19904 9143
19915 11488
19915 14333
19915 14387
20242 833
20242 1658
20242 6049
20242 9121
20242 16018
20285 6285
20285 14927
20387 2815
20387 5632
20387 7905
20387 8871
20422 16018
20424 7900
20512 3957
20512 20970
20517 22217
20638 5793
20638 9159
20783 15369
20817 215
20817 1899
20817 4343
20817 6747
20817 9057
20817 9118
20817 12242
20817 13786
20817 21233
20883 1141
20883 15450
20966 8321
20966 8872
20992 14500
21020 7955
21071 16946
21079 7921
21079 15450
21089 726
21089 7550
21089 7955
21089 8625
21089 24668
21139 4585
21139 5178
21177 12900
21213 5311
21213 18689
21233 2194
21233 18619
21240 8841
21240 9053
21240 14295
21240 19730
21240 24451
21336 1004
21336 9025
21336 9132
21336 20242
21402 12789
21402 24127
21699 215
21699 530
21699 4339
21699 5969
21699 6133
21699 6139
21699 6497
21699 7640
21699 8289
21699 8755
21699 8761
21699 8777
21699 8872
21699 8903
21699 8927
21699 8944
21699 8962
21699 9051
21699 9059
21699 9070
21699 9078
21699 9114
21699 9123
21699 13191
21699 13969
21699 14232
21699 14583
21699 19087
21699 19901
21699 22276
21699 23707
21702 20950
21702 24451
21739 14785
21786 4186
21786 18619
21800 44
21800 1105
21800 4928
21800 5162
21800 6285
21800 6557
21800 8632
21800 8803
21800 11503
21800 19883
21876 5692
21876 6780
21878 2104
21884 11861
21899 1899
21899 8151
21899 8537
21899 9071
21899 12789
21911 2456
21911 8887
21913 4356
21913 5345
21926 4802
21926 6598
21954 7473
21954 7588
21954 8777
21954 13786
21954 13969
21954 19554
21954 20517
22197 4242
22214 6010
22225 5805
22225 7803
22276 1312
22276 3777
22276 24518
22283 87
22283 503
22283 1520
22283 7603
22283 8118
22283 8815
22283 8996
22283 9133
22283 12236
22283 13786
22283 14969
22283 23926
22283 24252
22341 8808
22341 22225
22513 1133
22513 1658
22513 2014
22513 8503
22513 8871
22513 24710
22592 320
22592 8801
22598 503
22598 4916
22598 8761
22598 24065
22708 24386
22759 8661
22807 1001
22882 4585
22882 8767
22882 9122
22882 15450
22882 24252
23171 10121
23335 1001
23348 503
23348 2104
23348 2629
23348 3777
23348 6367
23348 8490
23348 8877
23348 8962
23348 9073
23348 9138
23348 9146
23348 12279
23348 15450
23348 17071
23348 20422
23376 726
23455 4585
23473 9171
23535 9057
23535 13184
23535 13786
23707 4402
23707 8361
23707 9109
23707 17706
23711 18955
23921 6278
23921 9097
23921 24169
23927 2815
23933 9104
24018 4183
24018 8891
24033 830
24033 14147
24033 15995
24127 9157
24133 1013
24133 1141
24133 6887
24133 7709
24133 8760
24133 9109
24133 17742
24133 19946
24142 804
24142 1327
24167 5140
24167 14595
24167 24313
24174 3760
24206 12789
24226 2038
24226 3963
24226 5140
24226 6124
24226 6310
24226 6437
24226 8321
24226 8726
24226 8849
24226 8932
24226 12135
24226 18602
24226 22276
24226 24601
24247 8924
24250 8769
24250 8807
24252 287
24252 320
24252 496
24252 503
24252 642
24252 850
24252 1312
24252 2104
24252 2118
24252 2387
24252 2997
24252 3162
24252 3231
24252 4916
24252 4920
24252 6038
24252 6437
24252 6961
24252 8031
24252 8774
24252 8818
24252 8841
24252 8866
24252 8882
24252 8883
24252 8886
24252 8905
24252 8917
24252 8923
24252 8944
24252 8984
24252 9047
24252 9096
24252 9113
24252 12135
24252 13383
24252 13518
24252 18449
24252 19946
24252 19999
24322 9070
24322 9724
24322 19554
24393 6735
24393 8755
24393 8824
24393 8905
24393 19901
24409 8364
24451 44
24451 2815
24451 8507
24451 24555
24460 7759
24460 8974
24460 11503
24460 12670
24460 14595
24460 19946
24474 11899
24492 1676
24492 8937
24492 9085
24492 11503
24518 3334
24518 13337
24526 9067
24568 5036
24568 9106
24568 24409
24570 14355
24572 8783
24579 13181
24584 10168
24599 9159
24601 9163
24652 4920
24652 9073
24657 24668
24668 5409
24668 9138
24668 14583
24682 24451
24710 25
24710 9070
24710 11698
24710 24734
24734 7273
24734 8860
21 4547
21 8816
21 9286
21 12519
21 14806
44 349
44 1019
44 2602
44 2984
44 6557
44 8996
44 9431
44 13196
44 15361
44 21337
44 24492
49 1019
49 24451
115 2194
115 4482
115 5039
115 6139
115 6602
115 7929
115 9227
115 9237
115 9358
115 14387
117 2497
117 18602
125 9240
145 4920
172 644
197 1137
213 7123
213 7142
215 20907
231 115
231 1899
231 5899
231 5946
231 8632
231 9314
231 14195
252 726
252 5261
252 7444
252 9314
252 9329
252 9330
252 22283
252 24033
255 2931
255 3826
255 4204
255 4683
255 7089
255 7516
255 8378
255 9030
255 9318
255 9455
255 11148
255 14387
255 14969
255 20355
255 20517
257 280
271 255
271 1221
271 9225
271 9318
271 9456
271 16601
271 19432
285 5572
285 10641
287 2104
287 3777
287 5257
287 5523
287 6098
287 7370
287 9187
287 9280
287 9304
287 9307
287 9419
287 15450
320 1215
320 3439
320 6901
320 7759
320 8921
320 9025
320 9263
320 9275
320 9842
320 10791
320 12900
320 15953
335 1913
348 1951
348 9196
348 9353
348 11536
348 18034
348 20992
348 24226
348 24448
349 2984
349 9198
349 9363
349 9431
349 9477
349 9491
349 13518
386 44
386 1258
386 1615
386 2194
386 7603
386 7759
386 7921
386 8290
386 8858
386 8996
386 9005
386 9247
386 9403
386 10121
386 13110
386 22990
401 6505
412 8921
412 9336
434 642
438 2416
441 5311
465 5345
465 9459
496 1018
524 833
524 5808
524 9295
524 11313
540 6299
540 18602
545 16241
546 20825
572 6098
572 9215
572 13196
572 19438
596 1193
596 1934
596 2080
596 4735
596 5345
596 6437
596 7265
596 8764
596 9299
596 9336
596 9387
596 9396
596 9397
596 9399
596 9472
596 9488
596 16613
596 19149
596 19426
596 20992
596 23921
610 1538
610 4556
610 5946
610 6937
610 7759
610 9466
610 18574
610 18602
610 21699
610 24252
623 645
623 858
623 1215
623 2080
623 2411
623 2866
623 4638
623 5677
623 7648
623 8815
623 9207
623 9326
623 9332
623 9339
623 9343
623 9381
623 9419
623 9506
623 11579
623 13181
623 14067
623 14785
623 19469
633 6124
633 17801
642 2373
642 4109
642 4281
642 4343
642 4450
642 5428
642 9193
642 9243
642 9249
642 9275
642 11840
642 18619
642 19149
642 20950
642 23348
644 686
644 5152
645 1430
645 3172
645 9196
645 9211
645 9239
645 9253
666 24033
674 1221
674 9297
701 1407
701 4407
701 5956
701 6585
701 7955
701 8564
701 9092
701 9216
701 9346
701 9397
701 13141
701 14067
701 19871
714 2194
726 255
726 1784
726 3702
726 4883
726 6124
726 6593
726 9205
726 9207
726 9267
726 9302
726 9332
726 9399
726 9842
726 18619
726 21110
726 24695
830 4411
830 9201
830 9227
830 9303
830 9315
830 9332
830 9394
830 10115
830 21110
833 21336
858 14920
866 9488
876 1899
876 2266
876 3101
876 6098
876 9057
876 9307
876 24537
890 9025
891 9256
895 7516
895 7921
895 16900
906 8907
929 145
929 3777
929 6901
929 9057
929 9228
929 9307
929 9349
929 9364
935 6497
968 14969
1013 1895
1013 1934
1013 8047
1013 8127
1013 8897
1013 9469
1013 9488
1013 17742
1013 18619
1013 22505
1018 596
1018 1895
1018 9198
1018 9399
1018 13110
1018 14224
1018 18568
1018 24033
1097 6157
1097 9416
1105 20
1105 255
1105 642
1105 714
1105 1141
1105 1595
1105 2014
1105 2104
1105 2508
1105 2872
1105 3779
1105 4113
1105 4242
1105 4638
1105 5892
1105 5899
1105 6098
1105 6547
1105 6694
1105 7759
1105 7921
1105 8107
1105 8858
1105 9106
1105 9198
1105 9276
1105 9300
1105 9314
1105 9441
1105 13118
1105 15450
1105 16900
1105 18396
1105 18568
1116 1188
1116 1333
1116 4047
1116 6582
1116 6585
1116 7759
1116 8969
1116 9241
1116 9310
1116 9327
1116 9339
1116 9348
1116 9518
1116 18169
1133 9262
1137 1105
1137 1504
1137 1865
1137 9358
1137 9375
1137 9502
1137 10115
1137 11313
1140 2592
1140 5314
1140 8921
1140 9390
1140 16163
1141 16601
1193 5311
1193 9177
1215 642
1215 6124
1215 18619
1221 540
1221 6299
1221 8508
1221 9318
1221 9459
1221 13786
1221 14387
1221 16601
1221 24150
1244 287
1244 4317
1244 9092
1244 24156
1244 24531
1312 645
1312 5667
1312 9025
1312 9057
1312 9373
1312 18449
1312 21089
1318 21089
1383 2194
1383 3168
1384 5311
1403 623
1403 2080
1403 4735
1403 6124
1403 9207
1403 9326
1403 9506
1407 5899
1407 6098
1407 7410
1407 8127
1407 8863
1407 9405
1430 546
1430 1323
1430 2736
1430 3172
1430 6961
1430 7176
1430 8799
1430 9208
1430 9263
1430 9349
1430 9388
1430 9402
1430 12326
1430 13786
1430 24224
1447 9318
1459 9269
1495 20950
1504 15332
1517 1716
1538 5345
1538 7514
1538 9205
1538 17706
1538 19149
1538 20907
1543 14386
1547 6598
1567 4738
1578 6047
1613 2997
1613 13969
1633 6505
1633 9513
1658 5325
1667 18917
1676 22990
1692 49
1692 5887
1692 8816
1692 9447
1692 9487
1692 24451
1740 2508
1740 2713
1740 7427
1740 8632
1740 9379
1740 9431
1740 9446
1740 9460
1740 16591
1740 21240
1740 24033
1749 4242
1753 13370
1772 1133
1780 1846
1780 5325
1784 5311
1800 2416
1800 6666
1800 9213
1800 19426
1800 24033
1842 4829
1842 5311
1842 6547
1842 8808
1842 14595
1846 686
1846 1698
1846 2048
1846 2239
1846 3123
1846 4109
1846 4281
1846 5409
1846 5519
1846 5677
1846 6505
1846 9271
1846 9295
1846 9333
1846 9371
1846 9488
1846 18917
1846 19693
1846 19946
1846 24150
1846 24156
1899 285
1899 726
1899 1375
1899 1895
1899 2819
1899 3197
1899 4406
1899 5345
1899 6098
1899 6781
1899 7648
1899 7921
1899 10121
1899 12135
1899 12977
1899 13929
1899 20108
1899 20904
1899 22968
1899 23389
1899 24381
1901 5112
1901 9239
1907 5345
1907 6961
1907 18574
1949 16900
1951 726
1951 866
1951 929
1951 5127
1951 5523
1951 5801
1951 6124
1951 6299
1951 6976
1951 7444
1951 9202
1951 9235
1951 9249
1951 9364
1951 9369
1951 9373
1951 9390
1951 9438
1951 9464
1951 9471
1951 10121
1991 19300
1998 11076
2014 1221
2014 1899
2014 4113
2014 4685
2014 5089
2014 9306
2014 9441
2014 9522
2014 19149
2014 23389
2038 4242
2038 22283
2048 4242
2048 5946
2048 7759
2048 9399
2048 12646
2080 20
2080 8820
2080 20477
2086 24252
2104 0
2104 255
2104 2185
2104 2380
2104 2938
2104 3219
2104 3439
2104 5257
2104 5345
2104 6589
2104 6929
2104 9057
2104 9380
2104 9399
2104 11148
2104 12572
2104 16241
2104 17922
2104 19946
2104 22276
2104 24695
2134 1913
2134 4685
2134 4885
2134 5261
2134 5326
2134 5345
2134 6139
2134 8344
2134 8363
2134 8421
2134 8478
2134 8564
2134 8858
2134 9161
2134 9277
2134 9279
2134 9339
2134 9385
2134 9400
2134 9447
2134 9478
2134 9513
2134 9521
2134 11149
2134 11725
2134 14034
2134 14221
2134 15187
2134 15450
2134 19469
2134 24565
2148 16601
2194 285
2194 1904
2194 2387
2194 2416
2194 2516
2194 2959
2194 3172
2194 3865
2194 4482
2194 4829
2194 4976
2194 5229
2194 5325
2194 5345
2194 5409
2194 5645
2194 6098
2194 6124
2194 6247
2194 7089
2194 7929
2194 8843
2194 8996
2194 9158
2194 9261
2194 9356
2194 9402
2194 9471
2194 9478
2194 10862
2194 16306
2194 21927
2194 22283
2194 24710
2197 2048
2197 2194
2197 4208
2197 6285
2197 9217
2197 9434
2197 9492
2197 11422
2197 13099
2197 13969
2197 20355
2204 5867
2239 2487
2239 9375
2239 10121
2242 9161
2266 7759
2266 8918
2266 9215
2266 9349
2266 9380
2266 9432
2304 4547
2307 9211
2329 18574
2349 9332
2361 9222
2361 9409
2361 11840
2361 15450
2361 24033
2384 9201
2384 9228
2384 9385
2384 12209
2384 13191
2384 13786
2384 22341
2387 1383
2387 5409
2387 8813
2387 9217
2387 9288
2387 9471
2387 9522
2387 13181
2387 22283
2392 10325
2411 145
2411 2592
2411 11840
2411 22592
2413 255
2413 686
2413 4113
2413 9190
2413 9226
2416 285
2416 6666
2416 9298
2416 19087
2416 19379
2416 24156
2487 2048
2487 2416
2487 3330
2487 7123
2487 7811
2487 8321
2487 8707
2487 8710
2487 9271
2487 9298
2487 9332
2487 9402
2487 9442
2487 9488
2487 13099
2487 14785
2487 18602
2487 19437
2487 24156
2497 145
2497 1698
2497 2388
2497 4109
2497 4685
2497 5519
2497 6098
2497 6139
2497 8816
2497 9091
2497 9262
2497 9295
2497 9322
2497 9468
2497 9488
2497 9502
2497 15024
2499 8029
2499 9408
2499 10325
2581 9842
2583 1951
2583 8858
2583 22276
2591 5314
2591 5345
2592 496
2592 701
2592 714
2592 4317
2592 5667
2592 7176
2592 7759
2592 8921
2592 10811
2592 16163
2592 20883
2592 24451
2622 18602
2629 145
2629 1369
2629 2891
2629 4242
2629 5257
2629 5345
2629 5446
2629 5519
2629 6098
2629 6901
2629 8907
2629 9094
2629 9194
2629 9202
2629 9395
2629 9432
2629 13786
2629 19901
2629 20817
2633 9381
2655 9025
2700 726
2700 9239
2701 19498
2713 18955
2713 21240
2789 2134
2789 7759
2789 9339
2790 9442
2819 9519
2831 2134
2831 3777
2831 6485
2831 9399
2831 9459
2831 18602
2842 7315
2872 9152
2872 9459
2872 15187
2891 19901
2997 255
2997 686
2997 726
2997 1013
2997 4370
2997 5690
2997 6047
2997 6098
2997 8421
2997 9093
2997 9314
2997 14195
3029 5207
3049 1542
3049 7617
3049 9333
3049 14361
3055 9152
3101 2104
3101 15450
3113 6961
3113 24226
3130 7759
3168 24695
3172 5345
3172 6547
3172 7648
3172 9399
3172 9442
3172 17262
3203 6547
3203 9506
3203 9842
3227 7022
3227 7759
3227 8996
3227 9501
3271 13786
3271 16018
3379 1318
3420 6098
3438 8918
3438 8969
3438 9220
3438 9246
3439 12025
3452 9223
3452 9375
3506 4183
3523 5633
3526 13786
3528 1116
3528 6505
3528 6582
3528 15450
3528 19087
3555 7921
3555 13684
3570 11313
3579 1899
3620 9475
3627 15450
3725 13786
3754 3714
3754 19059
3760 1784
3760 8776
3777 6098
3843 349
3843 9198
3843 9237
3843 9294
3843 12677
3843 19038
3865 2467
3865 18764
3865 20904
3874 2866
3874 9413
3986 5229
3986 9393
3986 14785
3986 15953
4087 20907
4087 21927
4121 7197
4121 9132
4158 701
4158 1895
4158 19438
4187 5345
4187 7683
4187 7759
4208 9434
4208 13969
4242 287
4242 1188
4242 1862
4242 2388
4242 3172
4242 5311
4242 5807
4242 5946
4242 6049
4242 6098
4242 7603
4242 7617
4242 7648
4242 7929
4242 8102
4242 8773
4242 8808
4242 8858
4242 9100
4242 9198
4242 9300
4242 9384
4242 9387
4242 9426
4242 9431
4242 10307
4242 13065
4242 13118
4242 15450
4242 15953
4242 18619
4242 18764
4242 18940
4255 9180
4255 9380
4274 804
4280 7197
4283 23933
4331 7921
4331 8773
4339 9197
4339 18602
4340 4242
4340 19038
4343 2497
4343 3227
4343 9399
4370 24133
4396 4929
4407 1538
4407 5345
4407 22603
4407 23707
4412 778
4440 673
4440 1609
4440 1899
4440 2497
4440 4837
4440 6299
4440 8858
4440 9507
4440 9842
4440 18034
4440 19149
4449 16613
4450 9378
4459 8107
4459 9441
4462 8508
4462 9459
4462 9498
4482 9227
4533 9132
4547 12519
4567 7759
4567 9465
4567 9486
4574 4738
4638 8858
4638 12670
4683 5311
4683 9356
4685 5345
4685 6299
4685 9236
4685 9478
4685 9514
4719 1137
4719 8029
4735 5127
4735 12534
4781 7358
4781 8030
4781 9438
4781 9475
4802 7014
4802 7520
4802 7648
4802 15024
4811 1722
4811 4593
4811 7427
4811 9217
4811 9379
4811 19870
4829 5178
4829 7089
4829 15450
4879 1842
4879 11669
4879 21240
4879 24313
4920 876
4920 1215
4920 2736
4920 3777
4920 6098
4920 7382
4920 7759
4920 8029
4920 9194
4920 9268
4920 9281
4920 9322
4920 9355
4920 9402
4920 9417
4920 11005
4920 11269
4920 12326
4920 18169
4920 24729
4928 7849
4952 9192
4952 9206
4952 9391
5056 7953
5112 19901
5127 8239
5143 11460
5143 24710
5152 6450
5152 7089
5152 7516
5152 8808
5152 8858
5152 9322
5152 9341
5152 9466
5152 19087
5152 19730
5152 24695
5178 117
5178 255
5178 441
5178 929
5178 1110
5178 2736
5178 7759
5178 8608
5178 8858
5178 9322
5178 9332
5178 9335
5178 9349
5178 9364
5178 9395
5178 9440
5178 11269
5178 12326
5178 18169
5178 18602
5178 24409
5178 24729
5192 9375
5198 3725
5261 6505
5261 6929
5261 9156
5261 11929
5261 18619
5261 19149
5274 8863
5274 9318
5311 726
5311 1698
5311 6505
5311 7921
5311 8295
5311 8969
5311 9161
5311 9322
5311 9333
5311 9409
5311 9459
5311 9464
5311 12646
5311 13118
5311 16213
5314 20285
5408 814
5409 5845
5409 9468
5409 11698
5485 9355
5485 22276
5485 23223
5489 255
5489 4343
5489 9185
5516 8813
5519 255
5519 623
5519 2119
5519 2197
5519 4281
5519 5345
5519 5690
5519 8321
5519 8707
5519 8710
5519 8897
5519 9091
5519 9317
5519 9405
5519 9488
5519 9502
5519 10121
5519 18917
5531 24695
5567 14595
5600 9126
5633 19172
5639 8930
5645 115
5645 9358
5667 701
5667 5956
5667 7616
5677 2134
5677 2819
5677 5311
5677 5345
5677 6811
5677 8988
5677 9488
5677 16186
5677 19946
5692 3702
5753 3714
5754 2185
5769 390
5769 24380
5776 8808
5801 145
5801 2104
5801 5446
5801 6163
5801 6589
5801 8995
5801 9268
5801 9349
5801 23389
5808 4683
5808 9053
5817 2984
5887 3302
5892 6845
5892 8421
5940 9198
5946 287
5946 1221
5946 3425
5946 4281
5946 5311
5946 5345
5946 5409
5946 5519
5946 6098
5946 6247
5946 6598
5946 7617
5946 8288
5946 9053
5946 9057
5946 9180
5946 9234
5946 9271
5946 9347
5946 9371
5946 9374
5946 9378
5946 9468
5946 9475
5946 9477
5946 9488
5946 11422
5946 11657
5946 13969
5946 14224
5946 14595
5946 15450
5946 18917
5946 24626
5957 642
5957 8858
6009 9067
6009 12670
6047 145
6047 8538
6047 8930
6047 9226
6047 9286
6049 6259
6095 22283
6098 6601
6098 8808
6098 9016
6098 9057
6098 10325
6098 13786
6098 14920
6098 15450
6098 17880
6098 18689
6098 19901
6104 3777
6113 16186
6121 9404
6121 9408
6124 8029
6124 8257
6124 9326
6124 9399
6124 13673
6124 16854
6124 19901
6124 22276
6124 24409
6167 9341
6172 8996
6233 24156
6247 2266
6247 2736
6247 5345
6247 8330
6247 9132
6247 9399
6247 18034
6258 15450
6259 271
6259 287
6259 496
6259 1749
6259 1895
6259 7921
6259 9175
6259 17276
6278 6929
6278 14969
6278 19498
6285 6735
6285 9309
6299 8029
6310 6124
6318 1504
6318 9215
6333 9229
6338 8421
6346 14595
6413 2819
6437 2041
6478 7759
6485 11967
6497 5345
6497 6010
6497 8196
6497 9185
6497 15024
6528 8996
6528 9405
6531 9288
6547 2984
6547 6124
6547 8996
6547 9025
6547 9842
6547 11148
6547 13726
6547 13786
6547 19469
6547 24250
6547 24695
6549 6547
6549 8029
6549 8421
6557 1019
6557 1895
6557 7176
6557 7266
6557 7849
6557 9193
6557 9198
6557 9431
6557 13110
6557 18602
6557 18619
6557 21240
6557 24420
6589 1116
6589 6157
6589 8808
6589 8813
6589 9403
6589 13110
6589 14386
6593 18619
6598 9303
6602 9450
6610 115
6651 21746
6666 9213
6666 12789
6666 19901
6681 2361
6735 1613
6735 1904
6735 2014
6735 24253
6735 24626
6785 7410
6785 8984
6811 145
6811 2239
6811 5517
6811 6999
6811 8745
6811 13118
6811 22513
6811 24451
6815 9202
6815 21954
6845 1772
6845 2636
6845 9298
6845 11669
6850 9443
6889 8029
6917 1019
6917 9501
6917 14595
6937 1384
6937 9466
6937 14920
6961 9199
6961 12646
6975 4187
6975 8029
6975 8995
6975 9132
6975 9399
6976 7100
6999 8993
6999 21913
6999 24695
7022 3843
7022 6961
7022 8330
7022 9215
7022 9237
7089 11684
7123 596
7123 14785
7129 2275
7129 7265
7152 14221
7186 9286
7186 14691
7202 20817
7203 5257
7211 12834
7217 18619
7265 7556
7265 9236
7265 9419
7265 20907
7265 23348
7273 4123
7305 4411
7370 6098
7410 9405
7410 17097
7442 1407
7442 1851
7442 6514
7442 8147
7442 9394
7442 13118
7442 16282
7442 22598
7476 9452
7490 5345
7510 2080
7514 645
7514 6299
7516 2819
7516 5345
7516 6098
7516 9322
7516 9488
7516 13786
7529 5519
7529 9459
7552 7664
7552 16877
7579 2091
7579 9239
7603 9431
7640 11819
7648 3203
7648 3528
7648 7514
7648 9301
7648 9506
7648 9509
7648 14595
7648 21110
7648 22276
7664 9202
7673 8996
7673 22075
7720 2508
7720 9174
7720 9318
7720 21079
7743 5893
7743 9253
7743 9269
7743 9342
7759 257
7759 608
7759 866
7759 1013
7759 1193
7759 2104
7759 3439
7759 4113
7759 5345
7759 5519
7759 6139
7759 6247
7759 7186
7759 7514
7759 7574
7759 8010
7759 8029
7759 8075
7759 8321
7759 8363
7759 8378
7759 8625
7759 8863
7759 8897
7759 9025
7759 9196
7759 9200
7759 9262
7759 9275
7759 9277
7759 9286
7759 9297
7759 9299
7759 9332
7759 9339
7759 9346
7759 9350
7759 9356
7759 9364
7759 9369
7759 9380
7759 9399
7759 9456
7759 9467
7759 9473
7759 9488
7759 13489
7759 14691
7759 14806
7759 15940
7759 17076
7759 17090
7759 17675
7759 19087
7759 20168
7759 20950
7759 22276
7778 8764
7778 9025
7778 9132
7778 9317
7785 20387
7785 24451
7816 4242
7894 1899
7921 5776
7921 7849
7921 9384
7921 9434
7921 12677
7921 16613
7921 21240
7921 24393
7921 24710
7955 8984
7990 1538
7990 6962
7990 7197
7990 8116
8005 2041
8005 4510
8005 4513
8005 8918
8025 9459
8029 8421
8029 8808
8029 9402
8030 24226
8047 14195
8102 540
8102 714
8102 6299
8102 7197
8102 9249
8102 9346
8102 16601
8102 20907
8102 22276
8102 24033
8104 1865
8104 9521
8107 24734
8127 1578
8127 24393
8134 6961
8155 2388
8208 8121
8208 9361
8208 14920
8208 21746
8239 8930
8239 17675
8271 11148
8295 4183
8295 6047
8295 8695
8305 18764
8305 24033
8378 8808
8404 9376
8421 1116
8421 2283
8421 3714
8421 4920
8421 5143
8421 6582
8421 7864
8421 8478
8421 8993
8421 9161
8421 9262
8421 9297
8421 9348
8421 9370
8421 9380
8421 9459
8421 12685
8421 13270
8421 14387
8421 19426
8421 23389
8421 24033
8421 24710
8452 2048
8452 9229
8452 13184
8452 13270
8598 24252
8598 24518
8600 18169
8608 21402
8633 5345
8657 1846
8664 9025
8698 18602
8705 2508
8717 24033
8745 8808
8761 858
8773 17840
8799 2209
8799 7648
8808 1133
8808 1346
8808 5325
8808 6139
8808 6999
8808 7013
8808 7921
8808 9262
8808 11698
8808 17180
8808 22513
8813 726
8813 2819
8813 6124
8813 7514
8813 7759
8813 8820
8815 673
8815 9099
8815 9278
8815 14224
8816 8930
8842 2194
8842 2959
8843 9158
8843 9242
8843 24252
8858 255
8858 1895
8858 2236
8858 2763
8858 8820
8858 9057
8858 9276
8858 9380
8858 9467
8858 15450
8858 19149
8858 24695
8862 7266
8862 9267
8862 9313
8875 8457
8885 17742
8921 642
8921 1913
8921 3528
8921 4811
8921 9256
8921 9328
8921 9336
8921 9373
8921 9404
8921 9506
8921 10307
8930 5261
8930 8262
8930 8281
8930 9241
8930 9274
8930 9286
8966 1899
8966 3986
8969 24033
8984 285
8984 496
8984 1018
8984 1312
8984 1895
8984 5345
8984 5572
8984 7516
8984 9314
8984 9842
8984 9960
8984 13118
8984 13505
8984 21927
8984 24033
8993 5107
8995 7358
8995 9298
8995 20424
8996 287
8996 9325
8996 9395
8996 9416
8996 15688
9005 8632
9005 9431
9011 4208
9011 4593
9011 4829
9011 5600
9011 6547
9011 6602
9011 7849
9011 8047
9011 9224
9011 9322
9011 9425
9011 12670
9011 13786
9011 19870
9025 1578
9025 1899
9025 8029
9025 8288
9025 8921
9025 8996
9025 9202
9025 9375
9025 9466
9025 11460
9025 17262
9025 23389
9057 145
9057 172
9057 245
9057 271
9057 572
9057 684
9057 800
9057 1407
9057 2384
9057 2818
9057 2831
9057 2938
9057 3777
9057 3935
9057 4242
9057 4556
9057 4920
9057 5112
9057 5192
9057 7352
9057 7514
9057 7516
9057 7759
9057 7778
9057 8117
9057 8378
9057 8421
9057 8820
9057 9188
9057 9189
9057 9193
9057 9228
9057 9268
9057 9307
9057 9318
9057 9322
9057 9348
9057 9375
9057 9392
9057 9395
9057 9399
9057 9432
9057 9466
9057 9842
9057 10057
9057 11698
9057 12572
9057 13118
9057 13488
9057 14387
9057 17262
9057 17349
9057 17768
9057 17830
9057 18955
9057 20892
9057 24584
9057 24695
9067 12670
9067 18169
9092 23926
9098 5887
9100 6098
9120 4503
9122 9183
9132 19901
9145 14785
9152 10811
9154 2467
9154 15178
9177 9464
9177 22276
9179 8948
9185 929
9185 2384
9185 4556
9185 5345
9185 6047
9185 6098
9185 7778
9185 9227
9185 9508
9185 12572
9185 16018
9186 21885
9188 24695
9196 24226
9198 8996
9199 18619
9201 18169
9204 9196
9210 1407
9212 9209
9214 8361
9217 13065
9221 2467
9230 9181
9231 8587
9233 9198
9236 23348
9239 145
9239 1749
9239 5690
9239 9180
9239 9842
9239 12670
9239 14691
9239 16306
9241 18619
9248 8589
9251 1188
9251 1899
9251 4208
9251 4928
9251 5345
9251 5807
9251 6586
9251 8310
9251 8842
9251 9434
9251 11076
9251 11725
9251 14430
9251 14691
9251 17276
9251 20285
9252 8134
9256 12900
9263 24224
9263 24568
9264 7266
9265 6124
9269 18034
9272 9270
9280 11536
9280 18568
9280 22276
9282 6124
9284 9276
9286 21079
9288 13969
9289 9193
9296 20534
9299 18619
9301 14595
9307 13786
9312 15953
9318 13786
9318 17880
9323 9322
9324 11698
9326 3123
9328 22276
9334 18693
9340 15472
9341 11993
9341 18764
9342 18619
9342 24226
9344 6874
9344 7874
9345 2643
9349 9440
9349 11005
9349 19901
9352 18602
9355 23223
9359 19138
9362 608
9363 2984
9363 9501
9363 24313
9372 7759
9375 11577
9377 255
9378 642
9380 24252
9381 24226
9384 701
9384 1258
9384 1899
9384 1998
9384 2811
9384 4208
9384 4556
9384 9512
9384 19946
9386 9387
9395 13110
9395 19901
9400 9385
9405 7003
9406 20355
9408 9404
9410 9396
9412 9411
9413 22276
9422 16877
9423 9396
9425 24393
9427 9419
9430 1296
9431 14224
9435 8353
9446 24451
9450 596
9450 766
9450 2119
9450 2629
9450 5345
9450 8421
9450 8773
9450 9025
9450 9497
9450 10566
9450 12670
9450 13969
9450 21110
9450 23389
9452 24252
9454 5702
9457 8446
9463 19087
9466 13270
9475 24224
9476 10811
9482 3777
9483 2883
9483 24033
9485 24555
9488 2679
9488 6612
9490 21240
9491 12670
9494 23348
9499 5345
9499 8538
9499 9459
9499 18602
9505 2241
9508 5345
9510 5345
9515 5345
9517 24183
9519 8813
9713 24637
9724 9288
9724 9336
9724 9385
9842 287
9842 645
9842 1383
9842 1895
9842 4339
9842 5314
9842 5345
9842 5946
9842 7490
9842 9399
9842 15450
9842 19087
9842 22283
9842 24226
9842 24695
9960 1998
9960 9294
10121 3330
10121 4281
10121 4450
10121 5677
10121 8863
10121 9502
10259 8755
10259 9174
10307 8029
10307 24734
10566 567
10566 830
10566 1018
10566 5314
10566 5430
10566 5956
10566 7759
10566 8421
10566 8984
10566 9386
10566 9387
10566 9478
10566 13786
10566 18602
10566 20285
10566 22283
10566 23389
10566 24695
10811 7476
10811 8858
10811 9199
10811 9241
10811 9251
10811 17742
10811 18619
10811 19730
10862 5345
11062 5946
11062 8858
11062 12670
11062 13141
11076 496
11076 1895
11076 13518
11076 17276
11152 24226
11313 804
11313 5152
11405 16601
11405 21110
11406 4360
11460 2014
11460 5089
11460 6299
11536 623
11536 642
11536 1934
11536 3874
11536 4738
11536 5261
11536 5314
11536 5409
11536 5519
11536 7176
11536 7264
11536 8921
11536 9180
11536 9196
11536 9264
11536 9275
11536 9342
11536 9380
11536 9389
11536 9413
11536 9488
11536 11929
11536 16163
11536 18568
11536 18574
11536 19087
11536 22598
11536 23360
11577 386
11577 2041
11577 17349
11577 18169
11577 19730
11579 1887
11579 1895
11579 6547
11579 9380
11579 16087
11579 22276
11579 24252
11599 6997
11657 2602
11657 9215
11657 13270
11657 15361
11684 4567
11684 5957
11684 8858
11684 9256
11698 255
11698 5089
11698 7338
11698 7849
11698 8025
11698 15382
11698 16900
11698 23707
11698 24695
11700 6937
11700 17880
11725 726
11725 9385
11725 9400
11819 9217
11840 4482
11840 5567
11840 8858
11840 9356
11840 11062
11861 833
11861 5633
11861 7089
11868 6929
12025 2104
12025 13141
12084 7410
12135 546
12135 2080
12135 3231
12135 3601
12135 4547
12135 4738
12135 5261
12135 6547
12135 7759
12135 9282
12135 18449
12135 19149
12135 24033
12242 7759
12242 7921
12242 8262
12352 3824
12358 8290
12358 9198
12539 14888
12546 5178
12670 1676
12670 7720
12670 8632
12670 8996
12670 9318
12670 9501
12774 3714
12774 4683
12789 5329
12789 13184
12789 18169
12834 4593
12874 11149
12894 18917
12900 642
12900 8029
12900 8921
12900 9189
12900 9842
12933 9336
12954 9356
12954 9454
12964 9235
13003 6505
13003 11725
13065 2194
13065 5409
13065 7640
13065 8815
13065 8872
13065 9219
13065 9278
13065 24252
13099 9303
13141 23320
13181 1843
13181 8996
13181 9522
13184 4920
13184 9249
13191 2416
13191 6666
13191 9405
13196 1019
13196 8632
13196 11657
13196 13270
13196 24313
13270 7759
13270 13786
13336 5176
13337 9509
13343 8815
13370 6593
13370 7743
13379 2499
13379 10325
13383 1019
13518 8507
13604 9459
13604 9467
13604 9488
13673 7520
13684 285
13684 1105
13684 4360
13684 4920
13684 11669
13684 15450
13694 686
13694 1613
13717 21699
13743 9174
13786 145
13786 386
13786 1895
13786 2497
13786 2831
13786 5143
13786 5892
13786 5946
13786 7089
13786 8047
13786 8232
13786 8277
13786 8625
13786 8764
13786 9200
13786 9220
13786 9228
13786 9247
13786 9262
13786 9317
13786 9385
13786 9390
13786 9395
13786 16018
13786 17349
13786 18169
13786 18764
13786 21336
13786 22513
13845 4482
13899 22466
13929 8858
13934 10791
13969 3330
13969 4281
13969 5326
13969 5600
13969 6098
13969 7547
13969 8029
13969 8473
13969 8993
13969 9217
13969 9234
13969 9406
13969 9465
13969 10791
13969 20285
13969 21913
13969 22283
14067 23348
14094 11577
14221 22276
14224 1105
14224 1312
14224 2497
14224 4208
14224 6735
14361 8321
14361 21702
14387 4683
14387 8363
14387 9487
14387 12209
14387 15251
14401 9055
14414 4683
14414 16018
14595 6742
14595 8029
14595 8507
14595 8737
14595 9337
14595 9842
14595 14034
14785 8029
14785 22283
14805 3714
14805 6098
14805 9262
14888 3101
14920 906
14920 4113
14920 5178
14920 5677
14920 6139
14920 7265
14920 8029
14920 8776
14920 8907
14920 9254
14920 9268
14920 9396
14920 9410
14920 9473
14920 12646
14920 19149
14920 22598
14920 22882
14969 9389
15024 255
15024 6139
15024 8632
15161 8029
15161 24033
15251 1221
15251 9360
15251 13845
15259 20285
15282 6976
15332 8105
15332 24156
15360 2119
15382 7338
15404 9465
15406 2624
15447 596
15447 5446
15447 8897
15447 14361
15447 18602
15447 19149
15447 23921
15447 24695
15450 145
15450 1382
15450 6975
15450 7729
15450 8029
15450 8808
15450 9417
15450 9478
15450 14034
15450 16608
15450 24033
15483 11698
15610 19870
15614 5325
15688 2713
15688 7603
15688 7720
15688 8029
15688 9213
15688 9322
15688 9842
15688 18764
15688 19087
15698 4593
15698 20285
15814 4187
15814 4242
15888 20861
15888 22592
16018 6098
16018 12326
16057 22283
16087 9380
16186 1221
16186 1951
16186 2104
16186 2819
16186 5257
16186 6937
16186 19149
16504 19730
16581 117
16581 596
16581 1323
16581 9196
16581 12519
16581 16613
16581 22276
16581 23360
16591 285
16591 2416
16591 7673
16591 18568
16601 24472
16609 9431
16613 7603
16613 12677
16613 17742
16637 10791
16742 24252
16859 1842
16859 1899
16859 9198
16859 9376
16859 24313
16880 858
16895 19149
16895 24250
17041 9254
17055 1676
17058 1951
17058 3098
17058 18602
17066 24033
17111 3061
17157 145
17157 9293
17157 9349
17157 9388
17283 20512
17293 12677
17299 6098
17299 9268
17304 23389
17304 24451
17312 8310
17338 1383
17338 8029
17338 24250
17349 7516
17675 3330
17675 9374
17675 9380
17706 9241
17706 18602
17809 24033
17840 7410
18005 9053
18034 9246
18034 22283
18056 5089
18056 7013
18056 11313
18056 19172
18056 21954
18169 726
18169 2384
18169 4242
18169 5446
18169 6098
18169 7516
18169 8262
18169 8858
18169 9187
18169 9228
18169 9335
18169 9421
18169 9466
18169 9842
18169 11698
18169 13270
18169 15450
18169 19149
18169 19901
18169 21089
18169 21927
18169 22276
18323 24695
18396 9198
18449 1323
18449 4738
18472 15450
18568 1895
18568 19426
18574 172
18574 608
18574 2736
18574 5893
18574 9058
18574 9335
18574 9349
18574 9383
18574 9483
18574 19087
18574 24729
18602 6589
18602 9350
18602 9459
18602 13099
18602 24252
18619 434
18619 3101
18619 4883
18619 7520
18619 7759
18619 7955
18619 8321
18619 9195
18619 9229
18619 9246
18619 9310
18619 9339
18619 9348
18619 9374
18619 9409
18619 11148
18619 12646
18619 13488
18619 17262
18619 24252
18689 726
18689 1542
18689 1784
18689 3123
18689 5311
18689 6694
18689 8808
18689 8816
18689 8858
18689 8969
18689 9152
18689 9188
18689 9274
18689 9487
18689 9488
18689 9518
18689 13488
18689 20883
18689 20892
18689 24695
18764 1895
18764 8918
18764 9322
18764 9375
18919 1846
19059 245
19059 5345
19059 6247
19059 9016
19059 17262
19087 9322
19087 9332
19087 24718
19105 145
19105 13518
19149 22276
19172 7921
19172 8996
19184 3149
19293 5345
19293 16608
19328 5192
19328 9375
19379 6666
19421 255
19426 3398
19426 6098
19426 9229
19426 9842
19426 14067
19426 16268
19438 1312
19438 1934
19438 8127
19438 9193
19438 9196
19438 9275
19438 13118
19438 14691
19438 18602
19438 24327
19454 2467
19454 4109
19454 24710
19482 2491
19554 9332
19683 1842
19730 213
19730 1221
19730 6598
19730 9458
19730 12209
19730 13717
19730 13786
19730 21336
19730 21699
19730 23389
19802 4738
19901 644
19901 2388
19901 2467
19901 6247
19901 6299
19901 6901
19901 8029
19901 8760
19901 9285
19901 9335
19901 9375
19901 9383
19901 9409
19901 12685
19901 13118
19901 21402
19901 22276
19915 9239
19946 24668
20168 9200
20242 1137
20242 4482
20242 9360
20242 12670
20242 13191
20242 22513
20259 3725
20259 8628
20259 9349
20285 1105
20285 1141
20285 1215
20285 2811
20285 4537
20285 6299
20285 7759
20285 7921
20285 8029
20285 9198
20285 9384
20285 9446
20285 10121
20285 19438
20285 19946
20285 24710
20355 5409
20355 10121
20355 24156
20387 8029
20387 9459
20424 3528
20424 4685
20424 6505
20424 7696
20424 15187
20429 7089
20512 3865
20512 6505
20512 8995
20512 19059
20517 621
20517 2184
20517 7359
20517 15657
20517 24156
20517 24695
20534 24451
20638 20168
20638 24156
20817 395
20817 2736
20817 5178
20817 6098
20817 7616
20817 8608
20817 9388
20817 9395
20817 18169
20817 24531
20861 5345
20883 24033
20884 9288
20892 10791
20907 3335
20907 23348
20917 9375
20950 24392
21079 8029
21079 9189
21089 255
21089 9375
21110 255
21110 2629
21110 5345
21110 16601
21213 5776
21213 6299
21213 9363
21213 14691
21240 1676
21240 11077
21336 213
21336 1899
21336 4242
21336 4920
21336 9842
21336 17880
21336 22513
21336 24313
21402 11269
21699 1899
21699 2275
21699 2819
21699 4556
21699 5446
21699 5892
21699 6124
21699 6975
21699 7516
21699 7811
21699 8029
21699 8047
21699 8564
21699 8843
21699 9025
21699 9113
21699 9181
21699 9197
21699 9225
21699 9230
21699 9322
21699 9399
21699 9416
21699 9455
21699 9842
21699 13488
21699 24718
21702 255
21702 8858
21702 19087
21702 24695
21739 7123
21746 8131
21786 285
21786 287
21786 8030
21786 8295
21786 8816
21786 8858
21786 9322
21786 15450
21800 9005
21800 11700
21881 2592
21911 2373
21911 9104
21911 9207
21911 9245
21911 9482
21913 145
21913 1719
21913 1949
21913 4593
21926 9341
21926 16282
21954 4317
21954 4482
21954 9092
21954 9399
21954 24156
21954 24637
22075 2119
22075 2819
22134 14430
22160 255
22276 348
22276 2080
22276 4317
22276 5345
22276 6589
22276 7159
22276 7514
22276 8134
22276 9092
22276 9104
22276 9336
22276 9416
22276 13786
22276 15953
22276 16163
22276 19426
22276 20992
22276 24409
22283 1576
22283 6461
22283 8310
22283 14034
22283 17736
22373 1899
22412 15953
22505 4451
22505 8047
22513 4360
22513 7673
22513 9318
22513 11062
22513 11881
22513 12209
22513 17180
22592 8843
22592 9488
22598 8863
22603 9211
22603 23707
22807 145
22807 6593
22882 7338
22882 8969
22882 9332
22882 18693
22882 19946
22882 23707
22911 18169
23348 726
23348 929
23348 2819
23348 2831
23348 5409
23348 9391
23348 9419
23348 9421
23348 9842
23348 21927
23500 9239
23535 7514
23617 5192
23707 2197
23707 7338
23711 9399
23782 9363
23921 4242
23921 9387
23921 19149
23921 24695
23926 2080
23927 12670
24033 596
24033 2134
24033 3335
24033 5345
24033 5899
24033 7427
24033 8760
24033 8877
24033 9092
24033 9209
24033 9218
24033 14785
24033 20907
24133 686
24133 3123
24133 9318
24150 18689
24156 8858
24161 6299
24224 9467
24226 1753
24226 2080
24226 2866
24226 3874
24226 5345
24226 6485
24226 7266
24226 9245
24226 9263
24226 9370
24226 9397
24226 9399
24226 9413
24226 9495
24226 18034
24226 18619
24252 117
24252 145
24252 285
24252 714
24252 1140
24252 2119
24252 2819
24252 3777
24252 4242
24252 4339
24252 4556
24252 6047
24252 6929
24252 7476
24252 7759
24252 8378
24252 9158
24252 9315
24252 9322
24252 9332
24252 9356
24252 9395
24252 9399
24252 9411
24252 9412
24252 9416
24252 9459
24252 9519
24252 13181
24252 13786
24252 16087
24252 18764
24252 19087
24252 19901
24252 20355
24252 21110
24381 16018
24390 19087
24393 2119
24393 2416
24393 4242
24393 5899
24393 6098
24393 6299
24393 7516
24393 9198
24393 11460
24393 13786
24393 24327
24393 24707
24409 9092
24409 9399
24409 9416
24448 2373
24448 9196
24451 4556
24451 5892
24451 6049
24451 7759
24451 9356
24451 9459
24451 9460
24451 23707
24451 24313
24460 285
24460 9484
24460 16591
24474 9371
24479 7089
24483 19946
24492 9325
24492 24313
24518 3874
24518 7266
24518 8281
24518 9264
24518 18574
24518 24707
24526 1658
24555 8808
24568 145
24568 9241
24568 24390
24570 9198
24570 24393
24579 5345
24579 9314
24637 9268
24668 9180
24668 10121
24682 44
24682 8996
24682 24313
24710 1887
24710 5769
24710 14387
24734 21927
24734 24250
