24740 7071
40 22513
44 2423
97 287
97 8600
97 9025
97 14888
155 17480
176 5686
205 19871
213 517
213 3570
213 4551
213 7367
213 7682
213 8600
213 8996
213 13042
213 14145
213 15346
213 15649
213 16457
213 17026
213 17178
213 17194
213 17258
213 17407
213 17521
213 18169
215 6598
215 13639
215 16047
242 16668
242 17344
252 9957
252 12704
252 24226
255 8097
255 12045
255 24657
277 12829
287 2091
287 4242
287 8031
287 17462
292 5324
320 2158
344 804
348 17357
349 1658
386 17044
389 13377
412 491
412 5311
412 7258
412 8921
412 9509
412 12668
412 17470
412 17482
491 12668
491 17509
524 20242
546 21089
560 13465
560 16091
596 642
596 2158
596 2491
596 4146
596 8659
596 10469
596 12910
596 13247
596 13754
596 14422
596 16183
596 17178
596 17418
596 18602
601 15565
601 24108
623 15702
630 644
630 4920
630 5641
630 7461
630 9453
630 10429
630 13851
630 20817
630 22598
640 6009
640 12539
642 1018
642 1244
642 1846
642 5324
642 7510
642 9957
642 11517
642 12079
642 12910
642 13502
642 14422
642 16747
642 16850
642 17251
642 17510
642 17557
642 17585
644 5193
644 8314
644 8403
644 14583
644 15905
644 17357
644 20817
666 726
666 2372
686 8314
687 642
687 8564
687 14427
687 16352
687 16457
687 17517
687 23348
687 23360
701 3879
701 5324
701 6495
701 13750
701 14145
701 16069
701 16570
701 17234
701 24404
726 12505
726 13212
726 13558
726 17166
726 17219
726 17228
726 17247
726 17274
764 2997
776 3725
776 17457
804 3292
810 18693
830 1346
830 16018
833 7367
833 15229
866 2134
866 7759
866 17443
876 1346
876 4343
876 8031
876 8211
876 8951
876 13211
876 13739
876 14888
876 15755
876 16018
876 16195
876 17109
876 17376
876 17434
876 17577
895 5305
929 876
929 3172
929 4920
929 8031
929 9057
929 9830
929 13211
929 16345
929 16965
934 4242
934 8921
935 4920
935 11700
935 13465
968 9177
968 11743
968 17232
968 17396
975 17564
979 16892
979 17477
1013 764
1013 1934
1013 2158
1013 2997
1013 4242
1013 4671
1013 6278
1013 6923
1013 10526
1013 11378
1013 12135
1013 14355
1013 14822
1013 15318
1013 15346
1013 15649
1013 15758
1013 15843
1013 16313
1013 16354
1013 16581
1013 17356
1013 17358
1013 17464
1013 17493
1018 2608
1018 4928
1018 5127
1018 7412
1018 11971
1018 12668
1018 13544
1018 13639
1018 13786
1105 255
1105 4430
1105 7367
1105 7784
1105 10681
1105 11378
1105 12079
1105 13502
1105 13669
1105 13739
1105 14835
1105 15174
1105 15406
1105 15702
1105 16049
1105 16406
1105 16975
1105 16987
1105 17229
1105 17253
1105 17373
1105 17391
1105 17457
1105 17586
1105 17675
1105 22208
1105 22466
1116 17279
1116 17388
1133 4952
1133 17258
1137 5748
1137 13191
1137 14888
1137 17004
1137 17194
1137 17343
1137 22217
1141 9057
1141 17357
1141 24579
1158 3559
1173 15826
1204 19901
1230 18602
1244 1913
1244 5324
1296 1015
1296 5189
1312 496
1312 1318
1312 6278
1312 16069
1313 11881
1313 17160
1313 17273
1313 18438
1346 16018
1346 16406
1346 17244
1354 18602
1383 4196
1383 6547
1393 2238
1393 3714
1393 12183
1393 16208
1393 17443
1430 205
1430 1312
1430 2207
1430 3255
1430 4920
1430 5178
1430 5748
1430 9002
1430 10620
1430 11230
1430 11243
1430 12789
1430 13001
1430 13669
1430 14738
1430 14785
1430 15347
1430 16313
1430 16773
1430 16999
1430 17145
1430 17202
1430 17206
1430 17240
1430 17418
1430 17450
1430 17458
1430 17557
1430 17583
1430 17892
1430 18602
1430 20817
1430 22598
1430 23991
1436 24568
1495 4217
1530 15758
1538 15565
1547 7082
1573 2387
1581 13103
1581 17357
1582 630
1633 1667
1633 17258
1639 5324
1639 11841
1639 12310
1639 18689
1639 20883
1658 2794
1658 8808
1658 12273
1658 14145
1658 16435
1658 17257
1658 21240
1658 24173
1665 16965
1667 7784
1667 10168
1667 12079
1667 15576
1667 16773
1667 17258
1667 17477
1667 17497
1734 498
1740 1842
1740 3292
1740 4035
1740 4928
1740 5477
1740 8996
1740 13305
1740 13649
1740 13684
1740 14145
1740 14595
1740 15187
1740 15980
1740 16496
1740 16553
1740 17044
1740 17139
1740 17213
1740 17387
1740 17398
1740 17483
1740 17485
1740 17551
1740 24385
1741 13738
1842 6589
1842 9239
1846 1573
1846 2594
1846 5324
1846 5702
1846 12079
1846 15738
1846 16557
1846 18602
1846 24480
1861 9025
1861 17365
1913 9275
1913 13231
1913 17499
1913 17515
1934 7258
1951 642
1951 673
1951 1934
1951 2158
1951 2608
1951 3392
1951 3725
1951 5539
1951 5550
1951 5748
1951 7186
1951 7258
1951 8564
1951 9275
1951 11010
1951 11230
1951 11758
1951 12135
1951 12668
1951 12903
1951 14983
1951 16313
1951 16352
1951 17178
1951 17362
1951 17396
1951 17411
1951 17432
1951 17433
1951 17470
1951 17482
1951 17499
1951 17500
1951 17502
1951 18169
1951 18242
1951 18602
1951 21542
1951 23203
1971 21402
2018 21954
2049 15470
2091 16758
2091 17358
2099 9776
2099 11881
2099 12480
2099 13305
2099 19449
2134 496
2134 3835
2134 4393
2134 6417
2134 12079
2134 13202
2134 13738
2134 13772
2134 14145
2134 14332
2134 14452
2134 16213
2134 17160
2134 17262
2158 7759
2158 8232
2158 10719
2158 14738
2158 14920
2158 21786
2194 4920
2194 10573
2194 10688
2194 13717
2194 15117
2194 16018
2194 16668
2194 17004
2194 17427
2197 10410
2197 12829
2197 13103
2197 13379
2197 13502
2197 14370
2197 17106
2197 17259
2197 17578
2238 17179
2329 3255
2329 10343
2329 14301
2329 21899
2349 833
2361 18689
2362 12141
2379 14145
2384 3677
2384 12977
2384 13810
2384 14387
2384 16018
2384 17521
2384 19730
2387 1383
2387 2416
2387 3255
2387 5052
2387 7878
2387 8659
2387 8872
2387 8935
2387 9834
2387 12829
2387 13103
2387 13141
2387 14785
2387 16412
2387 17229
2387 17358
2387 17529
2387 17533
2387 22283
2387 22708
2411 12903
2411 18602
2423 1139
2423 1842
2423 14145
2423 15488
2423 16049
2442 3528
2442 17526
2487 13869
2487 17259
2497 12171
2497 14395
2497 16949
2499 15649
2581 1913
2592 934
2592 4196
2592 4242
2592 4671
2592 7412
2592 8836
2592 8935
2592 9232
2592 10994
2592 11230
2592 11949
2592 12829
2592 13001
2592 17432
2592 17469
2592 21240
2592 21542
2622 9830
2633 9275
2655 15845
2659 3153
2697 17212
2700 22276
2736 2924
2736 5324
2736 17200
2748 24657
2794 4242
2831 4018
2831 18602
2886 2329
2931 17246
2947 10429
2997 8232
2997 13800
2997 15345
2997 17184
3003 9344
3049 14145
3051 4035
3051 7680
3078 9957
3078 17204
3080 3292
3101 17041
3111 11056
3130 2594
3130 9082
3130 13502
3143 3172
3172 496
3172 2487
3172 4920
3172 8031
3172 12829
3172 13502
3172 13869
3172 14370
3172 14387
3172 15918
3172 17437
3172 17578
3214 11378
3244 19172
3250 9057
3288 15649
3292 496
3292 13305
3292 14595
3292 17483
3292 21110
3329 18764
3425 12171
3425 17515
3425 17543
3425 18917
3425 24480
3427 5324
3433 496
3433 1934
3433 6923
3433 9239
3433 16313
3433 17177
3448 17355
3448 17367
3500 15905
3506 13095
3506 24568
3519 2592
3519 3172
3519 6247
3519 13379
3519 17567
3528 6036
3528 8421
3528 17247
3528 17367
3528 17378
3528 17500
3538 13502
3570 7367
3570 15229
3570 17521
3591 15117
3591 20817
3607 5677
3677 9025
3677 11732
3677 16018
3714 12183
3725 2748
3725 13141
3757 17242
3760 4146
3771 13096
3784 20817
3835 13772
3835 17366
3874 1312
3874 20638
3882 608
3909 17174
3995 15117
4015 17426
4121 10012
4126 16505
4146 14519
4158 16613
4196 17044
4242 410
4242 4595
4242 4671
4242 6009
4242 6049
4242 6874
4242 8232
4242 8659
4242 9957
4242 10036
4242 11378
4242 12273
4242 12539
4242 12668
4242 13684
4242 15971
4242 16406
4242 16488
4242 16581
4242 16613
4242 17186
4242 17373
4242 18169
4242 18602
4242 20285
4242 23929
4255 2387
4255 2592
4255 6874
4255 15758
4255 17470
4331 3433
4343 3172
4343 5550
4343 14387
4343 14888
4343 16987
4353 10653
4393 9239
4406 1242
4406 8939
4406 14888
4407 673
4407 12903
4407 18602
4440 2411
4440 4430
4440 15222
4440 18602
4459 5915
4459 15980
4482 17462
4549 1354
4549 17435
4567 11819
4567 16412
4567 17363
4567 17529
4572 13343
4572 16557
4578 11194
4578 17208
4578 17284
4624 5946
4624 16392
4685 1951
4685 13750
4685 16457
4685 16987
4685 17209
4685 17251
4794 3570
4794 7367
4794 11313
4829 2594
4829 3130
4829 3528
4829 5387
4829 8031
4829 9082
4829 16747
4829 17352
4829 17540
4920 503
4920 2329
4920 3255
4920 3725
4920 4430
4920 8031
4920 8321
4920 9453
4920 9830
4920 10620
4920 13042
4920 13502
4920 13851
4920 14568
4920 16153
4920 16354
4920 16999
4920 17157
4920 17206
4920 17240
4920 17560
4920 20817
4920 22598
4928 7955
4928 14503
4952 7001
4982 16647
5052 12012
5127 9239
5150 17109
5152 2384
5152 9057
5152 17004
5152 17357
5170 7759
5176 9239
5178 9830
5178 12789
5178 13735
5178 14271
5178 14583
5178 15905
5178 16999
5178 17417
5178 24252
5189 4407
5279 19901
5305 16021
5307 12079
5310 8538
5311 213
5324 17230
5345 1050
5345 16018
5345 16406
5345 18602
5364 496
5364 12829
5364 15650
5411 14411
5446 1846
5448 1383
5448 3448
5448 6278
5448 9957
5448 13141
5448 14232
5448 16313
5448 17373
5449 16610
5509 11819
5516 18689
5519 3172
5519 3255
5519 4343
5519 12894
5519 17571
5519 18689
5519 21702
5523 18689
5550 11758
5599 11727
5644 3986
5645 6049
5645 16022
5660 8232
5660 16570
5677 17357
5677 18602
5677 20883
5693 16122
5750 3039
5750 22598
5757 1015
5757 17499
5769 6961
5769 16076
5793 15935
5801 54
5801 8031
5801 17357
5801 17415
5801 18689
5805 4794
5805 9025
5805 12533
5805 12539
5805 13191
5805 13270
5805 16018
5805 19730
5808 17354
5946 5635
5946 7759
5946 8808
5946 12079
5946 16973
5946 16987
5946 17106
5946 17212
5946 17675
5946 21702
5992 15147
6009 6049
6009 13305
6009 13684
6009 13786
6009 16773
6047 17026
6049 1658
6049 15895
6049 16557
6074 17516
6095 4406
6095 8951
6095 8996
6095 21954
6124 6491
6157 13141
6167 13639
6167 17258
6198 16914
6247 1327
6247 4430
6247 7258
6247 14232
6247 16488
6247 17188
6247 17193
6247 17370
6247 22598
6278 9275
6278 17348
6278 17356
6278 17446
6278 18602
6285 13431
6305 17509
6312 16076
6318 6714
6319 4217
6319 8564
6319 17166
6403 21699
6417 17121
6417 17273
6417 17354
6417 17408
6485 1354
6485 9025
6485 17567
6497 17047
6528 17256
6547 8659
6547 24588
6557 496
6557 3779
6557 4242
6557 7412
6557 11378
6557 11761
6557 12539
6557 16313
6557 17039
6557 17586
6557 21110
6571 3292
6589 7461
6589 9275
6589 17041
6589 18689
6598 9812
6598 13684
6598 17346
6598 17577
6598 22217
6666 5324
6666 10429
6666 13406
6666 15117
6666 15346
6666 16987
6666 17076
6666 17381
6666 17425
6666 17567
6666 17840
6666 20904
6666 21584
6735 9697
6735 11971
6735 13003
6735 17358
6796 15918
6796 17041
6836 18602
6874 9957
6874 17446
6917 17551
6937 17014
6944 17457
6953 12135
6954 7648
6955 10688
6955 12829
6955 13270
6961 17446
6975 4595
6975 10573
6975 12533
6975 13379
6975 16922
6975 17425
6985 13003
7006 16915
7022 6318
7081 9892
7082 24710
7186 7740
7186 12079
7186 19915
7258 18602
7260 10469
7260 17866
7283 13800
7283 14145
7367 11313
7367 14414
7410 4928
7410 6528
7410 17256
7412 496
7412 2789
7412 3779
7412 3843
7412 13415
7412 17267
7412 21110
7514 496
7514 2194
7514 5324
7514 6961
7514 9842
7516 5567
7516 14888
7516 16022
7601 17184
7601 18602
7648 1240
7648 3507
7648 6975
7648 8600
7648 9057
7648 12480
7648 13684
7648 13786
7648 15826
7648 18689
7682 1842
7682 14496
7743 11378
7743 17215
7743 17396
7743 20638
7759 496
7759 5324
7759 6975
7759 9957
7759 12682
7759 14422
7759 15649
7759 16922
7759 17243
7759 17248
7759 18689
7778 252
7778 12456
7778 13735
7824 11378
7824 21954
7878 285
7878 6917
7888 15649
7955 16956
7973 3334
7973 10093
8031 4492
8031 6247
8031 6500
8031 9011
8031 9025
8031 10292
8031 21079
8100 13001
8102 8564
8102 9405
8102 11881
8102 12480
8102 16085
8102 16122
8102 16201
8102 16354
8102 16668
8133 17357
8184 19876
8216 3292
8232 1667
8232 7412
8232 12668
8232 13305
8232 14295
8232 15488
8232 16186
8232 16773
8232 17233
8232 17237
8232 17293
8232 17551
8232 17586
8232 21240
8232 24133
8247 5686
8247 12999
8274 40
8274 2748
8274 6531
8274 8107
8274 13969
8274 17570
8278 17159
8278 17198
8278 17453
8289 15895
8321 19465
8395 1430
8421 213
8421 10573
8421 12079
8421 12900
8421 13786
8421 14240
8421 14422
8421 16018
8421 16535
8421 17258
8436 1018
8452 13460
8600 929
8600 14583
8600 16391
8600 19901
8650 16505
8657 10731
8657 18602
8657 19441
8664 496
8808 9239
8808 10168
8808 17231
8808 17461
8808 21927
8858 5324
8921 255
8921 1281
8921 9025
8921 12668
8921 15406
8921 16076
8921 16306
8921 16313
8921 24555
8935 642
8935 7412
8935 7878
8935 8659
8935 11378
8935 12694
8935 13001
8935 13639
8935 15649
8935 15918
8935 16313
8935 17109
8935 17432
8935 17493
8935 17533
8935 22283
8944 1538
8944 15565
8995 9025
8996 6811
9005 13305
9005 14574
9025 255
9025 1658
9025 1913
9025 3835
9025 9075
9025 11967
9025 12533
9025 13415
9025 13738
9025 14355
9025 14387
9025 16018
9025 16406
9025 16773
9025 17174
9025 17365
9025 17429
9025 17577
9025 18169
9025 21954
9025 22217
9025 24381
9030 15222
9057 3714
9057 4829
9057 8600
9057 9025
9057 9405
9057 11579
9057 11936
9057 15755
9057 16195
9057 16262
9057 16911
9057 16914
9057 17178
9057 17188
9057 17223
9057 17344
9057 17357
9057 17365
9057 17400
9057 17403
9057 17434
9057 17438
9057 17567
9057 17935
9057 18689
9057 19901
9057 21887
9057 21954
9057 22217
9061 17489
9140 3528
9157 17675
9177 2158
9177 6547
9177 12300
9177 15346
9177 15971
9177 16987
9177 17014
9177 17357
9177 17396
9177 17418
9177 17444
9177 17458
9177 17471
9177 17533
9177 17571
9177 18169
9177 18602
9177 24518
9232 9558
9232 14664
9232 17420
9232 21137
9238 496
9238 3725
9238 17396
9238 18169
9238 18602
9238 23707
9239 1913
9239 2134
9239 3172
9239 4406
9239 6198
9239 13113
9239 14224
9239 14287
9239 14568
9239 14574
9239 16363
9239 16613
9239 17201
9239 17258
9239 17384
9239 17410
9239 17423
9239 17551
9256 14098
9275 14920
9275 15758
9275 17432
9290 14387
9312 12135
9312 18602
9320 17378
9367 17675
9405 1871
9405 4137
9405 11727
9405 17443
9405 17830
9453 20817
9553 255
9553 7778
9553 12903
9553 13735
9553 14785
9555 9312
9555 12135
9555 16313
9555 24385
9600 17391
9600 17511
9603 9940
9629 15033
9677 17212
9679 3255
9679 4217
9679 17440
9679 17532
9798 16892
9812 17244
9827 3591
9830 8031
9830 13639
9830 15117
9830 15450
9837 14820
9842 496
9842 7969
9842 13001
9842 13460
9842 16195
9842 17407
9842 18169
9853 15758
9892 24226
9957 4217
9957 13001
9957 17248
9991 22513
10121 9957
10156 13810
10168 1658
10168 8951
10168 12079
10168 15875
10168 17258
10173 3591
10173 4920
10173 9335
10173 17695
10173 20259
10173 21899
10205 6278
10273 24710
10279 8659
10292 496
10292 1951
10292 6278
10292 6975
10292 9275
10292 11230
10292 12903
10292 13042
10292 13502
10292 14232
10292 15117
10292 16412
10292 16922
10292 18602
10292 24173
10343 13460
10345 17415
10406 15282
10410 5324
10410 15738
10410 15826
10410 22708
10429 12480
10429 12668
10429 12889
10429 14332
10429 17184
10429 17357
10429 17358
10429 17508
10451 16758
10467 2497
10467 6850
10469 17866
10544 701
10566 287
10566 496
10566 5364
10566 7514
10566 7759
10566 8921
10566 9239
10566 9312
10566 12135
10566 12764
10566 13684
10566 15565
10566 16022
10566 16922
10566 17457
10566 23039
10566 24393
10620 14568
10688 13969
10718 935
10718 3255
10718 4920
10731 14853
10761 15971
10761 18619
10811 2158
10811 2194
10811 10526
10811 18689
10837 17425
10837 19495
10923 1851
10994 11936
11040 17197
11040 17355
11056 4925
11056 17213
11056 17366
11056 17426
11056 17551
11056 24682
11087 12153
11087 13786
11167 17407
11167 18169
11230 2491
11230 14976
11243 16914
11361 9239
11378 1015
11378 17357
11378 17400
11412 10183
11412 20817
11517 16557
11542 16186
11577 1137
11577 14888
11577 17004
11657 7921
11657 14098
11657 15918
11657 16551
11684 1018
11684 4393
11684 4430
11684 17344
11684 17391
11684 18602
11690 17256
11698 1728
11698 18602
11698 23235
11700 6495
11700 15814
11715 16613
11717 1312
11718 496
11743 10406
11743 17396
11743 24404
11744 16018
11758 16313
11758 17388
11767 1951
11767 4430
11767 5448
11767 6247
11767 6278
11767 8031
11767 9830
11767 9892
11767 10994
11767 13460
11767 13524
11767 14271
11767 16354
11767 17106
11767 17223
11767 17232
11767 17396
11767 17432
11767 17482
11767 18602
11767 19149
11767 20883
11767 22276
11786 9057
11786 16366
11787 13103
11798 3425
11806 13377
11819 2387
11819 9834
11819 12829
11819 13377
11819 14785
11819 17341
11819 17363
11840 9025
11840 15067
11840 24381
11861 11313
11861 13191
11881 12539
11881 13003
11890 7510
11908 5152
11948 15814
11967 496
11967 13684
11971 16914
12012 17529
12025 17041
12063 3292
12063 9025
12074 17210
12074 17345
12079 1313
12079 12668
12079 13364
12079 17430
12079 19915
12079 21699
12081 14806
12116 7682
12116 8808
12128 11916
12135 496
12135 642
12135 1530
12135 1934
12135 2158
12135 4440
12135 5324
12135 6874
12135 6917
12135 6923
12135 9275
12135 9853
12135 9978
12135 10994
12135 11378
12135 11936
12135 12079
12135 13524
12135 14387
12135 16313
12135 16412
12135 16921
12135 16956
12135 17145
12135 17202
12135 17344
12135 17356
12135 17388
12135 17407
12135 17418
12135 17432
12135 17461
12135 18602
12135 18764
12135 19149
12135 21137
12135 24409
12141 4982
12147 11767
12147 16195
12147 18602
12153 2194
12153 2467
12153 17405
12153 17425
12171 17675
12171 18917
12180 21927
12187 6278
12273 13305
12300 17118
12307 14500
12343 16970
12384 16705
12450 12665
12467 11657
12502 0
12539 213
12539 833
12539 2997
12539 9025
12539 14888
12539 16099
12539 19554
12539 20674
12539 24381
12539 24714
12600 9978
12658 17280
12658 20355
12665 11579
12665 12079
12665 15649
12665 16186
12665 17346
12665 18602
12668 6547
12668 10469
12668 14232
12668 18602
12670 5969
12694 9351
12694 15875
12712 1560
12712 6036
12712 13558
12712 17460
12734 3995
12734 10994
12734 11378
12734 15099
12734 16313
12734 17344
12734 17418
12734 19871
12763 13231
12764 5324
12789 17206
12789 17246
12868 215
12868 4343
12868 4551
12868 8996
12868 9025
12868 13786
12868 15755
12868 22208
12870 3570
12874 9022
12894 833
12894 3714
12894 4196
12894 4794
12894 10681
12894 12171
12894 16557
12894 17571
12896 878
12900 255
12900 1842
12900 4242
12900 6198
12900 9290
12900 14574
12900 14806
12900 15980
12900 16076
12900 17386
12900 18438
12900 21927
12900 23223
12900 24381
12900 24404
12910 8564
12910 11949
12910 14062
12910 16853
12910 24150
12967 16069
12999 6049
13003 814
13003 13772
13003 17358
13042 8935
13042 9025
13042 17232
13042 17435
13066 3725
13066 18602
13068 4035
13068 16069
13068 17223
13068 17357
13068 18602
13103 13869
13103 14785
13103 17357
13110 11758
13113 16496
13113 16557
13121 17194
13124 13754
13124 17466
13137 13305
13179 12900
13191 17253
13211 24722
13247 3621
13247 6047
13247 15971
13247 16122
13247 16208
13270 19730
13280 13492
13280 15521
13305 836
13305 1842
13305 4242
13305 6049
13305 12480
13305 13129
13305 13772
13305 14145
13305 14574
13305 15174
13305 15274
13305 16277
13305 16591
13305 17015
13305 17109
13305 17139
13305 17210
13305 17222
13305 17364
13305 17405
13305 17443
13305 17461
13305 17498
13305 17508
13305 17551
13305 17577
13305 18088
13305 21240
13305 22708
13305 24657
13337 9275
13343 3714
13348 1913
13348 24518
13379 11761
13379 16922
13379 17106
13379 17145
13379 17529
13379 22283
13392 17450
13404 14067
13406 17199
13460 16966
13476 5324
13492 14701
13492 17569
13492 21240
13502 5324
13502 15187
13502 23707
13518 17161
13553 130
13553 11469
13584 12789
13584 17493
13601 309
13601 9811
13601 16975
13637 12081
13639 287
13639 8600
13639 9019
13639 14888
13639 15229
13639 16018
13639 17206
13639 17462
13639 20817
13639 21886
13639 23360
13649 21240
13684 8031
13684 8097
13684 16557
13684 17139
13684 21240
13684 21927
13694 17457
13717 4406
13735 17204
13754 17481
13786 496
13786 21954
13786 24173
13792 252
13800 16557
13800 18547
13810 4217
13810 4393
13810 4572
13810 13812
13810 15702
13810 16492
13810 17521
13817 16195
13817 17675
13851 8314
13851 15905
13885 12450
13885 17066
13954 496
13954 934
13954 10620
13954 17499
13959 13166
13969 255
13969 2748
13969 5856
13969 6531
13969 10036
13969 11087
13969 14496
13969 17182
13969 23130
13969 24657
14058 540
14094 15845
14142 3943
14224 16613
14271 729
14271 1887
14271 6598
14271 17346
14271 20861
14293 1658
14293 3255
14293 11732
14293 14232
14293 17531
14295 176
14295 16613
14310 2387
14310 13141
14310 16313
14355 764
14355 9697
14355 15829
14355 17505
14370 2549
14370 6247
14370 13103
14370 17188
14387 496
14387 642
14387 5324
14387 9405
14387 17443
14401 16551
14406 15971
14406 16849
14414 115
14414 4829
14414 9025
14414 16018
14427 1560
14427 17545
14500 20883
14568 12135
14568 13750
14568 13969
14568 17106
14574 9933
14595 6136
14595 15980
14595 17405
14595 21927
14599 1018
14599 2491
14599 16366
14599 17357
14599 23707
14626 6247
14646 9842
14664 23707
14677 24195
14695 18602
14713 12539
14713 13786
14738 13669
14785 836
14806 248
14806 17443
14820 6009
14835 17508
14881 22283
14888 16570
14888 17376
14888 17559
14888 20242
14920 642
14920 4035
14920 4920
14920 5748
14920 17234
14920 18602
14948 726
14948 804
15056 230
15056 1951
15117 3725
15117 6036
15117 7258
15117 11948
15117 12849
15117 15814
15117 15971
15117 16127
15117 17395
15117 17396
15117 17418
15117 17450
15117 18602
15147 6136
15147 16610
15147 17551
15161 17341
15174 12829
15175 13348
15187 13772
15229 4242
15229 8232
15229 13305
15229 13786
15229 14806
15229 15406
15229 16557
15229 17429
15251 3714
15251 11861
15251 16018
15251 16570
15299 11840
15299 12081
15299 15174
15299 17464
15332 4035
15345 22466
15346 6923
15346 17418
15382 8232
15382 11698
15406 17462
15407 54
15488 16049
15498 24393
15542 5178
15610 4370
15660 1403
15660 9754
15660 11469
15698 6198
15698 22208
15738 22708
15748 17435
15758 4547
15758 5635
15758 10429
15758 14224
15758 17519
15758 17541
15764 13377
15814 1436
15814 1951
15814 3448
15814 6036
15814 10761
15814 11527
15814 13247
15814 13465
15814 13558
15814 14452
15814 16488
15814 17184
15814 17204
15814 17357
15814 17383
15814 17466
15814 17583
15814 24173
15826 3153
15826 5324
15826 12480
15826 13738
15826 14452
15826 15814
15856 9025
15904 10307
15905 4920
15963 17450
15971 496
15971 673
15971 701
15971 1313
15971 2463
15971 3559
15971 4343
15971 5178
15971 5550
15971 6247
15971 7955
15971 9082
15971 9957
15971 11743
15971 11758
15971 12450
15971 12903
15971 13750
15971 14583
15971 15760
15971 16183
15971 16313
15971 17184
15971 17188
15971 17192
15971 17236
15971 17243
15971 17378
15971 17383
15971 17390
15971 17413
15971 17517
15971 17545
15971 17554
15971 17557
15971 17564
15971 18034
15971 18602
15971 20883
15971 21927
15971 24226
15971 24404
15978 23991
15980 17508
16018 12063
16018 14888
16018 17365
16021 496
16038 16966
16049 16195
16049 17464
16067 5409
16069 4035
16069 4653
16069 16615
16069 16758
16085 14145
16085 15885
16085 16354
16085 17500
16085 17540
16091 16313
16095 7082
16117 16922
16122 17219
16122 17357
16153 8879
16175 11704
16186 12694
16186 17554
16195 18764
16195 20904
16208 17197
16208 17368
16228 19445
16243 4920
16243 7113
16243 17509
16268 13103
16336 7921
16336 13786
16336 14669
16336 17039
16348 20883
16352 24265
16366 6727
16366 12692
16366 17357
16366 18602
16392 10707
16396 9392
16398 1235
16409 7258
16412 17529
16436 14387
16456 14062
16485 5304
16492 18602
16525 1139
16525 14232
16525 17258
16534 17935
16548 701
16557 1658
16557 7097
16557 8808
16557 11720
16557 12539
16557 13869
16557 15067
16557 15387
16557 16613
16557 16684
16557 16720
16557 17291
16557 17364
16557 17376
16557 17495
16557 17551
16557 21927
16557 23348
16557 24385
16581 7258
16581 10526
16581 16313
16609 496
16609 5305
16609 15980
16613 496
16613 1934
16613 5477
16613 6049
16613 7412
16613 8808
16613 12829
16613 15274
16613 15427
16613 15980
16613 17457
16705 22598
16743 16810
16744 14098
16764 18619
16816 701
16850 18602
16856 16363
16884 13305
16895 16313
16895 17462
16914 1430
16914 2794
16914 3292
16914 5364
16914 5915
16914 9405
16914 11720
16914 12829
16914 13106
16914 13305
16914 13694
16914 14888
16914 15274
16914 15698
16914 16085
16914 16336
16914 16591
16914 16613
16914 16922
16914 17039
16914 17109
16914 17237
16914 17508
16914 17540
16919 7955
16921 17524
16932 18602
16945 17403
16946 8996
16954 10681
16960 5324
16960 17357
16960 18602
16966 17178
16966 17517
16972 491
16972 934
16972 4242
16972 14411
16972 16195
16972 17039
16972 17435
16972 17541
16972 17551
16972 18602
16972 18689
16973 5635
16987 16853
16987 17209
16987 17544
16987 23348
16992 17447
17004 19328
17014 213
17014 6666
17014 17026
17014 17358
17014 17471
17019 12999
17031 11525
17041 12367
17058 1319
17058 8667
17058 9365
17058 9906
17058 20999
17109 16607
17140 16557
17145 4920
17145 18602
17153 13042
17157 24121
17166 3255
17166 16038
17166 23348
17186 10036
17186 14820
17189 1015
17196 12121
17202 22276
17204 1397
17204 16928
17207 863
17208 2293
17224 5324
17225 40
17225 1133
17235 23707
17238 14232
17239 7759
17242 5324
17242 19149
17245 3415
17249 17232
17250 8277
17254 5324
17255 5324
17272 1547
17275 6598
17282 11507
17291 14145
17293 176
17293 934
17293 5477
17293 16975
17301 1139
17338 4664
17340 563
17342 4035
17344 2592
17358 496
17358 4595
17358 9351
17358 13465
17358 15875
17358 17381
17358 17473
17358 17544
17358 17560
17359 20893
17360 7387
17361 15576
17365 1967
17369 934
17372 8031
17377 14599
17380 16922
17381 17449
17381 21336
17383 18689
17385 17357
17387 18472
17393 13694
17394 17357
17399 17357
17400 17357
17403 9026
17403 16406
17404 11050
17407 18169
17416 21954
17417 21786
17421 24599
17427 3865
17427 16601
17427 23039
17435 18602
17438 705
17439 23523
17442 6284
17443 3335
17443 13738
17450 13348
17450 17453
17450 21772
17455 13632
17457 9312
17463 15350
17465 23348
17466 10406
17471 19915
17478 11010
17494 54
17494 4160
17494 7001
17494 7779
17494 8353
17494 19080
17494 23039
17494 23864
17496 17356
17501 1560
17505 16201
17522 269
17527 231
17528 4406
17536 10384
17545 23360
17546 17494
17570 4430
17579 13786
17581 17578
17583 9830
17591 6036
17591 17589
17592 17551
17675 4217
17675 4343
17675 4406
17675 7759
17675 14583
17675 18689
17675 21886
17729 1967
17742 4242
17742 4671
17830 12079
17830 20904
17840 3725
17840 4242
17840 6735
17840 9697
17950 16183
18005 10731
18056 9025
18169 4829
18169 17567
18401 16352
18414 15905
18424 17253
18449 830
18574 10173
18574 24173
18602 642
18602 2194
18602 8147
18602 9290
18602 9957
18602 13460
18602 17551
18602 18689
18619 642
18619 1934
18619 4430
18619 5324
18619 5614
18619 9025
18619 9290
18619 14232
18619 15649
18619 17105
18619 17223
18619 17381
18619 18602
18619 18689
18619 24579
18689 6098
18689 13247
18689 16449
18689 19149
18689 20883
18689 22217
18764 4952
18764 9082
18764 9842
18764 17461
18917 5409
18919 2497
19080 5892
19080 16922
19138 13524
19149 3425
19149 3627
19149 5324
19149 12394
19379 17486
19443 23991
19445 17357
19454 17109
19454 23235
19480 16018
19498 24404
19685 8314
19730 5915
19730 8808
19730 14414
19730 24381
19848 8935
19901 255
19901 2736
19901 3172
19901 3784
19901 4353
19901 4920
19901 5324
19901 6598
19901 9453
19901 9830
19901 12079
19901 13379
19901 15318
19901 15905
19901 16127
19901 17935
19915 213
19915 2134
19915 2748
19915 8935
19915 9025
19915 12450
19915 13750
19915 15649
20021 12181
20285 496
20285 17139
20387 1728
20387 10573
20387 17405
20424 15222
20512 7082
20638 3995
20638 11230
20638 16076
20638 17432
20676 2158
20676 13502
20676 14961
20757 13103
20783 18602
20808 14807
20817 2831
20817 5193
20817 9351
20817 9842
20817 10707
20817 14271
20817 15905
20817 17188
20817 17357
20817 22598
21110 1913
21240 8507
21240 8808
21240 10429
21240 12273
21240 12668
21240 17015
21240 24657
21336 287
21336 6247
21336 6666
21336 12079
21336 17237
21336 17244
21336 17430
21584 1996
21584 4982
21584 13406
21584 17192
21584 17199
21699 496
21699 642
21699 1538
21699 3448
21699 4595
21699 4829
21699 4982
21699 5324
21699 5387
21699 6666
21699 7082
21699 7285
21699 7514
21699 8935
21699 10707
21699 12153
21699 13389
21699 13406
21699 13639
21699 13735
21699 15702
21699 15856
21699 16095
21699 16354
21699 16922
21699 17026
21699 17192
21699 17197
21699 17223
21699 17224
21699 17254
21699 17413
21699 17418
21699 17425
21699 17473
21699 17524
21699 17578
21699 17675
21699 17935
21699 22217
21699 22466
21699 24173
21702 3292
21702 4430
21702 16183
21786 16208
21786 16581
21800 17237
21878 13141
21899 14301
21954 18602
21954 24173
22060 8935
22060 10761
22060 17106
22075 17237
22075 17256
22134 14820
22234 4406
22234 13717
22276 2387
22276 10994
22276 12135
22276 16412
22276 17866
22283 11761
22283 11819
22283 14271
22283 14496
22341 4572
22412 9978
22466 7921
22466 17257
22466 17489
22513 7784
22513 8601
22513 14414
22513 15649
22513 17258
22592 642
22598 8031
22598 14583
22708 13141
22906 12135
22906 17179
23144 14787
23144 17346
23235 7759
23235 12456
23235 13524
23235 16354
23235 17432
23235 20892
23348 14067
23348 16262
23348 17178
23348 17251
23348 17358
23348 24568
23360 9025
23535 17583
23707 13754
23707 16183
23822 17194
23912 13141
23921 23348
24108 17551
24128 4048
24133 17499
24133 19138
24133 23707
24150 15875
24191 17415
24206 13141
24206 13969
24206 24173
24225 8147
24226 7258
24226 9239
24226 9275
24226 13001
24226 13524
24226 14232
24226 14415
24226 17509
24226 17517
24226 17553
24226 23203
24250 215
24250 17577
24252 5324
24252 5801
24252 7258
24252 8102
24252 11378
24252 15918
24252 17254
24252 17357
24252 17449
24252 18689
24252 22283
24265 17251
24266 13754
24266 16457
24365 5178
24393 5324
24393 8659
24393 15856
24404 496
24404 13460
24404 14598
24404 15346
24404 16758
24404 17362
24404 17396
24442 9025
24442 14805
24460 496
24460 3244
24460 8808
24460 13492
24483 934
24518 503
24518 9978
24518 12426
24518 13231
24526 16990
24568 410
24568 496
24568 1951
24568 2238
24568 5324
24568 8208
24568 17443
24568 18169
24568 21786
24579 24555
24588 546
24588 1383
24588 12829
24588 14785
24591 12829
24657 4242
24702 4779
24702 17197
24707 4547
24707 4671
24707 9290
24707 16313
24707 17373
24710 17354
34 540
34 10566
212 12367
212 13631
213 5132
213 5992
213 8317
215 15288
215 17365
242 8102
242 17693
262 9672
263 12649
285 20892
287 13087
287 15702
320 198
320 503
320 1312
320 1582
320 1658
320 3627
320 5122
320 5261
320 5446
320 8232
320 9239
320 9275
320 9320
320 10307
320 10478
320 11929
320 12135
320 13460
320 13699
320 14192
320 15099
320 16744
320 16816
320 16880
320 17047
320 17090
320 17183
320 17502
320 17637
320 17659
320 17693
320 17746
320 17817
320 18602
320 20884
320 24518
344 13211
348 17618
364 13684
386 4242
401 5682
465 2202
466 1740
475 4920
495 11785
495 17358
495 17882
496 2592
496 9860
496 17479
502 2134
525 15136
525 17556
540 6480
556 12539
572 4196
572 8996
572 12326
572 13305
596 3652
596 13460
596 16116
596 16542
596 17709
596 17873
601 320
601 929
601 4849
601 5518
601 8600
601 8944
601 9239
601 13604
601 14406
601 17675
601 17678
601 18602
601 18619
613 3049
623 213
623 1139
623 1312
623 2158
623 5132
623 13150
623 16256
623 17259
623 17651
623 17666
623 17780
623 17858
640 22217
642 3882
642 6557
642 9305
642 11698
642 13460
642 17490
642 17658
642 17789
642 17816
644 320
644 1581
644 10756
644 19901
686 4121
687 17688
701 20
701 2202
701 6013
701 8600
701 9494
701 9957
701 11048
701 12016
701 15968
701 16620
701 16626
701 16993
701 17678
701 17702
701 17810
701 17813
701 17850
701 17890
701 17909
726 242
726 9140
726 11881
726 17361
726 17673
737 15156
776 10811
804 4242
804 9551
804 13524
830 7
830 280
830 8486
830 10573
830 17629
830 17780
833 1899
833 15450
857 2209
876 5516
876 5567
876 5805
876 6074
876 9733
876 10573
876 13106
876 14414
876 15299
876 17629
876 17691
876 17743
876 19454
876 21336
906 3652
906 8262
906 17841
929 344
929 1382
929 2158
929 5516
929 8944
929 12853
929 17600
934 6557
949 17780
1013 212
1013 320
1013 1913
1013 3705
1013 5105
1013 6557
1013 9126
1013 9239
1013 9453
1013 12243
1013 12734
1013 12829
1013 13524
1013 14599
1013 15123
1013 15156
1013 15870
1013 17575
1013 17597
1013 17633
1013 17634
1013 17644
1013 17647
1013 17651
1013 17817
1013 17841
1013 17871
1013 17873
1013 17893
1013 18449
1013 24342
1018 2130
1018 6557
1018 8232
1018 15387
1018 16313
1018 17731
1018 17831
1018 17841
1018 22536
1018 22708
1031 17586
1105 374
1105 1913
1105 2134
1105 2794
1105 8944
1105 9239
1105 16656
1105 16972
1105 17643
1105 17678
1105 17882
1105 18602
1105 19080
1105 23235
1133 17647
1137 4343
1137 5567
1137 16638
1137 23899
1221 2202
1221 11313
1230 7465
1286 2197
1286 19087
1296 1105
1312 6874
1312 12509
1312 17183
1312 17841
1346 2384
1346 7682
1354 17565
1403 14304
1411 17834
1430 255
1430 1013
1430 1382
1430 2387
1430 4355
1430 6666
1430 7851
1430 8321
1430 8852
1430 9022
1430 9177
1430 9239
1430 9830
1430 10756
1430 11725
1430 12326
1430 12690
1430 13524
1430 13639
1430 15099
1430 15123
1430 15702
1430 16626
1430 16764
1430 17370
1430 17600
1430 17615
1430 17633
1430 17634
1430 17640
1430 17651
1430 17663
1430 17717
1430 17777
1430 23235
1547 3921
1547 5682
1547 17014
1581 320
1581 9082
1581 12326
1581 18414
1582 8321
1582 17717
1632 929
1632 5305
1632 20396
1658 2018
1658 5805
1658 12668
1658 13518
1658 15702
1658 17637
1658 17807
1658 20396
1658 23235
1667 12829
1667 15188
1692 4991
1717 20638
1740 1658
1740 2794
1740 4624
1740 6917
1740 14224
1740 14266
1740 14488
1740 15136
1740 15406
1740 16613
1740 17109
1740 17212
1740 17487
1740 17646
1740 17826
1740 17839
1740 17853
1740 20429
1740 21240
1763 9239
1784 8421
1788 1800
1788 7082
1788 11342
1788 12079
1788 15156
1788 17789
1788 17885
1800 4982
1800 12079
1800 21699
1846 2831
1846 8657
1846 11698
1846 13379
1846 16388
1861 1382
1861 9733
1861 15288
1861 17630
1861 17678
1861 17778
1861 17819
1861 19080
1861 21336
1913 17670
1913 23125
1934 11767
1934 15099
1951 320
1951 9235
1951 9842
1951 9957
1951 12079
1951 14893
1951 14920
1951 15028
1951 15285
1951 15406
1951 15549
1951 16542
1951 17601
1951 17618
1951 17711
1951 17747
1951 17777
1951 17802
1951 17810
1951 17814
1951 17849
1951 17867
1951 17885
1951 22276
1951 22882
1951 24519
1976 11607
2018 8995
2018 9057
2018 13238
2018 17678
2086 11819
2086 19901
2099 12646
2134 2424
2134 3292
2134 5518
2134 7404
2134 10410
2134 13387
2134 13750
2134 14266
2134 15467
2134 17406
2134 17563
2134 17647
2134 17683
2134 17771
2134 17811
2134 17903
2158 1430
2158 9555
2158 15117
2158 15491
2158 17723
2158 21356
2194 4667
2194 12193
2197 2387
2197 5305
2197 5364
2197 7123
2197 8232
2197 8852
2197 11419
2197 11971
2197 12045
2197 12456
2197 15229
2197 15702
2197 16557
2197 17479
2197 17846
2197 17899
2197 20721
2197 21336
2197 21699
2197 24386
2238 15693
2355 16076
2361 3506
2384 7682
2384 13270
2384 17846
2387 1013
2387 4685
2387 5550
2387 7118
2387 11230
2387 12690
2387 12900
2387 13969
2387 17479
2387 17609
2387 17651
2387 17731
2387 17789
2387 17793
2387 17847
2387 17873
2387 17881
2411 20
2411 17595
2423 3035
2423 17139
2423 17485
2424 5946
2424 17771
2433 21356
2442 17833
2456 4430
2487 4794
2487 12829
2487 15229
2487 20721
2497 3607
2497 15870
2497 24181
2499 574
2499 2197
2499 17612
2549 16557
2549 22217
2581 17358
2592 1013
2592 13305
2592 13524
2592 15549
2592 15738
2592 17622
2592 17731
2592 17810
2592 17887
2592 18602
2592 23795
2592 24393
2622 13460
2629 9830
2629 20817
2659 17658
2713 17485
2736 3725
2736 4667
2736 6125
2794 13639
2872 1067
2962 5609
2962 6736
2962 9232
2962 17014
2997 320
2997 8450
2997 10574
2997 12665
2997 13846
2997 15156
2997 17731
2997 17806
3049 3607
3049 24386
3051 24379
3055 17406
3078 1951
3078 15188
3078 16542
3080 15299
3080 16557
3101 10047
3101 12025
3152 7410
3171 11087
3171 13211
3171 15450
3171 17108
3172 5516
3172 16388
3172 17859
3203 17556
3227 16121
3292 2018
3292 7261
3292 7888
3292 9957
3292 17358
3292 17816
3292 22807
3356 644
3425 15870
3425 16323
3433 8232
3433 17841
3433 24342
3439 12025
3519 3725
3519 17673
3519 18619
3570 5345
3570 17174
3607 13750
3607 18385
3627 12135
3704 9082
3705 17644
3714 7630
3725 1313
3725 12179
3725 15442
3725 16764
3725 18619
3814 17650
3824 7582
3824 13034
3824 17767
3843 6815
3843 14295
3865 8812
3921 15117
4121 3601
4121 12537
4121 13631
4126 20721
4158 6815
4242 2018
4242 4196
4242 9022
4242 12041
4242 12845
4242 12899
4242 13524
4242 13673
4242 15299
4242 15607
4242 17570
4242 17643
4242 17685
4242 17876
4255 6954
4255 12829
4255 16085
4255 17633
4271 5132
4271 10566
4280 630
4280 14301
4331 15387
4343 3607
4343 11967
4343 12874
4343 14192
4343 17914
4406 7680
4406 22217
4407 24062
4430 320
4440 320
4440 14920
4440 17776
4567 13377
4567 16620
4578 14415
4613 17358
4667 6497
4667 7778
4667 11087
4667 12868
4667 13066
4667 13810
4685 4694
4685 5550
4685 6182
4685 13460
4685 14452
4685 15117
4685 15442
4685 16050
4685 16993
4685 17608
4685 17611
4685 17856
4685 17881
4685 17893
4685 17902
4685 22882
4707 17778
4716 17894
4719 8450
4719 14568
4719 17779
4794 15332
4794 20396
4829 320
4829 2202
4829 4849
4829 7630
4829 9239
4829 12079
4829 17811
4849 11056
4920 644
4920 6247
4920 6589
4920 8600
4920 8852
4920 12326
4920 12690
4920 13460
4920 14301
4920 15702
4920 17358
4920 17778
4920 17790
4920 17851
4920 17857
4920 17888
4920 17913
4928 16613
4952 17682
5001 13524
5052 6850
5052 22283
5105 1576
5123 19915
5127 17129
5127 17659
5127 17858
5176 7940
5178 2629
5178 6247
5178 9022
5178 9239
5178 12326
5178 12626
5178 13851
5178 17631
5178 17717
5178 17823
5178 17834
5178 22882
5178 24226
5193 3591
5261 3882
5282 766
5310 4920
5310 6247
5310 11698
5311 11881
5311 12985
5311 14387
5312 320
5312 17659
5345 12539
5345 15606
5364 1934
5409 7082
5447 630
5456 1861
5477 14266
5519 13869
5519 16085
5523 320
5523 11691
5523 13639
5523 18602
5530 14805
5530 15450
5530 17778
5567 7478
5625 14325
5639 929
5639 1382
5639 2962
5639 3652
5639 6714
5639 11948
5639 17014
5645 642
5645 7367
5769 13969
5769 21927
5793 1018
5793 1031
5793 17586
5793 17831
5801 9842
5805 320
5805 3607
5805 4343
5805 5567
5805 6049
5805 20396
5819 12600
5887 14361
5946 9305
5946 15229
5946 17771
6009 364
6009 15427
6009 16816
6036 12869
6167 1382
6167 5550
6167 17683
6182 15296
6182 17611
6247 12690
6247 15315
6278 4683
6278 17750
6310 14304
6310 22283
6319 14279
6319 16542
6489 701
6497 15296
6505 15480
6547 18602
6557 6874
6557 8232
6557 12509
6557 12668
6557 13673
6557 14503
6557 15427
6557 16581
6557 16805
6557 16816
6557 17644
6557 17841
6557 17853
6557 17893
6589 320
6589 1922
6589 18574
6589 18602
6598 949
6598 1934
6598 13305
6598 13545
6598 17664
6598 17780
6598 24393
6607 17129
6660 320
6666 1800
6666 8102
6666 9082
6666 11378
6666 13553
6666 14201
6666 17683
6666 17778
6666 17806
6687 10121
6698 24435
6735 4370
6735 8232
6735 12045
6735 12649
6735 13750
6735 14891
6815 2053
6850 17734
6850 24480
6851 1887
6851 15688
6874 17606
6917 16294
6934 1013
6953 1383
6955 10253
6955 11040
6955 17673
6955 22807
6961 6968
6961 15406
6961 18602
7006 5625
7022 13305
7097 17593
7123 1139
7123 17106
7258 11717
7260 23235
7261 12834
7292 7940
7305 10573
7309 24226
7404 11318
7410 7387
7410 17278
7424 11786
7493 17688
7499 1613
7510 17822
7514 20
7514 320
7514 6124
7514 15369
7514 19080
7514 21927
7516 15299
7516 17743
7516 20721
7567 12975
7648 1312
7648 2187
7648 4667
7648 9082
7648 9239
7648 11929
7648 17678
7648 17846
7648 19154
7682 13211
7682 17479
7682 17556
7682 17811
7743 16816
7743 17663
7759 6036
7759 13818
7778 2736
7778 7888
7778 11698
7778 13553
7778 15971
7778 16457
7778 17674
7778 17894
7803 20512
7851 13851
7888 17778
8091 12829
8102 15406
8102 16711
8102 17551
8102 17901
8232 567
8232 1013
8232 5364
8232 6874
8232 7313
8232 9239
8232 9697
8232 10566
8232 12367
8232 12829
8232 14920
8232 15188
8232 15758
8232 17361
8232 17479
8232 17646
8232 17740
8232 18602
8232 21336
8232 21634
8232 24393
8252 34
8252 804
8256 17711
8321 19901
8403 4920
8403 6247
8403 7851
8403 10756
8403 13851
8421 546
8421 1393
8421 2018
8421 6124
8421 9957
8421 11342
8421 12179
8421 12325
8421 12903
8421 13750
8421 17406
8421 17784
8421 17901
8421 21702
8421 22603
8452 17778
8540 21
8600 7
8600 8852
8600 8944
8600 12016
8600 12326
8600 16965
8600 23535
8657 1667
8657 5132
8657 11698
8813 17799
8921 320
8935 320
8935 1013
8935 1296
8935 6124
8935 9082
8935 11929
8935 12367
8935 12734
8935 17612
8935 17799
8944 3921
8944 5801
8944 8031
8944 17712
8995 17265
8995 22513
8996 7
8996 15174
8996 17275
8996 17434
9005 17109
9025 1951
9025 2053
9025 5516
9025 7313
9025 13458
9025 13639
9025 16116
9025 16492
9025 16638
9025 16850
9025 17607
9025 17671
9025 23235
9027 12326
9030 3607
9030 19915
9057 7
9057 2962
9057 5105
9057 5801
9057 12326
9057 12868
9057 13066
9057 14888
9057 16690
9057 16847
9057 17129
9057 17600
9057 17630
9057 17743
9057 17746
9057 17819
9177 320
9177 5122
9177 12665
9177 14599
9177 15285
9177 15649
9177 17618
9177 17673
9177 17728
9177 17763
9177 17767
9238 2456
9238 7244
9239 44
9239 1139
9239 2361
9239 3607
9239 6247
9239 6917
9239 7261
9239 9543
9239 10307
9239 10777
9239 12690
9239 12900
9239 13969
9239 14370
9239 14406
9239 14469
9239 15099
9239 15156
9239 16816
9239 17039
9239 17406
9239 17726
9239 17776
9239 17779
9239 17823
9239 17841
9239 20889
9239 21110
9239 21927
9239 23235
9239 24393
9239 24404
9256 11657
9275 1312
9453 15117
9453 16816
9555 642
9555 6557
9555 10627
9584 1658
9584 17807
9600 17741
9600 17850
9677 16323
9713 1658
9713 4242
9713 20638
9713 23235
9733 1382
9733 17678
9798 6033
9798 8353
9798 11881
9830 12626
9842 10811
9842 16579
9842 17654
9842 24519
9893 4920
9893 16880
9957 320
9957 11881
9957 17624
9971 10410
10121 34
10121 3607
10121 4624
10144 19454
10168 16638
10173 22598
10307 5120
10307 13211
10410 3471
10410 7313
10410 7680
10410 10707
10410 16805
10410 17575
10410 17609
10410 17670
10410 17699
10410 17860
10410 17873
10429 9453
10429 17566
10469 7465
10469 13956
10469 14062
10469 24519
10544 623
10544 9957
10544 12964
10544 21872
10558 14835
10566 540
10566 2158
10566 12829
10566 15387
10566 17829
10648 701
10811 14920
10811 15702
10811 17129
10811 17731
10837 15826
10856 9239
10858 843
11040 15760
11055 4121
11055 5449
11056 1951
11056 5887
11056 17406
11056 17595
11056 17699
11056 17791
11056 24203
11087 16816
11087 19554
11098 642
11098 2497
11098 7012
11098 7717
11098 8110
11098 9754
11098 13608
11098 24460
11149 5523
11175 5677
11230 11819
11313 12539
11313 15573
11313 17864
11342 13042
11378 11607
11378 11819
11378 17675
11378 19379
11378 22283
11547 8091
11577 11078
11577 13334
11579 15387
11657 15099
11657 15607
11657 16690
11657 17804
11684 2209
11684 11881
11684 15123
11684 15156
11684 15442
11684 17618
11684 17822
11684 24246
11700 15771
11715 17359
11725 320
11725 6557
11725 9022
11758 17670
11758 17808
11767 6954
11767 15099
11767 15702
11767 17651
11767 22598
11819 2499
11819 10410
11819 13969
11819 14095
11819 17609
11840 6811
11840 10047
11848 17580
11861 17599
11865 14920
11890 13066
11890 17661
11910 4340
11967 6589
11967 17734
11967 22513
11971 14387
12016 1209
12016 17707
12016 18689
12025 320
12025 16880
12045 19915
12079 10410
12079 17799
12079 18472
12081 5805
12135 1913
12135 2831
12135 4920
12135 5523
12135 7465
12135 11881
12135 14370
12135 14581
12135 14920
12135 16116
12135 16805
12135 16850
12135 17731
12135 18449
12135 19154
12135 19426
12135 23235
12135 24342
12141 2456
12153 21336
12189 12945
12243 15758
12245 9305
12294 320
12322 18602
12343 17697
12367 12734
12367 13524
12367 14599
12367 17259
12367 17799
12367 24342
12374 13034
12456 13553
12509 13524
12509 16581
12519 642
12519 15099
12519 17690
12519 18449
12538 11819
12539 10719
12539 13238
12539 14387
12539 14414
12587 17721
12600 23235
12600 23795
12665 6589
12665 13750
12665 17066
12665 17806
12665 21634
12668 320
12668 9239
12668 16850
12668 17806
12670 12829
12670 17039
12677 17108
12682 4653
12712 13553
12712 15332
12712 16186
12712 17686
12734 5105
12734 13524
12734 16805
12734 17633
12734 17831
12734 17871
12734 24342
12812 8232
12829 13379
12834 9239
12834 15406
12861 2053
12861 16914
12868 17744
12868 17778
12868 21336
12874 4920
12894 6687
12894 9305
12894 16256
12900 6480
12900 12079
12900 12834
12900 17039
12900 17651
12900 17680
12900 17899
12900 21192
12900 21699
12903 17358
12907 17718
12910 8525
12910 16456
12910 17650
12910 17654
12960 15693
12964 9957
12964 17647
13003 2134
13003 3882
13003 5414
13003 13750
13003 15332
13003 17596
13003 17601
13003 17687
13027 10858
13027 14840
13027 17795
13034 213
13034 3301
13034 5132
13034 16850
13034 17767
13065 15702
13065 17609
13065 17612
13065 23235
13068 1141
13107 22882
13110 2997
13119 11698
13124 17802
13124 17806
13150 18602
13211 9256
13212 21876
13270 14636
13280 13305
13305 2794
13305 3882
13305 4624
13305 6917
13305 8450
13305 8507
13305 10725
13305 11056
13305 11971
13305 12829
13305 13518
13305 14325
13305 14488
13305 15136
13305 15607
13305 15738
13305 15771
13305 16613
13305 16690
13305 17479
13305 17607
13305 17623
13305 17625
13305 17643
13305 17699
13305 17715
13305 17725
13305 17772
13305 17776
13305 17779
13305 17789
13305 17829
13305 17898
13305 24265
13334 24508
13337 20884
13343 14387
13343 17265
13343 17703
13370 6961
13370 17728
13377 5052
13379 11230
13392 17435
13470 24460
13492 24393
13518 22283
13584 11579
13584 17370
13631 19685
13631 20259
13631 20817
13639 601
13639 2018
13639 2361
13639 5516
13639 9082
13639 11872
13639 12868
13639 13212
13639 17778
13639 17804
13639 17857
13639 18602
13684 5600
13684 7921
13684 9256
13684 13305
13684 14207
13684 17610
13684 19454
13717 15450
13717 17675
13723 1934
13723 2091
13723 17479
13723 17693
13723 17726
13786 8939
13786 14583
13885 17197
13889 9239
13889 12834
13969 2361
13969 10725
13969 11048
13969 13518
13969 14095
13969 17108
13969 17664
13969 17675
13969 17676
13969 17678
13969 17839
13969 21927
14062 935
14062 16050
14098 17607
14219 3152
14219 7410
14219 17278
14232 6124
14232 17697
14232 23795
14271 17821
14271 17829
14271 23795
14279 17758
14293 14414
14293 16638
14295 4928
14295 6815
14387 5518
14387 15480
14387 17406
14387 17703
14387 19454
14414 280
14414 12572
14414 13211
14414 13458
14463 22882
14469 12834
14469 15450
14500 6278
14500 11522
14500 14370
14529 16388
14550 8944
14568 7465
14574 17779
14581 18602
14595 13305
14595 15082
14595 17109
14599 496
14599 18602
14599 22276
14694 19178
14738 8232
14738 16816
14806 16690
14815 17819
14881 10627
14888 853
14888 7680
14920 1913
14920 9957
14920 10756
14920 17014
14920 17731
14920 17867
14920 23795
14926 8525
15117 7244
15117 17721
15145 213
15147 13305
15147 15028
15147 17625
15175 2355
15175 7547
15183 17041
15229 13027
15229 16914
15229 17825
15229 24386
15251 17806
15278 1067
15282 16183
15282 17711
15282 17713
15299 11569
15299 16557
15299 17109
15299 17607
15299 22217
15367 5660
15406 7921
15406 8634
15406 15702
15406 18602
15411 16989
15444 2091
15444 17696
15447 17819
15450 6666
15450 14806
15450 17778
15467 17358
15480 18698
15488 6917
15494 17713
15610 17593
15648 5992
15648 8935
15648 17575
15648 23235
15693 10707
15693 11785
15693 22882
15698 959
15738 7888
15738 13553
15738 17654
15738 18602
15758 1934
15758 10566
15758 15768
15758 16313
15758 17600
15758 17690
15758 18602
15814 11048
15814 12903
15814 16542
15814 16780
15814 17618
15814 17716
15814 17806
15814 17814
15814 17885
15814 21702
15826 17469
15826 17685
15841 18634
15904 9026
15904 10646
15904 14318
15904 24721
15968 17358
15971 320
15971 1913
15971 2456
15971 6036
15971 9140
15971 9239
15971 11040
15971 12874
15971 15549
15971 15814
15971 16076
15971 16457
15971 16646
15971 16816
15971 16849
15971 17361
15971 17616
15971 17679
15971 17683
15971 17703
15971 17833
15971 17849
15971 17856
15971 21702
15971 23203
15978 19426
16018 15299
16018 16965
16018 17631
16018 21336
16069 1601
16069 2997
16069 11724
16076 242
16076 17685
16076 17767
16085 17699
16186 3765
16186 10121
16186 17665
16186 22592
16243 3292
16243 14387
16323 9305
16336 17643
16377 19080
16388 13379
16492 10679
16492 16656
16525 34
16525 14249
16557 1221
16557 2349
16557 3607
16557 6811
16557 7118
16557 13786
16557 14891
16557 17039
16557 17531
16557 17776
16557 17786
16557 17826
16557 20396
16557 20429
16557 22208
16557 23235
16557 24492
16579 14920
16581 1312
16581 8232
16613 1763
16613 13524
16613 14266
16613 16684
16613 17777
16613 17796
16613 17911
16690 21240
16722 7244
16722 17821
16744 12845
16744 15299
16776 23795
16816 16363
16859 6917
16859 14224
16859 15299
16859 21699
16884 15738
16914 1100
16914 3152
16914 9697
16914 16121
16914 17108
16914 20721
16914 24385
16966 9320
16966 17258
16972 4685
16972 12734
16972 13969
16972 14669
16972 15442
16972 17586
16972 17643
16972 17651
16972 17666
16972 17731
16972 17893
16972 23235
16972 24342
16987 17490
16999 14583
17014 929
17014 1913
17039 1100
17108 7797
17108 11048
17108 12834
17108 13684
17108 15450
17108 17676
17108 17853
17108 17860
17108 24393
17151 17740
17166 14062
17166 16457
17166 17670
17231 17671
17290 213
17290 5132
17291 12041
17299 1934
17301 21927
17333 18602
17338 9239
17358 34
17358 1921
17358 4047
17358 4121
17358 6714
17358 7759
17358 9140
17358 9957
17358 10226
17358 10707
17358 12079
17358 13212
17358 13735
17358 14452
17358 14840
17358 14893
17358 16737
17358 17129
17358 17551
17358 17591
17358 17682
17358 17728
17358 17741
17358 17754
17358 17769
17358 17778
17358 17780
17358 17792
17358 17814
17358 17833
17358 17834
17358 17844
17358 17867
17358 17884
17358 18602
17358 21336
17358 22882
17394 67
17414 5132
17417 6975
17424 9842
17463 6589
17463 12079
17487 9664
17487 10594
17549 6607
17551 16690
17579 17813
17591 255
17591 13465
17591 15649
17591 17655
17591 17775
17591 22598
17606 17446
17617 4355
17620 10121
17620 12135
17630 8939
17635 4685
17636 540
17637 21876
17638 934
17638 1018
17638 3843
17638 15414
17649 610
17651 17666
17651 22283
17651 24588
17656 15427
17662 17683
17671 320
17671 7118
17671 9022
17671 12079
17671 17826
17673 18619
17675 701
17675 7082
17675 7554
17675 10410
17675 13786
17675 14888
17678 16707
17689 1141
17694 320
17700 8935
17703 12079
17703 14902
17703 17799
17706 17789
17706 23707
17708 17693
17716 19901
17718 24518
17733 2239
17737 12615
17742 18602
17748 17750
17752 3301
17756 17754
17760 24445
17766 601
17773 320
17778 348
17778 1658
17778 1899
17778 10047
17778 20817
17778 21336
17779 17772
17779 21878
17781 14920
17782 22559
17783 320
17789 23707
17790 14301
17793 16775
17795 20883
17798 4540
17803 12179
17806 18602
17813 14603
17827 13558
17829 17678
17829 23235
17838 11369
17838 17157
17848 18602
17852 11378
17854 17556
17855 1740
17862 17428
17875 14064
17878 2194
17888 5178
17888 16705
17889 7850
17907 17159
17914 17678
17972 12052
18414 20259
18414 20817
18418 10467
18449 13524
18574 644
18574 2158
18574 8403
18574 10756
18574 20817
18602 4794
18602 7888
18602 9453
18602 10627
18602 11881
18602 16085
18602 17653
18602 17654
18602 17699
18602 17792
18602 18764
18602 24519
18619 2091
18619 6714
18619 9957
18619 14920
18619 15369
18619 15760
18619 17388
18619 17575
18619 17731
18619 17803
18619 17806
18619 23235
18917 642
18917 9305
19080 766
19080 1507
19080 2018
19080 12539
19080 15288
19080 17406
19080 17678
19213 2100
19328 4343
19328 16018
19355 5519
19355 5677
19355 24657
19554 1139
19554 3171
19554 6954
19554 15082
19554 17139
19730 17673
19871 546
19871 17633
19900 17792
19901 929
19901 1296
19901 2629
19901 3356
19901 3403
19901 5178
19901 8852
19901 9957
19901 12326
19901 13087
19901 14583
19901 16850
19901 16965
19901 17677
19901 17890
19901 22598
19901 23235
19915 929
19915 3607
19915 3714
19915 4819
19915 5518
19915 6954
20021 17807
20242 7367
20285 9555
20387 2018
20567 4920
20638 6968
20638 17651
20676 546
20676 6589
20676 11342
20676 18602
20676 22276
20721 1100
20817 1581
20817 3356
20817 6247
20817 7851
20817 8403
20817 10756
20817 12326
20817 12690
20817 13851
20817 14406
20817 14583
20817 15288
20817 16999
20817 17857
20817 20259
20817 24342
20883 9957
20883 17882
20884 24226
21233 13524
21233 17659
21240 12834
21240 17646
21240 17800
21336 320
21336 9830
21336 15775
21336 16638
21336 16816
21336 17265
21336 17531
21336 23235
21356 10253
21356 12326
21356 14815
21584 4667
21699 929
21699 1913
21699 2362
21699 5261
21699 6125
21699 14636
21699 14694
21699 16457
21699 16747
21699 17011
21699 17109
21699 17166
21699 17688
21699 17789
21699 17806
21699 17833
21699 17894
21702 5178
21702 8944
21702 13465
21702 17499
21702 17685
21702 17709
21702 18602
21786 320
21786 3398
21786 8232
21786 13524
21786 17129
21786 17679
21786 17717
21786 17777
21786 17789
21786 21020
21786 22882
21800 572
21800 4242
21800 12845
21876 16579
21878 3433
21878 5105
21878 10811
21878 17841
21929 9177
21954 7082
21954 17675
22134 1763
22214 14279
22214 17532
22217 5567
22217 6811
22217 11840
22276 5105
22276 10811
22276 13377
22276 16620
22276 17775
22283 6124
22283 14304
22283 15702
22283 17731
22315 14853
22412 701
22412 14249
22412 16897
22466 15163
22513 8317
22513 17661
22513 17734
22513 17775
22513 20396
22536 17090
22536 17663
22598 320
22598 8321
22598 9453
22598 9830
22598 12626
22598 15702
22598 17793
22598 23235
22708 1096
22708 7082
22708 14387
22882 4694
22882 17901
22882 17905
23085 21336
23109 14415
23235 212
23235 2387
23235 6589
23235 7888
23235 9830
23235 11342
23235 13545
23235 14249
23235 16246
23235 17778
23235 18602
23235 23795
23235 24519
23320 9239
23320 17651
23348 320
23348 14920
23348 17789
23348 17808
23348 17877
23535 7
23707 13465
23795 10047
23795 13184
23933 17565
24088 7478
24088 17521
24132 13095
24133 1913
24133 3652
24156 18602
24224 17741
24226 320
24226 929
24226 13212
24226 14192
24226 17361
24226 17728
24226 20567
24252 1296
24252 1913
24252 2831
24252 3882
24252 17643
24266 502
24322 5769
24322 21927
24365 13851
24365 16999
24393 1013
24393 1913
24393 9256
24393 13379
24393 14891
24393 17593
24393 17664
24393 17740
24393 17887
24393 18449
24404 320
24404 5523
24404 14406
24404 21786
24409 14853
24460 15688
24472 24657
24480 21336
24518 6589
24518 8256
24518 18602
24568 9789
24568 15693
24579 8921
24588 11230
24588 15702
24608 15332
24657 15156
24707 17789
20 21786
34 12644
34 14920
34 17867
34 20904
44 4154
50 15556
90 20783
97 876
125 194
125 10566
141 2831
155 17545
213 4667
213 12315
213 20817
215 13458
260 15648
260 17417
287 1934
320 2043
320 5120
320 9238
320 9524
320 12253
320 13124
320 14359
320 17991
320 18097
320 18158
320 23235
344 17678
348 17908
374 18110
376 12573
386 12829
386 15676
386 17573
394 833
401 11378
401 13717
401 18080
401 22234
402 11194
406 1846
463 8421
465 6548
465 9239
495 10707
495 13440
495 15165
496 1018
525 17039
525 18179
560 503
560 12123
572 287
596 11527
596 11929
596 17107
596 17905
596 18143
596 18208
597 2997
600 11149
601 1430
601 9057
601 17967
601 21058
606 16613
623 642
623 3301
623 5120
623 9957
623 11877
623 18179
623 24660
630 9046
633 12037
642 276
642 701
642 866
642 1116
642 2134
642 2487
642 4120
642 6009
642 6285
642 6836
642 7759
642 8310
642 10811
642 11877
642 12093
642 13141
642 13465
642 13800
642 15971
642 16839
642 17514
642 17572
642 17621
642 17937
642 17968
642 17978
642 17994
642 18015
642 18034
642 18054
642 18086
642 18133
642 18134
642 18143
642 18189
642 18209
642 22911
642 24259
644 172
644 4185
674 5639
674 8102
686 5447
701 2113
701 6937
701 9025
701 9542
701 9608
701 10469
701 11176
701 13465
701 13584
701 14986
701 15007
701 15117
701 16615
701 17100
701 17920
701 17956
701 18022
701 18095
701 18110
701 18158
701 18193
701 23348
701 24409
726 21699
728 2384
728 5855
776 934
810 1237
810 2609
810 6095
810 7130
810 8996
810 12572
810 16900
810 19432
833 13458
866 12025
866 17931
876 2384
876 13270
876 15410
934 4331
934 10168
943 12665
986 14822
996 15649
1013 125
1013 1015
1013 12093
1013 13800
1013 14408
1013 15099
1013 15394
1013 15967
1013 17842
1013 17911
1013 17957
1013 18102
1015 15758
1018 1296
1018 2997
1018 13212
1018 17485
1018 18602
1105 1383
1105 1807
1105 7516
1105 8598
1105 9026
1105 9957
1105 10566
1105 11934
1105 12037
1105 12900
1105 13034
1105 13068
1105 13211
1105 13212
1105 13368
1105 14255
1105 16256
1105 16895
1105 17039
1105 17594
1105 17669
1105 17839
1105 17873
1105 17970
1105 18026
1105 18027
1105 18107
1105 18166
1105 18172
1105 18177
1105 18223
1105 23707
1105 23933
1116 6036
1116 6047
1116 12345
1116 12665
1116 16208
1116 17197
1116 17549
1116 17868
1116 17873
1116 17954
1116 17976
1116 18140
1116 18149
1116 19428
1137 830
1137 833
1137 8835
1137 12533
1137 13458
1137 15606
1137 17786
1137 17788
1137 17923
1137 17970
1139 24404
1141 1658
1141 5346
1141 18602
1148 11342
1158 20907
1197 13034
1215 18158
1221 11406
1221 17675
1221 17984
1221 18131
1230 1951
1235 1895
1235 16069
1244 9494
1244 15006
1244 17845
1260 14519
1312 1632
1312 5120
1312 6953
1312 8657
1312 11149
1312 13544
1312 15935
1312 16014
1312 17937
1312 18205
1312 21878
1312 24409
1318 14227
1333 17351
1380 7760
1382 19059
1383 15229
1393 16839
1393 18033
1393 18034
1393 18129
1403 16737
1403 18090
1430 34
1430 3051
1430 4121
1430 6104
1430 6285
1430 7759
1430 8403
1430 8600
1430 9842
1430 10811
1430 11055
1430 12257
1430 12664
1430 12819
1430 13212
1430 13553
1430 14983
1430 15117
1430 15971
1430 16037
1430 17417
1430 17594
1430 17888
1430 17919
1430 17937
1430 18014
1430 18023
1430 18213
1430 24206
1430 24660
1520 5364
1520 17945
1520 18077
1532 12900
1538 17919
1538 18006
1538 18129
1581 6104
1581 17888
1632 2592
1632 13255
1632 16037
1639 1430
1639 14781
1639 16022
1654 15429
1658 6009
1658 10858
1658 13786
1658 16085
1658 18210
1658 24393
1667 2018
1667 12465
1667 18210
1740 833
1740 5892
1740 7478
1740 15299
1740 17981
1740 18168
1741 3141
1741 6417
1741 7082
1741 16410
1741 17904
1741 18215
1741 18221
1741 18226
1788 16682
1788 17417
1788 18103
1788 18218
1807 17100
1846 633
1846 2197
1846 2823
1846 6589
1846 7760
1846 8634
1846 9542
1846 12566
1846 17572
1861 7
1878 14325
1934 12367
1951 1807
1951 4913
1951 5232
1951 6047
1951 8197
1951 8352
1951 9312
1951 9959
1951 12123
1951 12360
1951 12665
1951 13750
1951 15429
1951 15672
1951 17103
1951 17822
1951 17839
1951 17986
1951 17988
1951 18077
1951 18090
1951 18104
1951 18154
1951 18213
1951 18222
1951 20673
2018 1105
2018 6017
2018 13181
2018 20108
2099 7960
2099 12889
2099 14986
2104 17417
2134 2158
2134 2388
2134 4624
2134 7082
2134 7760
2134 11662
2134 14483
2134 15406
2134 16802
2134 17919
2134 17964
2134 17982
2134 17990
2134 18011
2134 18201
2158 6557
2158 6961
2158 17351
2194 276
2194 5120
2197 2920
2197 4667
2197 9834
2197 12037
2197 12566
2197 13639
2197 15738
2197 16388
2197 16976
2197 17786
2197 17839
2197 18041
2197 18086
2197 22283
2238 18006
2329 22598
2353 17217
2361 12566
2361 16764
2361 17850
2361 18134
2361 18226
2361 18229
2384 12315
2384 16619
2384 16856
2387 633
2387 1951
2387 2633
2387 2823
2387 11971
2387 17417
2387 17786
2387 17945
2387 17949
2411 7759
2411 12665
2411 12789
2411 13553
2411 17090
2411 18211
2411 23933
2411 24393
2413 6047
2413 6505
2413 14387
2413 18189
2423 12582
2423 15136
2423 17939
2423 18009
2423 18157
2423 18171
2424 13738
2424 14483
2424 17982
2442 18055
2442 18152
2455 12223
2487 3072
2487 6417
2487 13141
2487 15594
2487 17786
2487 18137
2487 24170
2497 1667
2497 4120
2497 4343
2497 6499
2497 7760
2497 9539
2497 10858
2497 12315
2497 14710
2497 15010
2497 18134
2497 18164
2499 17945
2549 23795
2592 8310
2592 9239
2592 11929
2592 13544
2592 18033
2592 18940
2592 22911
2599 13747
2619 16363
2622 7082
2622 17845
2629 9046
2736 13011
2736 17926
2763 12770
2872 4779
2872 15875
2872 18133
2920 6735
2947 10410
2962 6497
2962 17908
2997 2264
2997 3835
2997 4667
2997 6047
2997 12834
2997 14710
2997 17983
2997 18206
2997 19454
2997 20904
3049 2361
3049 2388
3049 9542
3049 17964
3049 18134
3051 10173
3078 17068
3101 14792
3168 18602
3172 662
3172 2823
3172 9834
3172 14781
3172 15702
3172 15795
3172 15960
3172 17713
3172 17945
3172 17987
3172 17991
3172 18124
3172 18178
3172 19554
3203 5364
3203 9025
3203 18157
3256 19059
3256 21954
3292 20
3292 4829
3292 11056
3292 13553
3292 17417
3292 17647
3292 20907
3425 5801
3425 12566
3433 7666
3506 9140
3506 18149
3528 17919
3528 18149
3627 11725
3705 16892
3725 18940
3733 1018
3757 17107
3757 23933
3760 15887
3825 9842
3835 15971
3950 3986
3950 18100
3986 5509
3986 7923
3986 14719
3986 14983
3986 16850
3986 23203
4015 15406
4121 630
4121 4920
4121 5447
4121 8403
4121 13553
4121 15702
4121 18178
4121 19901
4121 22598
4121 23795
4158 1951
4158 17855
4158 18046
4187 1878
4196 12174
4242 4567
4242 6917
4242 9239
4242 13639
4242 17551
4242 17981
4242 23933
4255 11767
4255 17103
4280 9046
4331 2134
4331 7410
4331 8996
4331 13969
4331 17417
4331 18602
4343 320
4343 4920
4343 7888
4343 13034
4343 13553
4343 15429
4343 15450
4343 16034
4343 18066
4343 24442
4355 12367
4355 16613
4407 18175
4407 24296
4440 5801
4440 9238
4440 11725
4440 12367
4440 17417
4547 17358
4567 642
4567 2387
4567 2633
4567 12829
4567 16014
4567 16021
4567 19554
4578 13553
4624 5801
4624 18689
4667 19554
4667 20907
4667 21699
4685 5232
4685 11510
4685 13046
4685 14792
4685 16737
4685 17937
4685 17994
4685 18119
4685 18203
4685 23348
4701 13860
4719 18091
4795 15676
4816 24265
4829 5801
4829 12123
4829 12960
4829 17839
4913 18276
4920 4185
4920 5447
4920 9842
4920 11055
4920 12573
4920 12771
4920 14232
4920 14550
4920 15117
4920 17417
4920 18031
4920 18198
4920 18213
4920 23235
4920 23795
4920 24061
4920 24206
4928 17987
4928 18100
5093 17301
5105 11579
5105 15648
5127 9892
5132 5408
5152 12315
5152 15450
5178 172
5178 630
5178 701
5178 4121
5178 4920
5178 5193
5178 8600
5178 9453
5193 172
5203 7682
5261 11929
5261 12889
5261 13399
5261 15010
5261 18120
5261 23235
5261 24183
5282 876
5311 642
5311 701
5311 5539
5311 12665
5311 13885
5311 16034
5311 18066
5311 18215
5345 1116
5345 5544
5345 6850
5345 12236
5345 16856
5346 1878
5346 18056
5346 19170
5364 13553
5408 11562
5408 12665
5408 13901
5408 15102
5408 15545
5408 17028
5408 17440
5409 7481
5409 8497
5409 9542
5409 20673
5446 23235
5448 6236
5477 10331
5485 20673
5509 17945
5509 24033
5519 194
5519 662
5519 804
5519 6087
5519 8403
5519 12829
5519 15117
5519 22911
5625 18602
5639 8102
5639 12465
5639 16524
5645 11934
5660 12537
5660 16476
5660 17788
5660 17962
5660 17965
5660 18151
5660 18158
5667 15714
5677 642
5677 2361
5677 13034
5762 6735
5762 9239
5769 17942
5769 18030
5801 20673
5892 17984
5892 18041
5946 642
5946 1228
5946 3835
5946 11056
5946 12829
5946 15594
5946 15971
6009 7921
6009 13875
6009 18619
6047 21
6047 10707
6047 12123
6047 16728
6049 10133
6049 13492
6049 16856
6049 18045
6049 19554
6095 18080
6104 19901
6104 24206
6124 9312
6124 11877
6124 16453
6124 18698
6124 22276
6167 17997
6236 18119
6247 320
6247 12402
6278 2083
6278 18114
6278 18180
6310 633
6310 6278
6310 11949
6310 12037
6319 9959
6319 17917
6319 18156
6417 17417
6485 15407
6485 21699
6485 24039
6497 14683
6497 17809
6497 18057
6505 1996
6528 8531
6528 14227
6557 6836
6557 7313
6557 8102
6557 9239
6557 10811
6557 13212
6557 13800
6557 14988
6557 15099
6557 15387
6557 15718
6557 16694
6557 17139
6557 17956
6557 18036
6557 18602
6557 20285
6557 24707
6589 9542
6598 18178
6666 11510
6666 12041
6666 12123
6666 12537
6666 13735
6687 4121
6687 12314
6687 12315
6687 13270
6687 13553
6687 17778
6687 18064
6687 18134
6687 18201
6687 24555
6714 4154
6735 642
6735 1934
6735 2413
6735 9239
6735 12790
6735 12829
6735 13969
6735 16773
6735 17839
6735 18041
6735 18181
6850 2361
6850 8102
6850 11967
6850 16557
6850 18134
6850 23235
6851 118
6851 1230
6851 14920
6851 18428
6869 6735
6869 24568
6917 14325
6953 12367
6955 24286
6961 8305
6961 13584
6961 17845
7081 9275
7081 18120
7082 14387
7152 1221
7154 2048
7154 19355
7186 14710
7186 18077
7305 6485
7351 13553
7354 662
7367 6049
7367 12315
7410 496
7410 17911
7410 18112
7410 18146
7424 3418
7507 8634
7516 5805
7516 6662
7516 13747
7516 15606
7516 18071
7516 18177
7601 17100
7648 7923
7648 9542
7648 11934
7648 12790
7648 13181
7648 13368
7648 19554
7657 12964
7682 21800
7740 5325
7740 8996
7743 17417
7759 6047
7759 12025
7759 13584
7759 14710
7759 14792
7759 15676
7759 17964
7759 18003
7759 18062
7759 18073
7759 18211
7760 13553
7764 17671
7778 642
7778 4547
7778 7430
7778 8403
7778 12465
7792 8935
7888 12853
7888 15755
8005 13553
8005 16256
8005 17713
8102 15153
8102 18012
8166 13553
8186 17829
8232 1312
8232 13212
8232 18159
8247 16557
8252 3463
8252 23933
8262 24451
8297 17778
8305 4120
8305 17675
8305 18041
8403 14232
8403 17888
8421 2134
8421 5892
8421 9239
8421 16615
8421 17647
8421 17674
8421 17919
8421 17967
8421 18039
8421 18164
8421 18385
8452 15971
8497 4120
8497 8634
8531 12665
8564 12668
8600 12853
8600 15755
8657 4120
8732 11767
8813 9494
8813 15006
8821 8996
8921 5346
8921 11881
8921 17991
8921 18030
8935 633
8935 11342
8935 11971
8935 17786
8935 18012
8935 18120
8988 9083
8996 13639
8996 13954
9005 18171
9016 20897
9025 2384
9025 8598
9025 9239
9025 10469
9025 12079
9025 12315
9025 12665
9025 12829
9025 13003
9025 13584
9025 15450
9025 15606
9025 17836
9025 17945
9025 17970
9025 18036
9025 18041
9025 18089
9025 18113
9030 15431
9057 630
9057 4920
9057 5530
9057 9812
9057 11967
9057 12537
9057 12543
9057 13458
9057 13465
9057 15211
9057 17103
9057 17417
9057 17675
9057 17829
9057 17868
9057 17924
9057 17965
9057 18105
9057 18211
9057 18619
9057 21699
9061 597
9157 8657
9157 18031
9177 4350
9177 7481
9177 8197
9177 8858
9177 9494
9177 9858
9177 15006
9177 18100
9177 18120
9177 23795
9232 9226
9238 1807
9238 11342
9238 12665
9238 13754
9238 15033
9238 15561
9238 17417
9238 17986
9239 1951
9239 2997
9239 4920
9239 9405
9239 10811
9239 15967
9239 16014
9239 17055
9239 17965
9239 18156
9239 18210
9275 6961
9275 9842
9275 11684
9275 12253
9275 13584
9275 14359
9275 15978
9275 18030
9275 18156
9275 18602
9275 24707
9320 8564
9398 13553
9453 17472
9494 642
9494 1312
9494 17868
9524 10292
9524 22276
9542 13553
9542 16226
9553 6285
9553 11971
9553 12537
9553 15361
9553 15980
9553 18092
9553 24033
9679 1951
9679 17909
9682 10356
9713 13270
9798 2671
9798 11698
9798 17904
9827 16999
9842 630
9842 9494
9842 11971
9842 14232
9842 14359
9842 14920
9842 18156
9842 21699
9842 24660
9842 24707
9920 15483
9957 15117
9957 17868
9957 17925
10012 6247
10012 22598
10133 4928
10168 17995
10273 12063
10279 22911
10292 17145
10292 22911
10307 19554
10356 12566
10356 15594
10410 2732
10410 7666
10410 7728
10410 13255
10410 13524
10410 13553
10410 17103
10410 17945
10429 2194
10429 12315
10469 6124
10469 23348
10558 18209
10566 80
10566 804
10566 1296
10566 3468
10566 5801
10566 7410
10566 11579
10566 12734
10566 17911
10566 18057
10566 18100
10566 19554
10566 20673
10566 21876
10648 17890
10688 17675
10718 630
10718 17417
10718 22276
10767 17879
10811 7666
10811 10092
10811 11725
10811 13212
10811 15758
10811 16476
10811 16598
10811 16764
10811 17137
10811 17549
10811 17957
10811 18093
11055 17888
11056 7283
11230 6278
11313 16856
11378 6095
11378 9092
11378 13553
11378 14361
11378 15702
11406 12315
11406 13772
11408 24518
11419 13417
11522 17880
11577 8996
11577 14455
11577 17971
11657 12670
11657 13747
11657 18025
11684 5176
11684 11357
11684 17965
11684 20276
11715 17945
11725 13553
11725 21954
11733 11378
11739 18084
11744 6499
11744 14293
11744 22341
11756 17786
11758 21020
11767 2633
11767 4567
11767 9957
11767 13034
11767 14232
11767 14822
11767 15556
11767 18077
11767 18120
11767 23795
11767 24226
11785 642
11786 19730
11819 633
11819 3172
11819 17529
11819 17786
11819 17987
11819 18139
11819 18164
11848 3951
11861 12533
11861 13476
11861 17573
11881 3292
11881 15738
11890 17351
11929 12734
11967 630
11967 13639
12012 18059
12025 18105
12025 19428
12037 24226
12063 7082
12063 8835
12079 1221
12079 18216
12135 1312
12135 5105
12135 7666
12135 8732
12135 12037
12135 12253
12135 13553
12135 14359
12135 14408
12135 15683
12135 16037
12135 17103
12135 17942
12135 17993
12135 18940
12135 19428
12135 22215
12135 23795
12232 6953
12234 14920
12239 1013
12257 11369
12282 4593
12315 16085
12315 24555
12343 5105
12358 18036
12358 18179
12367 546
12367 1951
12367 14227
12367 22283
12410 15284
12456 17200
12465 15117
12465 17987
12465 18619
12539 6662
12539 7516
12539 13772
12539 16085
12543 4671
12543 13524
12545 12315
12573 15117
12574 9239
12665 80
12665 17417
12665 21699
12668 5120
12668 9933
12668 15136
12670 2732
12670 13465
12670 13518
12670 13747
12670 18107
12670 18177
12694 18174
12712 9226
12712 12465
12734 642
12734 804
12734 4350
12734 4567
12734 8813
12734 11527
12734 12829
12734 13212
12734 15006
12734 15394
12734 17868
12734 18100
12734 24296
12736 17713
12806 21240
12812 17987
12819 8600
12819 20817
12829 12465
12829 24393
12852 17802
12853 630
12853 2194
12853 6285
12853 17929
12868 13458
12870 7516
12872 13705
12872 17836
12889 6961
12894 23235
12900 13747
12903 18077
12903 19167
12910 16256
12910 18052
12964 6319
12964 9959
13003 7082
13003 17839
13003 17873
13003 24404
13011 17973
13027 1116
13027 2134
13027 5539
13027 8102
13027 10429
13027 11176
13027 13124
13027 13553
13027 15971
13027 17197
13027 17353
13027 17358
13027 17674
13027 17873
13027 17905
13027 17919
13027 18012
13027 20883
13027 23795
13034 642
13034 13222
13034 17100
13034 17868
13034 18023
13034 18110
13034 18602
13042 13337
13068 9842
13068 16904
13124 7923
13124 16732
13124 17868
13124 18158
13184 5120
13211 12315
13211 13747
13211 17675
13212 16476
13212 22276
13247 17674
13270 830
13270 12402
13270 21107
13272 6047
13303 12983
13305 4015
13305 4928
13305 6557
13305 7082
13305 8632
13305 9239
13305 12079
13305 13705
13305 15299
13305 15754
13305 17796
13305 18009
13305 18017
13305 18025
13305 18058
13305 18098
13305 18177
13305 24555
13336 5120
13343 15450
13364 22513
13379 2920
13451 13885
13465 15117
13470 22513
13492 16557
13492 17579
13518 21177
13524 10377
13524 17651
13544 15935
13553 23933
13570 12315
13584 15450
13604 11313
13628 18133
13635 16069
13639 2212
13639 4406
13639 11378
13639 13747
13639 21899
13684 2018
13684 9405
13692 8262
13703 18619
13703 22708
13723 12367
13786 7764
13786 9494
13786 12315
13786 13034
13786 15980
13786 16085
13786 18133
13786 18188
13786 20817
13800 5345
13817 12063
13851 18198
13885 5639
13885 6850
13885 16034
13889 18041
13954 6124
13954 9025
13954 11877
13954 18143
13969 597
13969 2018
13969 2197
13969 3292
13969 5203
13969 8598
13969 12790
13969 14891
13969 15610
13969 15738
13969 16773
13969 17945
13969 18035
13969 18089
13969 18188
13969 18206
14010 1221
14010 16892
14062 24265
14222 0
14222 5632
14222 5776
14222 6074
14222 13181
14222 17971
14222 24508
14232 642
14232 13553
14271 172
14293 728
14293 2384
14295 18071
14313 11971
14325 1741
14325 5892
14325 6548
14325 13417
14325 17904
14325 18001
14370 6087
14387 6124
14387 12037
14387 12315
14387 17983
14387 20673
14401 18097
14413 24133
14414 15606
14500 18180
14500 18602
14500 24660
14540 13590
14558 12465
14581 11527
14595 1658
14595 9239
14595 12079
14595 12533
14595 14325
14595 17217
14595 22217
14636 17014
14655 16557
14771 90
14781 2491
14781 12178
14781 13553
14806 9325
14807 14325
14835 18003
14893 18073
14920 12465
14927 9239
14948 12720
14948 21058
14988 19892
15024 16085
15099 6836
15117 2362
15117 12320
15117 12771
15117 13754
15117 15285
15117 18067
15117 18154
15117 18223
15117 23223
15117 23235
15147 15754
15157 13553
15157 14314
15161 15980
15161 17945
15206 6036
15229 2978
15229 11971
15229 17675
15229 23235
15282 13465
15299 8996
15299 10858
15299 12315
15299 12533
15299 17217
15299 18045
15299 18071
15299 18634
15368 662
15382 3292
15382 5639
15406 6557
15406 13747
15407 17417
15407 18165
15450 24380
15488 7759
15488 18098
15491 2329
15556 17986
15610 597
15610 18206
15648 12367
15698 17937
15698 18091
15710 7760
15710 18602
15735 1728
15735 13113
15735 17477
15738 7759
15741 18602
15754 21240
15755 12853
15755 15702
15758 2947
15758 7410
15758 13524
15758 16613
15758 18077
15814 560
15814 12041
15814 13553
15814 17107
15814 17417
15814 17686
15814 18155
15814 23933
15856 0
15856 2491
15870 17686
15876 10006
15907 3986
15907 8735
15926 4150
15935 8310
15935 17829
15935 17893
15967 21089
15971 3506
15971 6047
15971 9453
15971 12123
15971 12465
15971 13553
15971 13635
15971 14710
15971 16692
15971 17621
15971 17868
15971 17940
15971 17998
15971 18007
15971 18044
15971 18073
15971 18129
15971 22536
15971 23933
15978 4350
15978 10627
15978 18156
15980 9127
15980 18058
16014 22276
16021 12734
16021 12829
16021 13524
16041 17942
16049 11579
16069 3951
16069 5325
16069 11848
16069 15672
16069 17968
16069 22209
16085 642
16085 9542
16085 24354
16091 17996
16186 2499
16186 6975
16186 7283
16186 7481
16186 15556
16186 16802
16186 18120
16186 18175
16186 21177
16186 24480
16239 9945
16243 11835
16243 18602
16336 5105
16336 18100
16336 18102
16410 12665
16431 6607
16453 13272
16453 18155
16492 11971
16548 13211
16548 17675
16557 231
16557 606
16557 2815
16557 2978
16557 4343
16557 4719
16557 5305
16557 5364
16557 9405
16557 12315
16557 12829
16557 13553
16557 17579
16557 17664
16557 17675
16557 17904
16557 17970
16557 18046
16557 18099
16557 18102
16557 18184
16557 18602
16581 496
16581 1951
16581 13212
16609 9239
16609 17796
16609 18157
16613 7682
16613 13211
16613 17139
16613 17855
16613 17999
16613 18036
16613 18187
16613 18197
16620 1286
16709 3986
16743 9542
16764 18093
16769 10006
16773 17594
16773 18161
16780 8102
16780 13027
16786 18122
16859 16684
16859 19883
16884 16014
16892 14325
16914 1018
16914 6735
16914 7186
16914 9025
16914 9239
16914 13211
16914 17669
16914 17840
16914 18040
16914 18107
16914 18172
16960 20673
16972 630
16972 17786
16972 21699
16976 18005
16999 10429
17100 18602
17121 18099
17155 18183
17155 19901
17157 12257
17157 24206
17166 6124
17293 16914
17299 12253
17301 20673
17338 21786
17358 3825
17358 3835
17358 6047
17358 12123
17358 12465
17358 13451
17358 13553
17358 13789
17358 16208
17358 16615
17358 17103
17358 17271
17358 17353
17358 17549
17358 17753
17358 17850
17358 17931
17358 17940
17358 17954
17358 17956
17358 17958
17358 17988
17358 17990
17358 18034
17358 18149
17358 18216
17358 18218
17358 20673
17374 1296
17374 8096
17487 9315
17512 17950
17514 2682
17519 16884
17551 8310
17579 14835
17579 17675
17621 13553
17671 12315
17675 11881
17675 11967
17675 17417
17675 17786
17675 18188
17675 18191
17675 18619
17675 20673
17678 4242
17682 8353
17682 10858
17682 24508
17732 18222
17742 17068
17742 17942
17742 20673
17793 17417
17809 13553
17829 14655
17829 16613
17829 17417
17829 18047
17829 18602
17838 4920
17839 18188
17840 17039
17861 11929
17861 17686
17868 18619
17870 17955
17888 172
17888 5447
17888 9842
17888 22598
17896 5120
17896 15792
17908 13558
17908 17905
17908 23203
17917 11329
17924 5516
17926 6125
17934 24660
17936 2633
17941 24719
17945 8076
17945 17951
17950 13754
17960 24246
17961 17962
17963 503
17966 701
17981 23782
17986 12665
17986 18602
17987 18100
17987 18178
17987 23795
17993 9842
18004 10782
18008 18007
18018 13255
18019 12566
18020 14162
18021 7410
18023 24568
18034 17417
18037 18079
18039 6047
18043 20
18050 495
18050 1379
18050 17997
18050 24404
18056 7478
18062 22276
18070 13553
18074 10006
18082 3986
18085 24634
18086 4109
18094 24393
18102 18071
18105 17931
18109 4343
18125 7082
18126 7847
18131 15238
18137 12829
18142 3729
18143 22536
18150 13203
18151 4407
18156 24707
18163 12068
18169 8996
18169 17358
18185 18190
18198 633
18199 7481
18200 20276
18203 23348
18211 894
18211 13460
18211 17675
18211 20673
18212 15407
18212 19454
18216 17417
18217 17358
18227 19454
18232 20673
18449 18077
18574 15117
18574 18003
18602 1807
18602 2158
18602 9959
18602 17514
18602 17836
18602 17915
18602 17920
18602 17925
18602 17993
18602 18030
18602 18086
18602 18120
18602 23933
18619 7923
18619 12322
18619 16018
18619 17200
18619 17417
18619 17919
18619 22911
18634 18098
18689 463
18689 3714
18689 8102
18689 13451
18689 17967
18689 18230
18698 9312
19080 5150
19080 12315
19328 8835
19328 11577
19355 8166
19426 17417
19454 17417
19554 9553
19554 15980
19644 12465
19685 172
19685 13524
19901 630
19915 1741
19915 2997
19915 5203
19915 17952
19915 18057
20242 4331
20242 17675
20285 13705
20285 14255
20285 15754
20285 16694
20285 18107
20285 19554
20387 18089
20424 10467
20429 6735
20676 5105
20695 5176
20817 172
20817 9046
20817 11055
20817 11967
20817 12896
20817 15117
20883 3714
20886 1018
20886 6953
20886 15935
20904 17778
21110 642
21110 2997
21110 9933
21213 15153
21213 16822
21213 18226
21233 6047
21240 12315
21240 12829
21240 15136
21240 17956
21240 18034
21240 18098
21240 24555
21336 15960
21336 18007
21336 18619
21699 1788
21699 2446
21699 3172
21699 5801
21699 6047
21699 6236
21699 6285
21699 9092
21699 9542
21699 12063
21699 12798
21699 13399
21699 13417
21699 13553
21699 14413
21699 14599
21699 14710
21699 16256
21699 16421
21699 17417
21699 17549
21699 17686
21699 17931
21699 17983
21699 17997
21699 18044
21699 18100
21699 18129
21699 20673
21699 20907
21699 21107
21702 1951
21702 13553
21702 17100
21739 12829
21786 13553
21786 13750
21786 15702
21800 4719
21800 13954
21800 18009
21876 4567
21876 9239
21876 10679
21876 18097
21878 15967
21878 16014
21878 22276
21884 13270
21898 12665
21899 18213
21899 24380
21954 11934
21954 17108
22215 4298
22276 1514
22276 2823
22276 11527
22276 11949
22276 15117
22276 15683
22276 17961
22276 18077
22276 23795
22283 4667
22283 6087
22283 11725
22283 17949
22412 18120
22513 15007
22513 17971
22598 1514
22598 2158
22598 14301
22598 14792
22598 17417
22598 17868
22598 17913
22598 18092
22598 22708
22708 11378
22990 12665
23144 8996
23235 2083
23235 4316
23235 4343
23235 4407
23235 6666
23235 7506
23235 8732
23235 8988
23235 9542
23235 10811
23235 11866
23235 11971
23235 12465
23235 12533
23235 13383
23235 13584
23235 13969
23235 14232
23235 14792
23235 15429
23235 15702
23235 15960
23235 16839
23235 17090
23235 17137
23235 17850
23235 18003
23235 18059
23235 18222
23235 21891
23235 22276
23235 24296
23320 22283
23348 6182
23348 11725
23348 17868
23348 20673
23535 18619
23535 19454
23535 21699
23535 24176
23707 10356
23707 13553
23707 18211
23795 6278
23795 11948
23795 15211
23795 15702
23795 17778
23795 18029
23795 19167
23923 4120
23933 320
23933 8197
23933 15215
23933 19166
24033 7082
24039 17417
24088 16856
24133 642
24133 1934
24133 5446
24133 12123
24133 12465
24133 24296
24150 18689
24152 17883
24226 1430
24226 2633
24226 5127
24226 8921
24226 12253
24226 13465
24226 17822
24226 18014
24226 18092
24226 24660
24252 1018
24252 1951
24252 4829
24252 13255
24252 14232
24252 18033
24322 18035
24342 16613
24393 6009
24393 7410
24393 9061
24393 9238
24393 12665
24393 12853
24393 17217
24393 17911
24393 18016
24393 18102
24393 23707
24404 642
24409 18156
24419 3591
24452 15556
24452 17686
24460 15136
24483 17836
24492 4154
24492 17884
24518 15426
24518 17986
24519 6557
24555 4743
24568 5364
24568 5446
24568 12123
24568 18158
24568 21699
24570 17956
24588 17786
24710 17983
