24740 9078
0 642
0 3254
0 15145
0 21337
1 1846
1 3049
1 3172
1 9551
7 4920
21 3498
21 8199
21 10473
34 1158
34 4920
44 1264
44 1591
44 2436
44 2984
44 3351
44 3482
44 3813
44 4638
44 5544
44 9325
44 13232
44 15369
44 19730
44 21240
44 24220
44 24451
44 24460
63 10958
90 13786
97 895
97 1887
97 8996
97 15410
115 213
115 3284
115 3542
115 8996
115 15310
115 19901
115 24312
117 3564
122 3509
155 2812
155 3572
155 12564
155 18440
155 19748
155 20355
155 22708
156 20355
156 24312
172 4920
172 19901
172 21899
194 14583
198 20038
213 1140
213 1789
213 2361
213 2906
213 3255
213 3257
213 3284
213 3321
213 3352
213 3401
213 3489
213 3564
213 5176
213 8996
213 9516
213 16300
213 19683
213 21240
213 21337
231 1158
231 1934
231 2997
231 3255
231 3275
231 3362
231 3376
231 3498
231 3503
231 6944
231 8127
231 9025
231 12123
231 15610
231 17675
231 20285
231 24183
245 13431
252 2939
252 3575
262 2997
270 24448
285 642
285 804
285 2491
285 2997
285 3363
285 3499
285 5386
285 10121
285 20812
287 13786
309 13459
320 1296
320 3486
341 7648
341 11148
349 4638
364 17291
364 24451
386 1264
401 3214
401 17675
401 21240
401 22075
401 24579
410 12900
410 13003
438 2864
438 3541
460 4920
460 24365
465 8363
465 18602
465 18917
466 10408
526 3415
530 642
548 2281
560 1296
568 3258
572 14806
572 17824
596 213
596 642
596 2036
596 2467
596 2631
596 3463
596 3501
596 4407
596 11700
596 12123
596 17706
596 18602
596 20812
610 460
610 1158
610 1661
610 1934
610 1948
610 2553
610 3268
610 3415
610 3448
610 5178
610 5345
610 9025
610 11861
610 16721
610 20817
610 24442
640 115
640 1105
640 1507
640 3172
640 5845
640 15369
640 16018
640 17293
640 17675
640 17880
642 410
642 465
642 1846
642 2442
642 2702
642 3164
642 3270
642 3317
642 3354
642 3383
642 3387
642 3415
642 3451
642 3513
642 3543
642 3564
642 3771
642 3874
642 5946
642 6345
642 10811
642 11422
642 13232
642 14304
642 15450
642 15989
642 20812
642 24442
642 24451
645 8470
666 9516
666 22227
726 2442
726 3091
726 3123
726 3281
726 3402
726 3436
726 5232
726 17475
737 1296
753 1951
763 2831
776 2973
776 11971
800 3418
804 572
804 1110
804 3280
804 8984
804 10811
804 13899
804 18169
814 8006
814 20512
830 1314
830 2036
830 2208
830 2655
830 2948
830 3227
830 3254
830 3270
830 3378
830 3468
830 9551
830 13155
830 14221
830 15116
830 15179
830 16909
830 18960
830 19886
830 24077
830 24331
894 2472
895 11313
906 2036
906 2361
906 3298
929 3365
929 11929
929 13652
929 13786
929 18323
929 19901
934 13343
935 1158
935 24531
937 6278
946 3292
946 9011
946 13786
966 8820
982 3347
1013 745
1013 1318
1013 1407
1013 1934
1013 2053
1013 2592
1013 3257
1013 3263
1013 3299
1013 3313
1013 3363
1013 3424
1013 3463
1013 3480
1013 3495
1013 3874
1013 6961
1013 11817
1013 12564
1013 13155
1013 14232
1013 15450
1013 19901
1013 21634
1013 24731
1018 34
1018 496
1018 1140
1018 2043
1018 2053
1018 2584
1018 3284
1018 3433
1018 3471
1018 3545
1018 3589
1018 6557
1018 11503
1018 12135
1018 14224
1018 15450
1018 17276
1018 17293
1018 18063
1018 18472
1018 21402
1018 23576
1021 24065
1037 1105
1037 15688
1037 17276
1041 23348
1045 3587
1050 21110
1097 745
1105 213
1105 745
1105 814
1105 1140
1105 2507
1105 3274
1105 3278
1105 3282
1105 3317
1105 3353
1105 3376
1105 3389
1105 3462
1105 3471
1105 3486
1105 3568
1105 9516
1105 10811
1105 11810
1105 11817
1105 12123
1105 12564
1105 13191
1105 13899
1105 14295
1105 16018
1105 16998
1105 17675
1105 20292
1105 21402
1105 23085
1105 24183
1105 24252
1109 460
1109 906
1109 2036
1109 2872
1110 1934
1110 3262
1110 3363
1110 5534
1110 9025
1110 13786
1110 24722
1116 2643
1137 231
1137 2077
1137 3256
1137 3444
1137 15776
1137 23085
1140 3463
1140 5645
1140 18405
1140 21634
1158 3452
1158 3544
1158 4732
1158 9025
1158 12900
1158 13027
1197 2631
1244 804
1244 1173
1244 2413
1244 11157
1244 18602
1264 13684
1277 1384
1277 3212
1281 9025
1281 12900
1284 3262
1296 14920
1312 3527
1312 11579
1312 12135
1312 13786
1312 18063
1312 20886
1313 3471
1313 3553
1313 21954
1336 20292
1346 1887
1380 213
1380 3321
1380 19730
1383 1403
1383 3258
1383 6345
1384 1913
1384 2134
1384 2274
1384 3228
1384 3252
1384 5409
1384 9030
1384 17097
1384 20873
1384 21213
1391 11657
1403 3279
1403 3375
1403 3492
1403 3584
1403 6345
1403 8921
1404 3578
1404 3590
1407 1887
1407 2622
1407 3257
1407 5729
1407 9016
1407 23970
1407 24183
1411 341
1411 913
1430 269
1430 929
1430 1312
1430 1407
1430 2903
1430 3257
1430 3541
1430 3771
1430 6345
1430 12546
1430 13786
1430 14920
1430 19498
1430 20355
1430 21356
1430 24365
1430 24695
1538 1158
1538 2643
1538 3338
1538 3354
1538 11881
1576 24156
1609 2442
1609 24531
1610 22708
1611 3345
1611 10408
1620 3771
1632 2361
1632 10955
1658 8996
1667 3212
1667 3276
1667 3404
1667 14976
1684 1140
1692 13041
1692 16892
1718 642
1718 804
1718 8996
1740 1507
1740 2980
1740 3005
1740 3353
1740 3573
1740 5544
1740 9011
1740 9325
1740 10408
1740 13899
1740 14224
1740 15450
1740 15542
1740 17276
1740 21240
1740 24722
1741 194
1741 800
1741 2543
1741 2767
1741 2863
1741 3228
1741 3456
1741 3564
1741 13786
1763 3555
1763 3573
1780 642
1780 18602
1796 16163
1796 19730
1816 1609
1816 20038
1816 23903
1846 645
1846 1018
1846 3246
1846 3335
1846 3360
1846 11157
1846 11698
1846 14224
1846 16323
1859 3530
1859 18323
1875 15369
1875 19888
1887 2948
1887 4406
1887 9016
1887 11810
1887 14361
1887 16018
1888 24077
1901 3292
1901 17880
1921 3343
1934 11817
1934 11996
1934 12053
1934 18401
1939 16998
1951 2631
1951 3301
1951 3311
1951 3338
1951 3389
1951 3414
1951 3439
1951 9022
1951 11157
1951 12106
1951 14905
1951 14920
1951 15369
1976 386
1976 684
1976 1676
1976 8993
1976 12539
1993 2387
1993 17675
1999 2138
1999 6811
2016 19432
2022 12564
2036 2872
2043 10558
2053 213
2053 3263
2053 5284
2053 5534
2053 5544
2053 5845
2053 6961
2053 11503
2053 12117
2053 13899
2053 14920
2053 15714
2053 16163
2072 3308
2072 3536
2072 4920
2072 15789
2072 18602
2072 20817
2100 19437
2134 1913
2134 2906
2134 3268
2134 3428
2134 11756
2134 12900
2134 16892
2134 18602
2134 20058
2134 22782
2134 24412
2148 3557
2158 18401
2194 1654
2194 1741
2194 2491
2194 2507
2194 3123
2194 3172
2194 3209
2194 3288
2194 3313
2194 3350
2194 3352
2194 3366
2194 3401
2194 3512
2194 5845
2194 8996
2194 9016
2194 11657
2194 11698
2194 12123
2194 12900
2194 13003
2194 14595
2194 15235
2194 15450
2194 17675
2194 19730
2194 23782
2194 23846
2194 24065
2194 24722
2196 7410
2197 24220
2204 3331
2239 1725
2239 2655
2239 9016
2239 13066
2239 13726
2239 16998
2239 17880
2239 24442
2271 9516
2274 3130
2304 3417
2304 3569
2304 3874
2304 8996
2307 3389
2307 3429
2309 3604
2361 642
2361 1741
2361 1789
2361 2545
2361 3279
2361 3360
2361 5895
2361 6961
2361 14583
2361 18602
2361 24451
2384 11967
2387 213
2387 934
2387 2973
2387 3311
2387 3451
2387 9551
2387 11698
2387 12090
2387 13379
2387 20038
2387 20812
2387 21634
2392 3350
2411 2467
2411 2939
2411 3439
2411 22807
2413 66
2413 285
2413 907
2413 1948
2413 3130
2413 3188
2413 3212
2413 11062
2413 11157
2413 11607
2413 13459
2413 13786
2413 18602
2413 20355
2413 22135
2413 24033
2413 24192
2413 24435
2416 24692
2421 2194
2421 2880
2421 3386
2421 13003
2421 20950
2423 14595
2425 2710
2436 11657
2442 2643
2442 2777
2442 3338
2442 12123
2442 16163
2442 19498
2442 20292
2450 9025
2462 3123
2462 3310
2462 3392
2462 15989
2467 213
2467 1789
2467 2443
2467 2864
2467 3248
2467 3455
2467 3477
2467 12564
2467 14232
2467 14556
2467 20355
2467 20812
2467 22880
2486 3091
2486 19890
2487 3335
2487 8996
2487 20889
2491 231
2491 804
2491 1013
2491 1391
2491 1934
2491 2998
2491 3081
2491 3363
2491 3874
2491 9025
2491 11620
2491 12053
2491 15116
2491 16998
2491 17840
2491 20812
2491 21786
2497 1741
2497 1913
2497 2903
2497 3404
2497 3426
2497 3437
2497 3494
2497 3564
2497 5409
2497 10811
2497 11899
2497 18602
2497 19730
2497 20101
2497 22513
2499 24312
2507 2467
2507 17866
2508 11313
2516 34
2516 1582
2516 2053
2516 3460
2516 6278
2516 10473
2516 10719
2516 15369
2516 15814
2516 18602
2550 1921
2550 10473
2550 13459
2567 16588
2573 1971
2578 3578
2578 5855
2578 22385
2584 6567
2591 1018
2591 2361
2591 3572
2591 9025
2591 11817
2591 14920
2591 19866
2591 20783
2592 54
2592 496
2592 545
2592 1668
2592 1789
2592 2053
2592 2442
2592 3275
2592 3299
2592 3310
2592 3363
2592 3564
2592 3575
2592 3874
2592 5284
2592 5845
2592 6557
2592 8820
2592 9022
2592 9025
2592 9026
2592 9239
2592 10811
2592 11120
2592 11698
2592 12135
2592 13232
2592 14295
2592 14609
2592 14969
2592 15814
2592 16608
2592 18424
2592 19149
2592 19498
2592 21634
2592 21786
2592 22075
2592 24033
2622 213
2622 3257
2622 3486
2622 9016
2622 14920
2622 19730
2628 1843
2628 2036
2628 3362
2628 5178
2629 172
2629 460
2629 1109
2629 2736
2629 3335
2629 4920
2629 10292
2629 15369
2629 15789
2629 20817
2629 24365
2655 9016
2679 12053
2679 16581
2697 8820
2700 18602
2712 2997
2713 3813
2713 6806
2736 2864
2736 23473
2777 20778
2794 9011
2811 3175
2831 436
2831 465
2831 642
2831 1312
2831 2077
2831 3471
2831 3527
2831 15229
2831 17333
2831 18063
2831 18602
2831 20355
2831 20647
2831 22276
2831 24729
2836 3343
2836 3771
2863 782
2864 7778
2880 6937
2880 24191
2897 17097
2903 745
2906 11062
2931 35
2931 3206
2931 3280
2939 3551
2939 12646
2943 3257
2948 3505
2948 14241
2948 15369
2948 16018
2966 708
2966 2472
2966 24531
2973 13431
2973 18138
2980 1692
2980 24451
2984 11657
2984 14595
2984 21079
2988 8147
2992 24033
2997 272
2997 753
2997 1013
2997 1018
2997 1585
2997 1776
2997 2053
2997 2491
2997 3363
2997 3418
2997 3463
2997 3510
2997 3543
2997 3546
2997 4370
2997 6869
2997 8996
2997 9025
2997 9113
2997 10558
2997 10566
2997 11579
2997 12123
2997 12482
2997 13003
2997 13358
2997 14034
2997 14496
2997 15450
2997 17270
2997 17338
2997 17675
2997 19087
2997 23320
2997 24349
2997 24568
2997 24579
2998 3254
2998 3350
2998 3450
2998 3564
2998 8996
2998 15450
2998 17880
2998 19554
2998 21800
2998 21954
2999 3143
3005 5544
3015 4920
3015 21899
3015 24365
3023 3416
3023 24722
3047 115
3047 2194
3049 642
3049 3212
3049 5845
3051 2387
3076 3281
3076 9057
3076 22075
3096 4440
3107 19450
3111 54
3111 2008
3111 3212
3111 6811
3111 12231
3111 18195
3113 3206
3113 3354
3113 3509
3122 23782
3123 20812
3128 12106
3130 21899
3139 18472
3143 351
3153 2304
3153 24531
3171 2939
3171 3471
3171 17675
3171 21954
3172 156
3172 1175
3172 2831
3172 3049
3172 3209
3172 3478
3172 3559
3172 8820
3172 9016
3172 9025
3172 9057
3172 13459
3172 15235
3172 15450
3172 16018
3172 19554
3172 19901
3172 20878
3172 24451
3175 6557
3206 3457
3206 3599
3206 8820
3206 9842
3207 9025
3209 21079
3209 21240
3212 11698
3212 17675
3215 15332
3227 3233
3227 4407
3227 5544
3227 11657
3227 17706
3228 14691
3230 16087
3239 8921
3244 14595
3250 63
3250 13786
3250 18323
3251 24252
3259 9016
3260 20242
3264 7874
3265 524
3266 8512
3268 3364
3268 11460
3268 13066
3268 24526
3273 5232
3274 3299
3275 496
3275 642
3275 645
3275 2906
3275 9551
3275 22135
3275 23320
3276 3587
3276 11754
3276 24451
3278 16200
3284 3433
3285 22225
3288 24033
3297 19432
3305 19432
3306 23970
3307 21240
3315 19901
3316 3310
3317 2676
3317 10811
3319 2497
3320 3270
3323 2043
3325 16892
3326 9016
3327 23039
3330 21954
3333 2996
3336 3332
3339 11698
3340 2472
3343 3458
3343 4920
3343 10292
3343 19901
3344 13459
3351 21079
3357 3354
3361 3346
3364 20512
3365 19901
3367 2702
3371 642
3384 1654
3385 2851
3390 9239
3402 1913
3402 19730
3407 19901
3410 12572
3410 21772
3412 12123
3413 2925
3422 2490
3422 16591
3423 17675
3423 18602
3424 14806
3425 3501
3425 8709
3425 15235
3433 5430
3433 14224
3434 3446
3436 20638
3437 22513
3442 11620
3444 8995
3444 20387
3445 4537
3448 906
3448 2185
3448 14147
3448 20038
3452 7778
3454 22227
3455 9551
3460 5178
3461 17323
3462 8996
3462 9025
3462 17880
3464 4920
3466 3210
3469 3446
3471 5925
3472 533
3485 12231
3486 992
3486 6961
3488 11503
3488 21240
3490 1887
3490 9016
3491 7785
3498 17675
3500 4920
3500 21402
3501 6961
3504 21240
3505 9553
3506 9025
3510 24252
3516 7410
3520 11503
3522 3863
3523 8820
3523 12204
3523 16268
3523 18555
3523 19883
3523 21337
3525 3516
3527 18063
3529 20512
3531 16958
3532 20355
3533 10292
3533 19901
3536 4920
3541 24365
3546 4370
3550 3549
3552 15319
3555 9325
3555 10307
3559 4920
3563 503
3586 18602
3593 3368
3594 1971
3596 15369
3597 24451
3601 2591
3605 2634
3606 1811
3705 9893
3705 19498
3771 3383
3771 6345
3771 24210
3813 12900
3813 18634
3813 21240
3874 19901
4340 16588
4340 16859
4340 17843
4406 11698
4407 17706
4407 23707
4440 1140
4440 3227
4440 3280
4440 3567
4440 5544
4440 14304
4440 18063
4440 20873
4440 22412
4440 23320
4638 13232
4638 21240
4638 22075
4638 23782
4665 642
4685 122
4685 3281
4685 3390
4685 4665
4685 8321
4685 8820
4685 9022
4685 22227
4730 7648
4781 44
4781 231
4781 2185
4781 6345
4781 19149
4920 231
4920 745
4920 780
4920 2053
4920 2407
4920 2736
4920 3063
4920 3335
4920 3362
4920 3407
4920 6278
4920 13489
4920 13652
4920 15789
4920 16018
4920 18602
4920 19901
4920 20817
4920 21402
4920 23630
4920 24365
4920 24695
5107 17055
5152 11715
5178 460
5178 745
5178 1013
5178 2516
5178 3103
5178 3130
5178 3362
5178 3561
5178 4920
5178 11929
5178 14920
5178 18034
5178 18063
5178 19685
5178 20355
5178 20887
5178 21356
5178 22840
5178 24488
5196 1934
5284 1110
5284 3363
5284 3510
5284 3564
5284 11579
5284 12117
5284 19886
5345 3564
5386 3044
5386 23320
5409 2077
5409 3377
5409 18917
5409 22341
5409 22513
5409 24710
5534 7410
5544 1391
5544 2831
5544 2939
5544 3314
5544 6095
5544 9842
5544 10408
5544 13459
5544 14806
5544 16306
5544 16591
5544 24220
5729 18602
5729 21402
5845 1507
5845 3499
5845 13796
5845 18602
5855 2992
5895 16186
5925 13969
5962 3578
5962 20887
6049 9239
6095 351
6095 1140
6095 2799
6095 11899
6278 3383
6278 14232
6278 15755
6278 20355
6285 3286
6345 21899
6437 726
6485 2903
6485 24662
6557 753
6557 934
6557 1899
6557 3206
6557 3258
6557 3520
6557 4340
6557 4638
6557 8984
6557 8996
6557 9239
6557 9551
6557 11503
6557 11817
6557 12231
6557 12900
6557 13232
6557 13796
6557 14224
6557 14295
6557 14806
6557 14905
6557 16998
6557 19886
6557 24077
6640 17276
6640 24408
6811 3380
6811 3426
6811 14224
6811 15235
6811 24722
6845 1667
6845 2706
6845 2815
6845 20387
6891 14189
6937 1140
6937 2472
6937 2939
6937 3340
6944 15610
6944 24498
6955 34
6955 44
6955 231
6955 1507
6955 1921
6955 2507
6955 2592
6955 2973
6955 3274
6955 3376
6955 5196
6955 10558
6955 13431
6955 16859
6955 20889
6955 24665
6961 198
6961 1654
6961 3123
6961 3206
6961 3263
6961 3317
6961 3341
6961 3463
6961 3470
6961 3584
6961 9022
6961 11579
6961 12564
6961 16163
6961 16300
6961 17071
6961 18602
6961 19149
6961 19801
6961 19888
6961 20355
6961 20517
6961 21233
6961 22214
7410 3315
7498 285
7499 3275
7648 213
7648 1684
7648 3332
7648 3345
7648 3364
7648 3470
7648 3471
7648 9239
7648 17066
7648 19901
7648 20517
7778 52
7778 438
7778 2736
7778 3572
7778 18034
7778 23473
7816 20681
7828 1050
7862 15404
7862 21899
7874 18063
7940 16998
7947 10566
7971 21240
8098 642
8098 3371
8102 3282
8107 2811
8127 1717
8127 20893
8127 21786
8147 645
8199 1609
8199 1816
8199 10090
8235 24420
8305 3233
8321 3887
8321 9022
8321 11881
8436 10811
8436 24451
8444 11889
8820 1013
8820 1018
8820 12135
8820 13232
8921 3354
8921 3377
8921 3575
8921 3584
8921 20038
8921 21240
8984 776
8984 1409
8984 1934
8984 3435
8984 10566
8984 12642
8984 13796
8984 13880
8984 14224
8984 18602
8984 22807
8995 11698
8995 18056
8995 18602
8995 22513
8996 460
8996 466
8996 1105
8996 1654
8996 1740
8996 1993
8996 2736
8996 3244
8996 3335
8996 3345
8996 3350
8996 3353
8996 3542
8996 5345
8996 9239
8996 11313
8996 11669
8996 11810
8996 13232
8996 14595
8996 15369
8996 15450
8996 15776
8996 16859
8996 19730
8996 19888
8996 20873
8996 21337
8996 21800
8996 22075
8996 22227
8996 23085
8996 23478
8996 24220
8999 10095
9011 2491
9011 3462
9011 9325
9011 12117
9011 14496
9011 17840
9011 17880
9011 21079
9025 7
9025 285
9025 410
9025 596
9025 1018
9025 1899
9025 1948
9025 2812
9025 3226
9025 3364
9025 3365
9025 3366
9025 3400
9025 3401
9025 3463
9025 3501
9025 3512
9025 3564
9025 3579
9025 3587
9025 3600
9025 4665
9025 5539
9025 8996
9025 9016
9025 9057
9025 9239
9025 9325
9025 11579
9025 11715
9025 11722
9025 11929
9025 13786
9025 15235
9025 15369
9025 15450
9025 17675
9025 17880
9025 18169
9025 18602
9025 18927
9025 19901
9025 21356
9025 21634
9025 22075
9025 23320
9025 24065
9026 21240
9030 1913
9030 17097
9057 7
9057 213
9057 272
9057 866
9057 1140
9057 1887
9057 2043
9057 2361
9057 2831
9057 3258
9057 3270
9057 3341
9057 3350
9057 3378
9057 3389
9057 3542
9057 3563
9057 4920
9057 5845
9057 5855
9057 7498
9057 7971
9057 9016
9057 11929
9057 13786
9057 14094
9057 14221
9057 14713
9057 14920
9057 15369
9057 15450
9057 16018
9057 17066
9057 17824
9057 18063
9057 18169
9057 18689
9057 20681
9057 21240
9057 22075
9136 20812
9177 642
9177 1654
9177 3257
9177 3318
9177 3389
9177 3509
9177 3567
9177 3568
9177 9025
9177 18063
9177 18602
9239 117
9239 213
9239 231
9239 540
9239 642
9239 814
9239 1654
9239 2053
9239 2713
9239 2998
9239 3364
9239 3463
9239 3512
9239 3813
9239 3874
9239 9022
9239 9551
9239 10811
9239 11076
9239 11422
9239 11698
9239 11817
9239 12519
9239 14595
9239 15450
9239 20893
9239 22075
9325 606
9325 804
9325 5215
9325 5645
9325 7499
9325 8235
9325 13232
9325 13684
9325 14806
9325 16946
9325 20285
9325 21899
9365 2507
9516 14387
9516 19730
9516 24710
9551 11819
9551 19730
9553 3512
9685 9011
9842 2516
9842 3130
9842 4920
9842 5178
9842 12900
9842 13459
9842 18602
9842 21356
9893 6278
10121 13786
10121 24077
10121 24442
10168 10121
10168 13191
10253 934
10253 3564
10253 8996
10253 11579
10253 11929
10292 63
10292 285
10292 320
10292 596
10292 642
10292 1140
10292 1934
10292 2015
10292 2053
10292 2467
10292 2836
10292 3210
10292 3258
10292 3400
10292 3477
10292 3771
10292 3874
10292 4920
10292 5544
10292 6961
10292 9057
10292 9842
10292 11157
10292 11318
10292 11929
10292 14905
10292 17013
10292 18602
10292 20355
10292 22613
10292 22840
10292 22880
10292 24252
10292 24662
10307 24722
10408 13232
10408 14595
10434 1284
10434 3511
10558 3376
10566 213
10566 285
10566 410
10566 568
10566 804
10566 1110
10566 1934
10566 3499
10566 3564
10566 8321
10566 9025
10566 12009
10566 12519
10566 18689
10811 34
10811 172
10811 270
10811 496
10811 726
10811 1018
10811 1312
10811 1654
10811 3206
10811 3318
10811 3364
10811 3415
10811 3423
10811 3477
10811 3510
10811 3568
10811 3604
10811 3874
10811 5845
10811 7648
10811 16721
10811 18602
10811 24223
10811 24252
10862 1037
10955 11148
11045 2361
11045 3557
11076 1018
11076 1507
11076 6557
11076 20893
11120 4638
11149 3414
11152 15057
11152 15369
11157 1
11157 745
11157 1013
11157 1140
11157 1312
11157 1934
11157 2015
11157 2361
11157 2467
11157 2592
11157 2836
11157 3210
11157 3239
11157 3250
11157 3299
11157 3335
11157 3343
11157 3389
11157 3424
11157 3435
11157 3567
11157 3575
11157 6049
11157 6961
11157 9842
11157 11318
11157 12135
11157 13089
11157 14304
11157 14905
11157 15235
11157 15369
11157 16880
11157 17013
11157 18602
11157 20355
11157 21528
11157 22205
11157 22880
11157 24252
11313 13684
11313 13786
11313 15688
11313 17880
11412 3536
11460 22513
11488 2194
11488 23039
11503 3005
11503 3209
11503 3558
11503 3565
11503 6806
11503 14295
11503 15345
11503 17276
11503 17293
11503 20721
11577 6049
11577 12874
11577 14920
11579 231
11579 3463
11579 14905
11579 19554
11599 3276
11599 13406
11657 44
11657 3352
11657 3482
11657 3508
11657 3813
11657 15369
11657 16591
11657 24220
11657 24722
11684 34
11684 1843
11684 2831
11684 3347
11684 3423
11684 6961
11684 10811
11684 12090
11684 18602
11684 20873
11687 18574
11698 14211
11698 14595
11698 23320
11700 3536
11715 11579
11715 24312
11725 9022
11727 484
11727 601
11727 1301
11727 2591
11727 2831
11727 9724
11727 14387
11727 14835
11727 21786
11727 24390
11751 3346
11756 3292
11756 3311
11756 13459
11817 230
11817 3424
11817 4537
11817 8456
11817 8996
11817 14920
11817 15360
11817 20512
11819 156
11819 8147
11819 12117
11819 20355
11835 16163
11861 213
11872 3478
11881 13003
11929 24365
12053 285
12053 1013
12053 24731
12117 3348
12117 12642
12117 14806
12123 13406
12123 14920
12123 20812
12123 23933
12135 34
12135 642
12135 745
12135 2472
12135 2622
12135 3206
12135 3277
12135 3299
12135 3304
12135 3341
12135 3374
12135 3383
12135 3389
12135 3530
12135 3568
12135 3874
12135 7405
12135 7648
12135 9022
12135 13089
12135 14224
12135 15369
12135 16880
12135 17840
12135 21634
12135 24223
12190 3578
12209 3600
12209 17675
12365 15447
12375 3227
12375 16018
12415 3246
12510 3321
12510 3347
12519 1934
12519 2880
12519 3463
12519 19438
12560 15688
12564 14232
12564 20028
12564 22227
12564 23348
12670 3286
12720 3304
12774 11698
12774 12231
12774 13003
12774 22513
12874 929
12874 2392
12874 3267
12874 3533
12874 3579
12874 19901
12874 20790
12900 275
12900 2980
12900 3212
12900 3318
12900 3396
12900 15542
12900 19730
12900 23812
12900 24639
12932 1507
13003 642
13003 2185
13003 3415
13003 3471
13003 3549
13003 3574
13027 1296
13027 1384
13027 1669
13027 2462
13027 2643
13027 3206
13027 3292
13027 3452
13027 3475
13027 5845
13027 8984
13027 12123
13027 15989
13027 18271
13027 21306
13027 22227
13027 24033
13027 24692
13066 1887
13066 17880
13099 12900
13102 15450
13155 1311
13155 1585
13155 2939
13155 3292
13155 13358
13155 19890
13155 24183
13181 3212
13181 3874
13181 8996
13181 12090
13196 3321
13203 3244
13232 231
13232 753
13232 1887
13232 2882
13232 3473
13232 9011
13232 11503
13232 11669
13232 12117
13232 12519
13232 12900
13232 13191
13232 18684
13232 19730
13232 24065
13232 24312
13232 24451
13313 23970
13343 2384
13343 3265
13343 12231
13343 24460
13355 1153
13355 11657
13379 3172
13379 3341
13379 16388
13383 3471
13383 19355
13383 21240
13406 2072
13406 3308
13406 3503
13406 14920
13406 22708
13406 24065
13483 929
13535 8147
13684 213
13684 2855
13684 3164
13684 3286
13684 3415
13684 3473
13684 3482
13684 3520
13684 5539
13684 5845
13684 15406
13684 16588
13684 16998
13684 17276
13684 19901
13684 24722
13756 3023
13756 23683
13786 1
13786 320
13786 465
13786 1887
13786 2460
13786 2706
13786 3206
13786 3257
13786 3282
13786 3315
13786 3421
13786 3457
13786 3464
13786 3485
13786 3568
13786 3600
13786 10811
13786 12231
13786 13211
13786 15410
13786 16998
13786 17675
13786 17880
13786 18602
13786 19888
13786 21899
13786 23320
13786 23933
13796 1018
13796 3499
13796 6095
13796 12642
13796 15497
13796 18424
13969 3175
13969 20512
14010 2815
14054 24665
14094 20681
14172 16591
14211 12231
14221 3172
14224 2239
14224 16998
14224 17880
14232 18063
14232 20038
14232 20355
14241 2655
14241 3172
14241 3478
14241 9553
14241 21509
14295 1934
14295 3542
14295 11698
14295 15345
14295 19888
14295 24722
14304 14482
14355 2973
14355 5178
14355 11313
14361 2416
14361 24692
14387 1661
14387 3390
14387 3582
14387 5409
14387 5539
14387 14147
14387 17706
14500 3400
14595 3254
14595 3352
14595 3515
14595 3813
14595 24722
14713 230
14713 19888
14805 1976
14805 3123
14806 1282
14806 3348
14806 3359
14806 3473
14806 13232
14806 16859
14806 24220
14835 7953
14835 11861
14835 19443
14835 19871
14920 34
14920 460
14920 1021
14920 1661
14920 2036
14920 3015
14920 3315
14920 3341
14920 3448
14920 3475
14920 3498
14920 3572
14920 3598
14920 3599
14920 5845
14920 10811
14920 11700
14920 11929
14920 13155
14920 13459
14920 15310
14920 15369
14920 17066
14920 17338
14920 17675
14920 18034
14920 18169
14920 20817
14927 14609
14927 22437
14969 3257
14969 15369
14969 20812
14969 21528
14976 465
14976 3130
14976 3321
14976 6054
14976 18602
15024 16577
15057 24518
15116 3314
15116 5544
15116 11657
15161 21240
15229 117
15229 642
15229 1741
15229 3564
15235 814
15251 21240
15277 3254
15310 21878
15332 1158
15345 6557
15345 12117
15345 20893
15406 9239
15406 16859
15406 19554
15406 24722
15447 3267
15447 9022
15447 13786
15450 929
15450 1140
15450 1846
15450 1934
15450 2906
15450 3350
15450 3364
15450 3604
15450 8600
15450 11313
15450 14920
15450 16998
15450 17880
15450 24252
15602 213
15602 11725
15610 24154
15610 24665
15688 44
15688 3444
15688 3515
15688 12231
15688 16588
15688 17675
15688 17880
15698 16591
15714 4638
15714 5284
15714 11657
15714 14295
15714 20893
15776 19901
15814 6278
15814 10473
15841 22412
15989 2194
15989 18602
15989 24203
16018 460
16018 1861
16018 2655
16018 3406
16018 4406
16018 6095
16018 13786
16018 23478
16163 496
16163 814
16163 1280
16163 1668
16163 2592
16163 3341
16163 7648
16163 12009
16163 12135
16163 14232
16163 16223
16163 16897
16163 18602
16163 19498
16163 23348
16186 2361
16186 2872
16186 3227
16186 18689
16336 13796
16388 3335
16388 24312
16420 9239
16420 13459
16420 21528
16581 1209
16581 3284
16581 9025
16581 14905
16581 21786
16581 24591
16588 4638
16591 18602
16613 496
16613 24722
16721 20512
16859 44
16859 3244
16859 3355
16859 5544
16859 9239
16859 15450
16859 17276
16859 18396
16859 24393
16880 24223
16897 1018
16897 1934
16897 3258
16897 9325
16983 3270
17013 19901
17051 2817
17055 3515
17057 1314
17058 5232
17066 3076
17066 18602
17068 5845
17071 1018
17097 21240
17157 601
17157 3561
17157 5178
17157 6278
17157 11929
17157 18034
17157 19901
17157 21356
17157 24695
17298 3281
17299 745
17299 2491
17299 3499
17312 1708
17312 3341
17312 8820
17338 2831
17338 3874
17338 15145
17338 19870
17448 15161
17472 19355
17576 3310
17576 3316
17576 3473
17576 21240
17576 24682
17675 194
17675 213
17675 645
17675 814
17675 1296
17675 1934
17675 2361
17675 2460
17675 2700
17675 2702
17675 2831
17675 3172
17675 3462
17675 3463
17675 3512
17675 8996
17675 9057
17675 9551
17675 11607
17675 12123
17675 13191
17675 14304
17675 17880
17675 18063
17675 18602
17675 20355
17675 22227
17675 22708
17706 3389
17706 3501
17729 9025
17729 17675
17729 20892
17809 19427
17830 194
17830 3467
17840 5534
17840 8321
17840 14806
17866 12123
17880 13459
17880 20355
17880 20904
18034 460
18034 780
18034 2939
18034 3561
18034 7405
18034 11929
18034 12106
18034 14304
18034 17338
18034 19901
18034 24065
18034 24365
18056 8993
18056 8996
18056 23085
18088 2507
18088 19871
18138 2629
18138 4920
18169 16018
18169 23500
18438 3471
18438 5539
18449 6961
18449 9022
18472 2486
18472 8984
18472 24682
18574 1109
18574 3500
18574 3556
18574 3594
18574 4920
18574 13489
18574 19901
18574 21899
18602 814
18602 2321
18602 3463
18602 8921
18602 9239
18602 10473
18602 12090
18602 14304
18602 18658
18602 18689
18602 21813
18602 24252
18602 24568
18619 3214
18619 3402
18619 3452
18619 5409
18619 5845
18619 18602
18619 20812
18619 24692
18689 1384
18689 2134
18689 2361
18689 3123
18689 3228
18689 3292
18689 3387
18689 3392
18689 3575
18689 12123
18689 12564
18689 13459
18689 13786
18689 17475
18689 21402
18689 24692
18764 14806
18940 5544
18940 9025
18955 2984
19023 11727
19059 2361
19087 3227
19138 1013
19149 1140
19149 2036
19149 3301
19149 3341
19149 5845
19149 9025
19149 13459
19149 18602
19149 22075
19149 24445
19167 285
19172 3450
19177 17675
19293 3771
19298 2194
19328 24156
19355 1158
19355 2491
19355 10811
19379 2812
19379 13379
19383 23970
19421 7648
19437 8996
19438 9551
19438 12117
19438 13232
19438 17276
19438 24393
19443 3463
19443 6023
19445 800
19498 18034
19554 9022
19554 17097
19554 21402
19683 2077
19683 3564
19683 15688
19685 3335
19685 7862
19685 11687
19685 14905
19698 15369
19730 213
19730 645
19730 1887
19730 2831
19730 2906
19730 3352
19730 3462
19730 5539
19730 5845
19730 7648
19730 9057
19730 14806
19730 21337
19730 22513
19730 24442
19860 3587
19871 1717
19871 1934
19871 3463
19871 3510
19871 9022
19871 12053
19871 14304
19890 13358
19894 929
19894 3460
19894 4920
19894 13786
19894 15369
19896 1430
19896 3541
19901 337
19901 1430
19901 1971
19901 2053
19901 2361
19901 2629
19901 2831
19901 2903
19901 2984
19901 3207
19901 3257
19901 3335
19901 3389
19901 3451
19901 3458
19901 3542
19901 6345
19901 7778
19901 8512
19901 12123
19901 13489
19901 15235
19901 15369
19901 16018
19901 17675
19901 18323
19901 20817
19901 22598
19901 23630
19901 24365
19901 24442
19901 24526
20028 23348
20038 14805
20058 2460
20058 3382
20058 5845
20058 13383
20058 19355
20058 24190
20101 1312
20149 3386
20276 6845
20285 3171
20285 3280
20285 3471
20285 12900
20285 14905
20285 17055
20285 21954
20292 1013
20292 24657
20355 213
20355 436
20355 726
20355 934
20355 2497
20355 3345
20355 8147
20355 9551
20355 19149
20355 20101
20355 20887
20355 24445
20387 3276
20387 3366
20435 1312
20512 3390
20512 3471
20512 11100
20512 14920
20517 3408
20726 24065
20777 2467
20778 21786
20812 601
20812 2194
20812 16388
20817 3536
20817 3594
20817 6278
20817 9553
20817 21899
20817 24365
20886 3258
20892 24710
20950 3386
20950 24568
21058 231
21058 272
21058 2361
21058 2997
21058 3212
21058 3255
21058 3268
21058 14920
21058 18684
21058 21786
21058 23085
21058 24065
21079 3418
21079 13406
21079 24420
21110 2925
21177 1018
21177 6049
21177 18689
21192 8102
21208 24665
21233 3575
21233 15369
21240 1998
21240 2815
21240 2984
21240 3283
21240 3321
21240 3351
21240 3359
21240 3374
21240 3451
21240 3494
21240 3564
21240 3597
21240 14806
21240 16588
21240 17276
21240 24138
21240 24451
21240 24682
21240 24722
21337 22708
21356 2888
21356 3460
21356 3530
21356 3887
21356 4920
21356 6023
21356 8996
21356 11929
21356 12135
21356 15369
21356 18034
21356 18063
21402 9549
21402 24409
21699 231
21699 270
21699 272
21699 438
21699 1993
21699 2992
21699 2997
21699 3268
21699 3345
21699 3448
21699 3471
21699 3600
21699 4928
21699 5855
21699 6403
21699 9025
21699 12564
21699 15235
21699 20512
21699 20812
21699 24065
21699 24448
21786 1661
21786 22214
21786 24183
21800 3359
21800 11503
21813 1934
21813 3592
21813 24033
21864 21954
21878 34
21878 3258
21885 3318
21899 2405
21899 3335
21899 3500
21899 3556
21899 3771
21899 10997
21899 19685
21899 20790
21899 21233
21913 3352
21913 8993
21913 15406
21926 13270
21954 351
21954 814
21954 2655
21954 3049
21954 3389
21954 3401
21954 3471
21954 3553
21954 4920
21954 8996
21954 9025
21954 9516
21954 14920
21954 17276
21954 17675
21954 24442
22134 16998
22145 2864
22214 410
22214 1994
22214 3583
22214 10090
22214 10473
22214 24698
22227 745
22227 3343
22227 3466
22227 3592
22227 8147
22227 18602
22227 23348
22227 24695
22276 496
22276 2304
22312 24445
22315 14805
22315 18063
22341 3378
22341 19730
22412 3304
22412 3425
22412 15235
22412 18658
22513 213
22513 2831
22513 3475
22513 3564
22513 11861
22513 15688
22513 19683
22513 21954
22592 1661
22592 3281
22598 1971
22708 3172
22708 9025
22730 642
22730 3130
22730 24281
22782 17675
22807 1336
22807 3210
22807 3279
22807 3439
22807 3466
22807 5544
22807 5845
22807 8820
22807 15450
22807 20292
22882 269
22882 2777
22882 12106
22882 15989
22882 17922
22882 22896
22906 3115
22906 20778
22906 24033
23039 1924
23039 6937
23039 10168
23039 21240
23085 3212
23085 18602
23097 9057
23130 2831
23130 3335
23226 24695
23320 24252
23348 122
23348 155
23348 596
23348 2194
23348 2812
23348 3226
23348 3227
23348 3332
23348 3441
23348 9239
23348 10558
23348 12106
23348 14806
23348 16721
23348 18602
23348 19379
23348 24409
23455 18602
23473 2864
23478 20904
23630 24365
23698 3123
23799 24445
23846 3350
23912 22708
23917 34
23917 717
23921 3267
23921 3287
23921 5266
23921 20355
23996 1013
24029 19498
24029 22209
24033 1887
24033 3279
24033 9239
24033 11422
24033 11881
24033 22214
24033 22227
24088 20242
24127 3536
24127 10958
24127 19888
24133 3212
24133 21786
24154 19432
24154 24665
24191 935
24191 3386
24206 3460
24224 3441
24224 3599
24224 10473
24250 12090
24250 16186
24250 20038
24252 285
24252 309
24252 642
24252 1140
24252 1430
24252 1934
24252 2997
24252 3350
24252 3374
24252 3415
24252 3475
24252 5386
24252 5845
24252 9025
24252 9239
24252 13786
24252 16163
24252 18063
24252 19801
24252 21402
24252 21634
24252 24077
24281 194
24281 2442
24281 24442
24308 3351
24312 14304
24351 2658
24365 745
24365 2072
24365 2736
24365 3130
24365 3335
24365 3460
24365 3536
24365 3548
24365 3594
24365 5178
24365 20355
24365 21899
24381 9016
24390 3279
24390 11929
24393 2443
24393 3247
24409 18169
24409 20886
24442 3545
24442 4920
24448 3567
24448 6557
24451 2239
24451 2815
24451 2855
24451 2984
24451 3123
24451 3282
24451 3355
24451 3564
24451 16859
24451 17675
24451 18602
24451 18917
24460 3482
24460 4638
24465 2036
24472 3227
24474 1296
24474 3123
24474 3424
24492 3314
24492 3345
24492 11657
24492 12725
24517 3389
24518 3264
24531 1140
24544 24183
24555 3364
24568 3386
24568 5539
24577 7971
24591 1312
24591 12135
24591 14224
24591 18034
24634 7405
24634 21402
24657 1336
24657 11817
24664 14556
24664 15755
24664 18602
24682 2815
24682 2855
24682 3310
24682 3351
24692 213
24692 465
24692 642
24692 3392
24692 3463
24692 3575
24692 8470
24692 15360
24692 18602
24692 20292
24695 780
24695 3267
24695 3343
24707 1403
24707 3874
24707 6345
24707 8996
24707 12564
24707 18927
24707 19685
24710 23085
24722 2998
24722 3435
24722 14927
24722 16588
24737 8820
24737 16145
0 2194
0 2423
0 3618
0 3695
0 3842
0 3853
0 5329
0 11313
0 11657
0 13518
0 13684
0 18955
0 21800
0 24460
0 24722
21 21786
34 13184
40 13379
43 19434
54 3564
97 804
97 830
97 14835
115 2158
115 2194
115 3826
115 17081
115 20787
125 2053
125 7410
125 13796
125 17843
155 1404
155 2370
155 3578
155 3934
155 4685
155 5232
155 12123
155 18034
155 19051
156 2194
156 2387
156 3151
156 9960
156 11715
156 14783
166 3674
205 271
205 16608
213 285
213 1976
213 2633
213 2655
213 3143
213 3218
213 3888
213 3925
213 3941
213 16213
213 16775
213 20242
215 1404
215 1520
215 9025
215 17050
231 610
231 1887
231 3713
231 3786
231 6974
231 13363
231 23535
245 18969
252 2361
252 3567
252 3692
252 3743
252 13343
252 18169
253 3628
260 1312
269 3923
287 285
287 3844
287 13518
287 20904
287 24472
306 3628
320 1913
320 14551
348 410
348 596
348 2763
348 3658
348 6991
348 19383
349 2202
349 3372
349 3806
349 6557
349 6806
349 14295
349 21240
386 1842
386 2413
386 3827
386 15450
401 22205
410 2643
410 19383
412 5409
412 20638
412 23683
434 5178
438 3716
441 642
454 5409
454 10121
460 1230
465 16213
487 3699
491 993
491 3471
491 16420
491 23348
519 14595
524 20242
524 24640
557 3679
560 1913
560 3715
572 13211
572 16591
596 410
596 726
596 3580
596 3621
596 3853
596 3932
596 23226
607 3775
608 14189
610 3618
610 14806
610 23348
616 3275
640 9842
642 155
642 253
642 510
642 934
642 966
642 1244
642 1403
642 1833
642 1842
642 2413
642 2497
642 2499
642 2643
642 2763
642 3091
642 3171
642 3288
642 3545
642 3554
642 3626
642 3682
642 3691
642 3695
642 3698
642 3712
642 3714
642 3715
642 3717
642 3725
642 3730
642 3796
642 3810
642 3885
642 3899
642 3900
642 3902
642 3903
642 3936
642 6961
642 8436
642 8996
642 9799
642 9960
642 11929
642 15594
642 18602
642 19434
642 20028
642 20355
642 20594
642 23348
642 23841
642 23956
642 24033
642 24226
642 24326
642 24695
644 2072
644 2573
644 5178
644 23226
660 3692
666 3716
666 3763
666 3816
701 642
701 2041
701 3162
701 3623
701 3651
701 3703
701 4084
701 9025
701 18602
701 23841
702 22209
726 1430
726 3219
726 3658
726 3716
726 3725
726 3773
726 16863
726 18271
726 18602
726 24226
737 1251
737 1913
737 24445
753 3617
766 946
766 14806
766 16859
776 81
776 3803
776 10862
804 895
804 934
804 2194
804 2918
804 5544
804 10836
804 11725
814 6095
830 1507
830 3330
830 3560
830 3823
830 3826
830 3906
830 4123
830 12369
830 19901
830 24294
830 24640
872 7627
895 1842
895 13786
895 17880
906 3786
906 3926
906 14361
929 1694
929 2633
929 3751
929 18034
929 18063
929 19424
929 21899
934 2998
934 3462
934 9239
934 11579
934 16859
938 3800
946 3790
946 11313
946 11725
946 12870
946 13431
946 17880
993 20512
1013 125
1013 1613
1013 1718
1013 3608
1013 3644
1013 3646
1013 3689
1013 3694
1013 17843
1013 18449
1013 18619
1018 510
1018 3614
1018 3618
1018 12123
1018 13203
1018 13406
1018 16892
1018 17880
1018 24518
1045 3866
1064 1105
1094 10596
1094 22559
1097 253
1097 3206
1097 3654
1097 4920
1097 11929
1105 0
1105 606
1105 683
1105 1092
1105 1251
1105 1318
1105 1507
1105 1710
1105 2187
1105 2516
1105 3415
1105 3554
1105 3626
1105 3676
1105 3687
1105 3694
1105 3721
1105 3788
1105 3827
1105 3844
1105 3915
1105 3917
1105 6961
1105 8107
1105 11313
1105 11819
1105 13363
1105 13518
1105 15688
1105 17880
1105 18424
1105 19038
1105 19446
1105 21954
1105 24033
1105 24442
1109 285
1109 1971
1110 3516
1110 13118
1110 20893
1116 16256
1116 18271
1116 20292
1116 23348
1116 24219
1137 12870
1137 19683
1137 20242
1158 2361
1158 3692
1173 1312
1173 2499
1173 3226
1173 3440
1173 3512
1173 3576
1173 8996
1173 13786
1173 19915
1173 23130
1190 285
1221 3762
1221 13232
1244 3627
1244 3862
1244 18034
1244 23254
1244 24252
1244 24325
1251 2997
1260 18034
1270 16859
1284 935
1284 3687
1285 1493
1285 3751
1312 3545
1312 10292
1312 11076
1313 9025
1346 3679
1384 3564
1384 4370
1384 18440
1384 19105
1384 23039
1384 23348
1384 24472
1403 3663
1403 3692
1403 3874
1403 4685
1403 5409
1403 9842
1404 231
1404 1403
1404 1520
1404 3716
1404 9025
1404 21954
1407 1613
1407 1661
1407 2997
1407 3130
1407 3227
1411 3624
1426 3753
1430 503
1430 642
1430 804
1430 967
1430 1018
1430 1851
1430 1913
1430 2072
1430 2158
1430 2442
1430 2467
1430 3172
1430 3219
1430 3524
1430 3536
1430 3559
1430 3646
1430 3647
1430 3652
1430 3729
1430 3738
1430 3872
1430 3884
1430 5178
1430 8321
1430 13184
1430 16345
1430 16863
1430 17157
1430 18034
1430 18405
1430 19143
1430 19149
1430 20817
1430 20892
1430 21209
1430 22598
1430 23213
1430 23348
1430 23630
1430 24174
1430 24518
1459 1013
1459 3608
1459 3870
1493 17157
1495 3824
1503 13099
1520 3554
1520 16420
1538 3723
1538 3910
1538 22882
1581 3751
1581 9799
1611 156
1613 3554
1616 2939
1632 9025
1632 20355
1639 11819
1639 20285
1639 20355
1658 2248
1658 3667
1658 3681
1658 9057
1658 11076
1658 13518
1658 16900
1665 213
1665 285
1665 2592
1665 3888
1665 9724
1667 3896
1667 16163
1667 18917
1684 2158
1684 3830
1684 24252
1692 3671
1721 3883
1721 18602
1725 23085
1740 606
1740 608
1740 902
1740 1105
1740 2194
1740 3139
1740 3638
1740 3671
1740 3779
1740 5329
1740 6811
1740 11313
1740 11657
1740 13196
1740 15229
1740 16892
1740 17055
1740 20429
1740 23039
1741 2134
1741 2318
1741 3415
1741 3763
1741 3783
1741 3811
1741 3827
1741 3896
1741 11149
1741 11993
1741 22209
1763 3618
1780 1846
1780 3613
1780 3725
1780 3754
1780 11698
1780 12900
1780 15229
1780 18917
1780 20889
1780 22708
1780 23707
1784 3188
1784 14387
1816 3712
1842 15229
1846 1424
1846 1639
1846 3049
1846 3387
1846 3425
1846 3613
1846 3626
1846 3846
1846 8996
1846 18602
1846 19038
1846 20889
1859 23348
1859 23630
1875 5178
1875 23535
1904 3555
1913 285
1913 18602
1921 1158
1921 3692
1921 3699
1925 3740
1934 3206
1951 285
1951 2158
1951 2763
1951 3219
1951 3652
1951 3665
1951 3668
1951 3670
1951 3695
1951 3699
1951 3872
1951 3873
1951 4685
1951 12369
1951 17339
1951 17866
1951 18602
1951 19383
1951 19901
1951 20292
1971 3464
1976 11313
1976 11700
1976 19454
2036 3692
2043 3425
2043 23707
2049 22990
2053 0
2053 3219
2053 3803
2053 13232
2053 13796
2053 17843
2053 17880
2053 18426
2072 9113
2096 3425
2110 24226
2134 645
2134 2045
2134 2592
2134 2815
2134 3228
2134 3656
2134 3939
2134 12231
2134 19149
2134 24451
2148 11899
2167 18931
2184 155
2184 1975
2184 3941
2187 2194
2194 231
2194 287
2194 830
2194 1313
2194 2997
2194 3471
2194 3618
2194 3663
2194 3906
2194 3914
2194 3915
2194 6961
2194 9057
2194 12135
2194 13485
2194 21240
2194 24269
2194 24442
2195 19434
2197 18969
2239 19446
2239 23348
2254 23348
2274 966
2274 16256
2274 23348
2304 3666
2309 3618
2321 3643
2361 2750
2361 3777
2361 3798
2361 17830
2361 18169
2361 21786
2370 10811
2380 934
2387 1913
2387 3143
2387 3151
2387 3610
2387 3766
2387 3797
2387 3878
2387 3906
2387 4685
2387 6961
2387 7648
2387 9960
2387 11715
2387 13059
2387 18449
2387 19938
2387 20355
2387 23348
2392 3878
2392 11819
2392 20355
2410 3281
2411 2831
2411 6961
2411 10596
2411 14920
2411 19698
2411 23386
2413 503
2413 597
2413 2043
2413 2491
2413 2497
2413 3172
2413 3609
2413 3776
2413 3824
2413 3833
2413 3846
2413 3874
2413 3925
2413 3955
2413 4370
2413 12123
2413 13652
2413 16847
2413 23226
2413 24042
2424 15450
2425 3632
2425 3875
2425 12123
2425 18440
2425 19087
2436 13684
2442 2472
2442 2491
2442 3228
2442 3368
2442 3628
2442 3692
2442 3911
2442 9239
2442 10473
2442 18405
2442 18602
2467 3644
2467 3645
2487 1639
2487 3172
2487 3597
2487 3821
2487 3920
2487 20285
2487 20355
2487 22708
2487 24475
2491 54
2491 125
2491 1318
2491 2053
2491 3627
2491 3721
2491 4370
2491 5284
2491 15450
2491 18568
2491 19871
2497 934
2497 1694
2497 1846
2497 3228
2497 3524
2497 3540
2497 3609
2497 3610
2497 3623
2497 3643
2497 3681
2497 3783
2497 3787
2497 3788
2497 3810
2497 3827
2497 3843
2497 3879
2497 9799
2497 11698
2497 12900
2497 13786
2497 14211
2497 15594
2497 16186
2497 16847
2497 18917
2497 20897
2497 21954
2497 24442
2497 24640
2497 24722
2499 3692
2499 3826
2499 3906
2499 4370
2499 13969
2507 606
2507 3933
2508 349
2508 3554
2508 3618
2516 124
2516 1230
2516 1721
2516 2194
2516 2661
2516 3580
2516 6866
2516 8921
2516 12365
2516 13181
2516 18405
2516 20038
2516 22598
2563 3639
2569 24531
2578 3868
2578 11704
2578 13786
2584 24233
2591 3692
2591 20893
2592 260
2592 401
2592 1459
2592 3524
2592 3699
2592 3708
2592 3738
2592 3764
2592 3791
2592 4685
2592 5196
2592 6278
2592 6961
2592 8996
2592 10862
2592 11076
2592 11579
2592 11704
2592 11964
2592 13184
2592 13796
2592 14920
2592 18602
2592 21878
2592 23348
2592 24223
2592 24226
2592 24601
2621 19424
2622 3130
2622 3658
2622 18919
2622 22214
2622 24514
2628 3692
2628 4920
2633 9011
2655 11577
2655 20355
2661 20038
2697 3564
2697 6845
2697 11698
2713 18169
2736 753
2736 3617
2736 13270
2750 1361
2758 3666
2812 3802
2831 814
2831 1251
2831 2194
2831 2633
2831 3667
2831 3941
2831 6961
2831 14805
2831 15391
2831 21699
2831 23348
2831 24226
2840 3855
2840 22513
2876 726
2918 10566
2931 3702
2939 3753
2997 21
2997 1678
2997 2499
2997 3228
2997 3616
2997 3723
2997 5284
2997 14387
2997 17880
2997 19871
2997 20893
2997 23630
2998 410
2998 1123
2998 2425
2998 8993
2998 16067
2998 23039
3019 3850
3049 3613
3049 3846
3049 14805
3049 19730
3051 3812
3051 8321
3060 19433
3067 9025
3072 20355
3091 13155
3113 3219
3113 9177
3113 10292
3113 11157
3113 18602
3130 3921
3130 12528
3130 18602
3139 13196
3143 1913
3143 3172
3143 3826
3143 3906
3143 24269
3143 24579
3153 1403
3171 3228
3171 3658
3171 3826
3171 13934
3171 15187
3172 934
3172 2997
3172 3626
3172 3766
3172 11819
3172 20355
3172 23707
3175 15414
3200 21899
3203 3372
3206 11579
3206 14232
3206 20512
3206 21786
3219 18231
3222 3797
3227 2327
3227 3499
3227 3692
3227 3812
3227 5329
3227 7648
3227 16591
3227 21337
3228 12900
3250 929
3275 2413
3276 902
3288 3468
3288 3690
3288 3730
3288 3958
3288 9025
3292 3724
3292 3753
3292 24018
3293 13232
3330 3292
3330 3679
3372 21240
3397 54
3425 2413
3425 2487
3425 24474
3433 18396
3462 642
3462 1842
3462 2194
3462 3618
3462 3790
3462 8984
3462 20429
3462 24570
3471 2298
3471 3633
3471 20387
3486 21209
3496 1649
3506 24203
3524 124
3524 3421
3531 12123
3541 3856
3546 11929
3553 23085
3555 642
3555 4638
3555 19038
3555 21240
3555 24722
3576 20355
3579 20904
3597 13196
3604 5329
3605 3918
3608 23956
3611 3486
3611 6681
3611 14905
3613 6961
3614 11715
3618 3843
3618 23039
3619 23039
3620 4370
3622 12539
3623 9232
3623 13155
3625 5544
3626 23707
3628 7648
3631 3626
3632 10596
3633 3212
3636 3166
3636 24445
3640 745
3642 22513
3645 3644
3646 3644
3650 2425
3652 3853
3652 9177
3652 14361
3652 18401
3653 4440
3653 10473
3654 4920
3654 6937
3654 19901
3654 21899
3658 4638
3658 18034
3658 24252
3659 19886
3660 11929
3661 3429
3664 22209
3667 14976
3667 17041
3667 22744
3668 22209
3669 10260
3671 21079
3674 6278
3680 5544
3683 3692
3683 6651
3683 7778
3684 380
3684 18138
3684 18574
3684 19901
3685 4685
3686 1842
3692 3448
3692 6937
3692 13485
3692 14583
3696 1200
3697 6961
3699 3842
3699 6937
3699 23348
3704 3692
3707 14211
3709 3554
3709 3708
3710 18449
3718 17922
3719 9239
3720 3698
3721 16859
3725 3754
3726 24133
3727 17071
3728 22559
3729 10292
3729 24224
3731 2481
3732 3739
3734 21240
3735 3448
3737 9325
3744 19424
3744 20904
3748 1661
3748 21899
3750 3726
3753 7778
3753 21899
3754 194
3754 934
3754 2442
3754 3452
3754 3769
3754 3827
3754 17306
3754 20028
3754 24226
3756 23348
3758 11819
3759 24325
3764 3495
3767 4920
3771 3663
3773 9177
3777 2194
3777 3545
3777 13184
3777 16608
3777 19901
3785 17966
3788 24451
3799 16863
3801 14333
3803 81
3803 3831
3803 5544
3803 9239
3804 24531
3806 21240
3807 5232
3808 3363
3809 8999
3809 20917
3817 24033
3817 24224
3818 401
3819 11700
3822 240
3824 54
3824 903
3824 3929
3824 9025
3824 12365
3824 14920
3824 18619
3824 20883
3828 1789
3829 10292
3831 3047
3832 14806
3836 23226
3841 15450
3841 17732
3843 2194
3843 3904
3843 14295
3843 15776
3843 16892
3843 19446
3843 24570
3843 24722
3847 23707
3850 24460
3855 6961
3855 24226
3856 19896
3857 7778
3860 3849
3862 3868
3864 12900
3864 19446
3866 13232
3867 16750
3871 13196
3875 438
3875 2361
3875 3929
3875 5539
3875 8820
3875 13652
3875 22855
3876 22513
3877 20355
3878 20355
3880 3883
3881 11657
3883 3912
3884 14171
3884 23348
3886 12365
3890 6869
3891 20038
3892 10596
3893 10596
3898 23921
3900 24252
3901 3853
3910 1975
3911 23707
3918 3949
3921 2467
3927 19901
3928 2275
3931 4458
3932 20812
3935 14969
3942 15391
3945 3944
4196 3899
4196 7667
4340 1507
4340 17880
4340 19446
4393 13810
4406 2655
4406 20904
4406 21913
4407 23226
4440 285
4440 574
4440 3468
4440 3615
4440 3761
4440 3936
4440 4084
4440 6937
4440 14333
4440 18602
4447 15814
4638 2423
4638 14805
4685 608
4685 1312
4685 1913
4685 3545
4685 3615
4685 3698
4685 3940
4685 12123
4685 18169
4685 18931
4685 20028
4685 22209
4685 22559
4685 23348
4685 23841
4781 3618
4920 630
4920 644
4920 966
4920 1430
4920 1851
4920 2573
4920 2633
4920 3684
4920 3777
4920 3824
4920 3913
4920 11149
4920 11929
4920 13485
4920 15570
4920 15848
4920 16345
4920 20021
4920 21107
4920 23226
4920 23348
4920 24413
5107 287
5152 5409
5152 20726
5178 285
5178 2633
5178 3681
5178 3702
5178 3710
5178 3718
5178 3940
5178 6866
5178 8321
5178 10183
5178 11536
5178 13786
5178 16345
5178 18169
5178 19901
5178 21899
5178 22598
5178 23226
5178 23630
5178 24252
5178 24695
5196 410
5196 1842
5196 2194
5196 16859
5232 6937
5284 2516
5284 12135
5284 17843
5284 19938
5313 3053
5313 9392
5329 2997
5329 3372
5329 3618
5329 3763
5329 3806
5329 7648
5329 10408
5329 11993
5329 16591
5329 16892
5329 20705
5329 20893
5329 24294
5345 20242
5409 6961
5409 24252
5544 2187
5544 3618
5544 3638
5544 3681
5544 9239
5544 11657
5544 12358
5544 16847
5729 2591
5729 12135
5845 2997
5855 9025
5914 20904
6049 13684
6054 205
6095 3658
6095 3848
6095 3941
6095 11579
6095 13066
6095 21913
6233 2487
6278 1284
6278 3692
6285 23039
6403 9321
6437 3674
6437 6278
6457 11579
6457 13203
6457 23320
6485 2622
6485 3681
6485 24252
6557 1842
6557 3663
6557 3676
6557 3790
6557 3843
6557 15414
6557 16892
6557 20594
6557 24514
6575 3130
6575 18931
6627 12123
6640 3618
6806 2003
6811 3609
6811 11657
6845 3787
6845 3788
6845 3900
6845 17310
6845 21699
6850 3047
6866 8321
6866 24695
6874 15814
6937 3130
6937 3496
6937 10292
6937 23707
6944 14783
6955 13066
6961 20
6961 130
6961 253
6961 510
6961 2633
6961 3113
6961 3608
6961 3611
6961 3679
6961 3777
6961 3815
6961 3888
6961 6095
6961 7648
6961 9799
6961 9960
6961 11929
6961 12135
6961 14224
6961 18396
6961 19051
6961 19454
6961 20638
6961 21337
6961 23348
6961 24223
6961 24640
6961 24695
7291 14595
7405 3627
7410 3081
7410 21878
7498 2516
7499 11536
7648 642
7648 3130
7648 3826
7648 3862
7648 3934
7648 6095
7648 8996
7648 9799
7648 11149
7648 12123
7648 13232
7648 13406
7648 16420
7648 20893
7648 24294
7667 3597
7667 16859
7778 3929
7778 3957
7778 23348
7785 19742
7862 1971
8052 3903
8098 11760
8102 12123
8102 23348
8107 3855
8127 2997
8127 13796
8199 935
8199 3804
8235 1018
8235 14888
8305 554
8305 18056
8305 19554
8305 20512
8321 876
8321 3130
8363 3883
8363 14361
8363 24018
8436 1383
8436 3527
8436 3692
8436 3729
8436 14054
8456 3667
8733 3670
8820 348
8876 24252
8921 8820
8984 1740
8984 1842
8984 9239
8984 11579
8984 11715
8984 11725
8984 24570
8984 24626
8991 19901
8993 9025
8995 10168
8995 17675
8996 1587
8996 2187
8996 3172
8996 3227
8996 3618
8996 3803
8996 5329
8996 9461
8996 12181
8996 13118
8996 13211
8996 14806
8996 14888
8996 18396
8996 19434
8996 19901
8996 22214
8996 22559
8996 24531
8996 24722
9011 606
9011 1934
9011 2053
9011 2516
9011 3227
9011 11313
9011 12123
9011 13203
9011 17276
9025 642
9025 814
9025 1123
9025 1173
9025 1694
9025 1913
9025 2633
9025 2700
9025 3471
9025 3618
9025 3619
9025 3647
9025 3687
9025 3692
9025 3751
9025 4685
9025 6961
9025 16256
9025 16345
9025 18034
9025 20787
9025 23348
9025 23630
9025 23683
9025 24442
9057 1244
9057 1613
9057 1899
9057 2283
9057 2516
9057 2655
9057 3627
9057 3658
9057 3684
9057 5196
9057 10121
9057 11817
9057 13184
9057 20787
9057 20812
9057 20892
9057 23348
9057 24442
9136 2491
9177 726
9177 2516
9177 2763
9177 3627
9177 3666
9177 3679
9177 3791
9177 3839
9177 6991
9177 10473
9177 14976
9232 18602
9239 519
9239 1551
9239 2197
9239 2387
9239 3651
9239 3663
9239 3761
9239 3783
9239 3844
9239 3873
9239 3935
9239 11579
9239 11657
9239 11715
9239 12231
9239 12834
9239 14295
9239 23226
9239 24722
9325 15406
9365 2655
9365 3681
9553 9025
9724 285
9724 6627
9724 9239
9724 24226
9842 2633
9842 3626
9842 3647
9842 5409
9842 9025
9842 11715
9842 14414
9842 16345
9842 18405
9842 18764
9842 20285
9842 20883
9842 24252
9842 24508
9851 8305
9960 11715
9960 14783
9960 16897
9960 19938
10121 3783
10168 3755
10168 3810
10183 630
10183 11872
10183 19901
10253 2467
10253 18405
10292 510
10292 907
10292 1925
10292 2275
10292 2387
10292 2592
10292 2763
10292 3051
10292 3206
10292 3524
10292 3658
10292 3681
10292 3691
10292 3697
10292 3740
10292 3745
10292 3773
10292 3777
10292 3789
10292 3849
10292 3853
10292 3860
10292 3868
10292 3872
10292 3884
10292 8321
10292 8820
10292 8984
10292 9724
10292 11076
10292 11149
10292 12106
10292 12123
10292 13184
10292 14224
10292 14583
10292 14920
10292 17157
10292 18405
10292 18449
10292 19901
10292 22598
10292 24226
10292 24325
10292 24579
10307 12834
10307 15776
10307 18927
10558 11715
10566 1403
10566 2194
10566 24332
10811 1013
10811 1123
10811 1846
10811 3162
10811 3627
10811 3656
10811 3658
10811 3681
10811 3690
10811 3706
10811 3719
10811 3777
10811 3829
10811 3840
10811 3849
10811 3860
10811 3898
10811 3941
10811 9025
10811 11157
10811 11929
10811 19038
10811 19871
10811 20783
10811 23226
10811 23348
11045 18602
11076 934
11076 14224
11130 4123
11157 510
11157 642
11157 3219
11157 3288
11157 3691
11157 3730
11157 4920
11157 8820
11157 9799
11157 11929
11157 20285
11157 22613
11157 24226
11157 24514
11276 253
11313 3618
11313 3832
11313 12198
11313 12900
11313 14806
11313 21884
11460 13270
11503 7892
11503 12900
11536 1934
11536 2592
11536 3729
11536 3932
11536 3941
11536 7648
11536 10292
11536 11929
11536 18602
11536 23630
11536 24325
11577 130
11577 3860
11577 3868
11577 3920
11577 10292
11579 253
11579 1403
11579 2194
11579 3462
11579 3694
11579 3795
11579 8996
11657 1264
11657 1551
11657 2254
11657 2423
11657 3555
11657 3618
11657 18955
11669 17299
11684 213
11684 642
11684 814
11684 966
11684 2043
11684 2195
11684 3151
11684 3258
11684 3425
11684 3554
11684 3653
11684 3689
11684 3821
11684 6937
11684 12135
11684 14224
11684 18271
11684 24246
11684 24325
11687 23348
11698 3914
11698 16847
11698 19177
11698 19434
11700 3626
11700 16163
11715 1020
11715 3803
11715 13406
11715 24252
11725 9239
11727 1403
11727 2442
11727 10121
11756 3884
11817 3471
11817 3681
11817 3826
11817 8993
11817 11313
11817 13786
11817 17675
11817 20021
11817 23348
11819 3797
11819 3878
11861 3823
11861 19683
11861 20242
11861 20355
11899 814
11899 3228
11899 3681
11929 12135
11929 21786
11964 11076
11967 4920
11971 3613
12053 3363
12053 3651
12123 1158
12123 3227
12123 3703
12123 22214
12123 23348
12135 410
12135 510
12135 1318
12135 1913
12135 2516
12135 3151
12135 3228
12135 3468
12135 3471
12135 3608
12135 3611
12135 3627
12135 3648
12135 3668
12135 3690
12135 3691
12135 3708
12135 3710
12135 3738
12135 3740
12135 3745
12135 3773
12135 3898
12135 3948
12135 5232
12135 9799
12135 10292
12135 11579
12135 18602
12135 24562
12198 3783
12198 13684
12198 16859
12198 17880
12209 24180
12358 23782
12375 3618
12528 3172
12528 20355
12528 21209
12539 11460
12539 21954
12560 18271
12564 14736
12564 18169
12634 8993
12774 3762
12774 3831
12774 13786
12834 12900
12870 3619
12870 3714
12870 5345
12870 22513
12874 287
12874 642
12874 2416
12874 9025
12874 9177
12874 19434
12874 24442
12898 800
12898 3665
12900 213
12900 3051
12900 3554
12900 3618
12900 3868
12900 3940
12900 15450
12900 16859
12900 24699
13003 205
13003 2425
13003 3506
13003 3554
13003 3564
13003 3827
13003 4370
13003 15450
13003 16608
13003 16847
13003 18438
13003 19087
13027 2134
13027 2167
13027 3656
13027 3763
13027 3880
13027 3883
13027 15814
13027 18602
13027 18689
13027 19051
13027 20883
13027 22882
13059 20355
13066 3848
13066 17675
13155 3653
13155 3692
13155 3764
13155 3770
13155 3824
13155 19871
13181 3868
13191 12900
13196 2025
13196 3742
13196 3844
13196 13518
13196 14295
13196 18602
13203 14224
13232 533
13232 1658
13232 1865
13232 1976
13232 3618
13232 3899
13232 16591
13232 17055
13232 19038
13232 19446
13232 22513
13232 23039
13232 24269
13232 24460
13232 24570
13270 642
13270 1613
13270 3678
13270 17675
13270 19087
13343 20787
13379 2978
13406 438
13466 17306
13466 18969
13483 12572
13485 2831
13485 19901
13489 3681
13489 20021
13518 3844
13518 21800
13552 24445
13652 2569
13684 349
13684 533
13684 902
13684 934
13684 1740
13684 1976
13684 2194
13684 3122
13684 3228
13684 3292
13684 3494
13684 3618
13684 3681
13684 3761
13684 3769
13684 3841
13684 3915
13684 3919
13684 3925
13684 3944
13684 6806
13684 7892
13684 11657
13684 13786
13684 15181
13684 16859
13684 17880
13684 23039
13684 24640
13694 11579
13786 830
13786 1842
13786 2053
13786 2425
13786 3462
13786 3627
13786 3651
13786 3656
13786 3668
13786 3671
13786 3679
13786 3690
13786 3695
13786 3702
13786 3762
13786 3783
13786 3827
13786 8321
13786 10292
13786 11929
13786 15688
13786 17276
13786 23226
13786 23348
13786 23581
13786 23956
13786 24442
13786 24451
13796 1842
13796 3608
13796 3610
13796 3663
13796 8996
13796 17843
13796 20594
13845 1064
13845 22513
13969 993
13969 1507
13969 3172
13969 3471
13969 3613
13969 8305
13969 15542
13969 19554
14010 3554
14010 3943
14054 814
14054 934
14054 20705
14147 3639
14211 814
14211 1318
14211 1424
14211 18438
14211 19051
14211 21954
14211 24702
14224 11929
14224 15229
14224 23320
14232 608
14232 642
14232 3123
14232 3219
14232 3564
14232 3851
14232 18449
14232 23956
14295 3618
14295 3881
14295 21240
14333 2318
14361 3956
14361 24018
14387 3564
14387 3679
14387 3824
14387 15181
14424 3903
14469 7291
14469 24451
14500 3667
14500 23348
14507 7554
14805 1430
14805 2167
14805 2643
14805 3171
14805 3228
14805 3842
14805 3940
14805 9057
14805 12900
14805 13184
14806 946
14806 3618
14806 3806
14806 3925
14806 11669
14806 13489
14806 17299
14835 1676
14835 7795
14920 642
14920 1913
14920 2413
14920 2499
14920 3575
14920 3626
14920 3627
14920 3644
14920 3695
14920 3735
14920 3776
14920 3839
14920 3868
14920 8820
14920 9011
14920 11687
14920 13489
14920 14387
14920 14806
14920 16340
14920 16345
14920 18063
14920 20028
14920 20904
14920 21878
14920 22214
14920 22598
14920 23213
14920 23348
14920 23630
14920 24695
14927 3789
14969 3934
14976 24445
15116 12870
15116 24722
15187 4370
15196 6095
15196 21954
15196 24451
15229 934
15229 11725
15229 17081
15229 20889
15229 22341
15277 7291
15282 642
15282 2110
15282 2442
15282 2763
15282 3839
15282 18034
15282 24226
15282 24282
15324 3471
15345 2053
15345 2387
15404 19896
15410 13726
15410 20517
15437 2425
15447 2592
15447 3941
15447 13489
15447 14806
15447 18602
15447 24695
15450 213
15450 287
15450 438
15450 1658
15450 1718
15450 2467
15450 3564
15450 3618
15450 3817
15450 3827
15450 3906
15450 5329
15450 6961
15450 17576
15450 18917
15450 19577
15450 21240
15450 23630
15688 934
15688 12900
15688 14224
15688 19446
15688 19883
15688 20429
15698 2129
15698 3832
15698 17299
16018 23630
16047 2655
16047 20355
16067 19105
16067 19446
16163 18424
16163 20028
16186 800
16186 1384
16186 16340
16256 567
16256 23348
16300 13726
16548 18955
16581 510
16581 2467
16581 3627
16581 11157
16608 23535
16847 2831
16847 17675
16859 0
16859 349
16859 1551
16859 2918
16859 3372
16859 3618
16859 3775
16859 3806
16859 3811
16859 3846
16859 3850
16859 6557
16859 6806
16859 7892
16859 11313
16859 13518
16859 14295
16859 17055
16859 17880
16859 24460
16859 24570
16863 19901
16892 22513
16892 23782
16892 24722
16897 156
16897 510
16897 934
16897 2387
16897 3651
16897 6961
16897 8984
16897 9239
16897 11715
16897 18449
16897 19871
16897 19938
16897 24226
16897 24252
17050 20355
17057 13099
17058 4920
17066 3663
17097 2425
17157 2633
17157 3751
17157 23630
17299 3081
17299 3516
17299 11715
17300 3832
17300 3835
17300 24722
17312 22708
17338 10856
17338 14976
17339 18602
17576 3763
17576 3769
17576 3841
17576 13196
17576 17732
17675 1846
17675 1913
17675 2413
17675 2633
17675 3626
17675 3681
17675 3716
17675 3721
17675 3740
17675 3833
17675 3868
17675 3900
17675 11460
17675 12528
17675 13003
17675 16047
17675 23407
17706 574
17706 3777
17732 10473
17732 18034
17749 24722
17830 8305
17830 12365
17843 3779
17866 12369
17866 13489
17880 17843
17950 2763
17950 3773
17950 5232
18034 1913
18034 2862
18034 3335
18034 3536
18034 3554
18034 3567
18034 3624
18034 3777
18034 13232
18034 13786
18034 18602
18034 20783
18034 21899
18034 24252
18056 19446
18056 21954
18169 1694
18169 1913
18169 2655
18169 3692
18169 3941
18169 13363
18169 14888
18169 16256
18169 17675
18169 17880
18169 19901
18169 23348
18169 23535
18169 23630
18169 24640
18231 16345
18271 1833
18271 3847
18271 20812
18401 2370
18401 10811
18401 23348
18401 24033
18402 3486
18407 1424
18424 20242
18438 3826
18438 9025
18449 2516
18449 3608
18472 574
18568 3698
18574 3162
18574 20817
18574 22598
18574 23226
18574 24365
18602 1116
18602 3706
18602 3729
18602 3849
18602 3853
18602 3860
18602 3919
18602 12898
18602 14920
18602 17830
18602 19901
18604 3786
18619 285
18619 1976
18619 2361
18619 2467
18619 3621
18619 3715
18619 3723
18619 3869
18619 3870
18619 3873
18619 6937
18619 6961
18619 7554
18619 13155
18619 14805
18619 18919
18619 21786
18619 22559
18619 23213
18619 24288
18619 24413
18689 252
18689 642
18689 1833
18689 2750
18689 3506
18689 3658
18689 3753
18689 3798
18689 3827
18689 3841
18689 3880
18689 3940
18689 16340
18689 18169
18689 20762
18689 24033
18754 22598
18764 386
18764 3564
18764 3626
18855 19554
18917 2025
18917 3810
18919 13726
18919 22214
18940 13684
18940 24312
19023 15332
19038 3618
19059 2467
19059 3644
19059 3776
19059 13485
19087 2499
19087 3626
19087 11577
19087 11704
19087 23348
19105 3671
19105 19446
19143 22598
19149 124
19149 285
19149 642
19149 2467
19149 2763
19149 3608
19149 3666
19149 3681
19149 3685
19149 3695
19149 13489
19149 17922
19149 21899
19149 22598
19149 23348
19149 24325
19172 3618
19301 6806
19383 14976
19421 1123
19424 2655
19424 20355
19434 22276
19445 3906
19446 606
19446 7892
19446 19883
19446 23348
19454 3335
19454 3940
19554 2997
19554 3051
19554 3941
19577 2425
19683 3714
19683 21954
19685 630
19685 2467
19685 3200
19685 3206
19685 12167
19685 19901
19730 1507
19730 3827
19730 3888
19730 20893
19730 24640
19870 3929
19870 12870
19871 3363
19871 24326
19879 3826
19890 2763
19894 2633
19894 3824
19894 3917
19894 19901
19896 3851
19901 608
19901 610
19901 1679
19901 2516
19901 3228
19901 3575
19901 3702
19901 3769
19901 3829
19901 3851
19901 3853
19901 3861
19901 3885
19901 3917
19901 6095
19901 6937
19901 8321
19901 15450
19901 19149
19901 21107
19901 22209
19901 23226
19901 24413
19938 3143
19938 3906
19938 6961
19938 11715
19958 11936
20058 3415
20058 3726
20058 11725
20058 14010
20058 14387
20061 22513
20087 3647
20242 3642
20242 3823
20242 21884
20285 348
20285 2763
20285 3626
20285 3681
20285 14054
20285 18440
20355 1493
20355 3613
20355 3626
20355 3681
20355 3917
20355 3941
20355 11684
20355 11698
20355 13099
20355 14224
20355 19434
20355 20726
20355 20889
20387 1313
20387 3228
20387 3618
20387 8995
20387 9025
20435 2918
20435 3663
20512 3826
20517 3919
20517 13181
20638 3206
20638 3705
20681 13184
20762 9113
20778 804
20787 19896
20812 9
20812 3679
20812 8996
20812 14147
20812 14387
20812 21786
20812 24033
20817 804
20817 3684
20817 3776
20817 3886
20883 20292
20883 22882
20892 15450
20892 23348
20897 3564
20897 3714
20904 1430
20904 2700
20904 3884
21058 285
21058 1116
21058 1251
21058 2499
21058 3143
21058 3726
21058 4407
21058 15814
21058 23226
21079 3139
21079 10408
21079 24722
21177 11899
21177 12123
21192 10566
21213 0
21213 13184
21233 3777
21233 23348
21240 902
21240 1018
21240 3618
21240 3667
21240 3681
21240 3844
21240 9239
21240 13196
21240 13684
21240 14920
21240 16847
21240 16859
21240 24294
21356 1018
21356 8820
21356 22598
21356 24514
21402 3913
21699 1913
21699 2158
21699 2413
21699 3051
21699 3162
21699 3228
21699 3452
21699 3496
21699 3554
21699 3610
21699 3617
21699 3618
21699 3627
21699 3681
21699 3716
21699 3761
21699 3763
21699 3766
21699 3770
21699 3773
21699 3776
21699 3783
21699 3793
21699 3816
21699 3821
21699 3824
21699 3826
21699 3830
21699 3833
21699 3842
21699 3850
21699 3940
21699 3941
21699 3944
21699 11698
21699 12123
21699 20355
21699 21337
21699 22214
21699 22276
21699 22708
21699 23226
21699 23535
21699 23630
21786 3679
21800 606
21800 9239
21800 24722
21813 3372
21813 3627
21858 22598
21872 3195
21872 11760
21876 3691
21878 410
21878 1318
21878 3363
21878 3545
21898 7648
21899 3751
21899 3812
21899 3941
21899 4920
21899 13489
21899 15570
21899 16018
21899 18405
21899 19059
21899 23630
21913 934
21954 3524
21954 3652
21954 3753
21954 3902
21954 11698
21954 13270
21954 14387
21954 18405
22092 3615
22134 15688
22208 8993
22209 1951
22209 3545
22209 3712
22209 18931
22209 24326
22214 2569
22214 24531
22217 9365
22227 3667
22276 642
22276 2110
22276 3038
22276 3575
22276 11698
22341 130
22341 934
22341 20242
22412 253
22412 24695
22513 2633
22513 3151
22513 3292
22513 3619
22513 3925
22513 6811
22513 18437
22513 20242
22598 24365
22708 3576
22708 18602
22807 227
22807 642
22807 673
22807 726
22807 1244
22807 3219
22807 3627
22807 3681
22807 3690
22807 3702
22807 3826
22807 3829
22807 3868
22807 3873
22807 3884
22807 3929
22807 6845
22807 8107
22807 8921
22807 11488
22807 11536
22807 13684
22807 16256
22807 17922
22807 22559
22807 23348
22880 6627
22880 12123
22882 41
22882 3620
22882 8975
22882 19693
22906 3702
23039 2152
23039 12198
23039 24442
23226 3690
23226 23348
23254 12135
23348 252
23348 2167
23348 2370
23348 2416
23348 3206
23348 3868
23348 3918
23348 15814
23348 18931
23348 22559
23348 23630
23348 24033
23348 24326
23407 2283
23407 13363
23535 6866
23630 3725
23630 18574
23707 3869
23707 3898
23707 14224
23711 7816
23782 1904
23782 6806
23799 8623
23846 23348
23906 16340
23921 6937
23946 934
23946 4638
23946 6437
23946 7892
23946 16859
23956 3335
23956 3885
24018 23535
24033 24226
24033 24692
24142 3545
24150 15450
24150 18689
24167 0
24167 3604
24167 16859
24191 804
24223 5767
24224 4685
24224 24392
24226 502
24226 3705
24226 3830
24226 5232
24226 6961
24226 14976
24226 22205
24226 24282
24226 24695
24252 763
24252 2195
24252 2633
24252 3206
24252 3363
24252 3639
24252 3663
24252 3829
24252 3862
24252 3940
24252 3941
24252 6095
24252 12123
24252 13406
24252 23348
24252 24695
24266 24445
24276 23348
24281 3777
24281 19730
24281 23348
24312 3681
24322 15229
24326 3729
24365 2516
24365 10183
24365 21107
24390 16750
24392 3817
24409 6095
24442 285
24442 3681
24442 3824
24442 8995
24442 11698
24448 3660
24460 1658
24460 3841
24460 3899
24460 9011
24460 19154
24460 20892
24460 23039
24460 24570
24463 194
24472 24442
24474 3699
24492 24722
24498 3172
24508 3919
24515 3692
24518 3697
24531 3868
24531 6937
24531 10473
24531 14805
24531 23841
24531 24445
24570 1842
24579 285
24579 1158
24579 3554
24579 3692
24591 6575
24664 9842
24692 2750
24692 3793
24692 3798
24692 3956
24692 11929
24692 24702
24695 12135
24707 3697
24707 6961
24707 14976
24710 8115
0 4216
0 4221
0 4223
7 2655
21 1215
21 3988
21 4030
21 4055
21 4090
21 4188
21 4235
21 4270
21 5178
21 10090
21 14361
21 18034
21 18619
21 21402
44 4026
44 8353
44 13196
44 16613
44 16892
44 23927
97 6049
97 24381
115 2591
115 2680
115 2924
115 3921
115 3978
115 4000
115 4003
115 4066
115 4094
115 4136
115 5329
115 9842
115 12198
115 12870
115 24250
115 24579
125 285
125 5845
125 9011
125 10566
125 17299
125 17880
125 18426
139 4262
149 2197
149 2487
149 15404
149 20355
155 1116
155 16256
156 13099
160 1951
160 21876
213 2385
213 3618
213 3980
213 4016
213 4081
213 4094
213 4099
213 4116
213 4130
213 11149
213 12117
213 13065
213 13196
213 14414
213 19888
213 21768
215 13483
230 2680
231 4235
231 14920
252 7778
271 4041
271 15450
271 16608
285 3921
285 11579
285 17342
287 606
287 1658
287 2924
287 4292
287 9239
287 9842
287 12834
287 16608
287 19488
287 21890
287 24393
320 560
320 2385
320 3829
334 2592
341 4099
341 4106
347 642
347 23348
348 642
348 692
348 2036
348 3666
348 4146
348 6651
348 15282
348 18602
349 287
349 934
349 1904
349 2984
349 3555
349 3954
349 4289
349 8353
349 9030
349 9239
349 11503
349 11955
349 16998
349 24722
351 18472
364 4062
386 3610
386 3983
386 13684
386 14224
386 16859
386 21634
386 22513
394 684
394 24274
401 9461
401 22856
412 2350
424 2497
433 4099
438 666
454 2497
454 4217
454 11967
465 15450
477 24644
524 11861
524 17276
525 1264
525 4079
525 16892
540 3825
560 1970
560 4156
560 10791
567 4018
567 10811
570 1658
572 4154
574 23707
579 7
584 3246
596 831
596 3301
596 10791
596 16892
596 23707
596 24692
601 4210
606 804
606 2119
606 6049
606 10292
606 13518
606 14387
606 17252
606 19488
606 24460
608 1158
608 12135
610 2092
642 606
642 927
642 1215
642 1312
642 1333
642 1538
642 1751
642 2050
642 2301
642 2318
642 2340
642 2491
642 2591
642 2655
642 2840
642 2938
642 2961
642 3007
642 3233
642 3551
642 3652
642 3792
642 3920
642 3948
642 3967
642 3973
642 3975
642 3991
642 4005
642 4018
642 4035
642 4061
642 4064
642 4074
642 4080
642 4092
642 4094
642 4099
642 4129
642 4134
642 4156
642 4175
642 4176
642 4178
642 4192
642 4193
642 4212
642 4224
642 4227
642 4230
642 4240
642 4245
642 4250
642 4260
642 4263
642 4268
642 4283
642 4285
642 4291
642 4292
642 4301
642 4305
642 4309
642 4685
642 5232
642 6040
642 6054
642 11062
642 12117
642 12123
642 13155
642 13184
642 13337
642 14034
642 14835
642 15410
642 16087
642 17342
642 18440
642 18449
642 20038
642 21064
642 23219
642 24565
643 3968
644 929
644 3921
644 22708
653 24451
659 3692
673 2318
673 4241
673 4302
673 24226
674 80
674 401
674 2831
674 3456
674 13270
674 19554
674 20883
674 21690
674 22856
674 23943
692 24226
693 2194
701 1538
701 3551
701 3874
701 3968
701 4000
701 4214
701 4266
701 4295
701 14835
701 17809
737 4055
737 4092
737 11700
737 14920
737 19901
737 23846
763 44
764 3005
764 4289
776 9011
800 1346
800 1887
800 23039
804 1237
804 1403
804 3948
804 14387
814 6811
814 23226
830 287
830 503
830 606
830 804
830 1725
830 1887
830 2041
830 2396
830 2524
830 2801
830 2831
830 2997
830 3222
830 3255
830 3471
830 3554
830 3608
830 3609
830 3825
830 3899
830 3921
830 3926
830 3948
830 3973
830 4020
830 4044
830 4076
830 4102
830 4215
830 4920
830 5345
830 6681
830 7414
830 7683
830 9025
830 9724
830 10292
830 11313
830 11700
830 14034
830 14224
830 14805
830 15187
830 15410
830 15995
830 17097
830 18955
830 24568
831 14500
836 24230
847 287
847 21878
895 946
929 7
929 503
929 3652
929 4163
934 3831
934 4154
934 6811
934 6961
934 11503
937 17157
938 1846
946 1105
946 4293
966 2946
966 4247
966 5232
1013 115
1013 2092
1013 3921
1013 4163
1013 4230
1013 8491
1013 9842
1013 12135
1013 17342
1018 814
1018 1998
1018 3961
1018 4058
1022 10566
1092 3756
1094 18955
1097 3679
1105 830
1105 1904
1105 2072
1105 3219
1105 3920
1105 3968
1105 4004
1105 4005
1105 4006
1105 4064
1105 4073
1105 4209
1105 4249
1105 4296
1105 4308
1105 4879
1105 9057
1105 9655
1105 13626
1105 13786
1105 14805
1105 16186
1105 16892
1105 18602
1105 19866
1105 20038
1105 20726
1105 20917
1106 18602
1110 4928
1110 5084
1116 1280
1116 3528
1116 4022
1116 4031
1125 1846
1137 800
1137 1388
1137 1725
1137 2917
1137 3921
1137 3980
1137 4094
1137 4105
1137 4119
1137 4122
1137 4130
1137 10791
1137 13191
1137 17276
1137 20038
1137 21768
1137 23348
1137 24381
1140 1970
1140 4190
1140 4685
1148 4110
1158 4278
1158 4685
1158 17568
1158 22882
1173 4177
1178 1280
1215 503
1215 1403
1215 1970
1215 3938
1215 4035
1215 18940
1215 19888
1215 21402
1215 21954
1221 4094
1234 4195
1234 4196
1234 6049
1234 19870
1244 830
1244 2425
1244 4147
1244 14224
1251 24226
1257 19488
1270 643
1270 6961
1270 9057
1270 13196
1270 13969
1270 22807
1270 24252
1280 2236
1280 18718
1284 3666
1285 17809
1311 1657
1312 3206
1312 3918
1312 4309
1312 15447
1313 287
1313 2385
1313 3189
1313 4027
1313 4183
1313 8102
1313 15410
1323 16581
1333 14920
1346 20904
1347 3049
1384 662
1384 1493
1384 3921
1384 11599
1403 1734
1403 3551
1403 3938
1403 3948
1403 4043
1403 4099
1403 4154
1403 4226
1403 4304
1403 21699
1407 213
1407 14920
1407 24393
1430 287
1430 644
1430 830
1430 1013
1430 1097
1430 1333
1430 1951
1430 2036
1430 2317
1430 3034
1430 3654
1430 3679
1430 3708
1430 3938
1430 3998
1430 4017
1430 4032
1430 4043
1430 4132
1430 4193
1430 4242
1430 4262
1430 4297
1430 6961
1430 7499
1430 7648
1430 9842
1430 10253
1430 12135
1430 13379
1430 16880
1430 17880
1430 18449
1430 18602
1430 21899
1430 24206
1430 24393
1441 5313
1459 1403
1493 2592
1493 20886
1538 662
1538 927
1538 1116
1538 3528
1538 4106
1538 4171
1538 4175
1538 14691
1551 20787
1581 20817
1599 24226
1631 2831
1648 19888
1658 115
1658 3227
1658 4064
1658 4157
1658 4928
1658 10168
1665 1270
1665 4057
1665 4215
1665 20904
1667 4295
1667 17310
1676 17055
1684 804
1692 1493
1692 1725
1692 3846
1692 24451
1721 2961
1725 19554
1734 1280
1740 40
1740 287
1740 2815
1740 12231
1740 16859
1741 764
1741 1790
1741 3866
1741 3955
1741 4081
1741 10811
1741 21240
1763 606
1763 3139
1763 4279
1763 21240
1780 3620
1780 4221
1780 4230
1780 4235
1780 4248
1780 9057
1780 15410
1784 830
1784 20817
1784 24710
1796 20726
1842 17724
1842 23782
1846 1667
1846 2050
1846 2996
1846 3172
1846 3610
1846 3967
1846 4240
1846 7778
1846 14295
1846 17310
1846 18689
1846 19437
1846 20355
1846 23320
1859 2700
1859 8091
1859 8321
1859 9842
1887 8996
1887 17349
1887 20917
1888 4920
1888 6991
1899 1280
1899 4031
1901 4126
1901 10566
1904 13232
1904 14595
1913 6961
1951 567
1951 606
1951 1280
1951 3991
1951 4056
1951 4263
1951 18619
1998 16336
2020 155
2036 149
2036 3829
2036 3986
2036 4169
2036 4210
2036 4260
2036 7778
2036 19379
2036 22708
2036 23707
2036 24405
2038 3825
2038 4026
2043 4225
2053 4010
2053 4218
2053 16998
2053 19870
2053 21899
2053 24154
2053 24393
2064 4209
2065 15450
2072 3921
2072 4095
2072 13379
2086 4166
2134 40
2134 3218
2134 13003
2134 17724
2134 21337
2143 642
2143 9239
2147 20726
2148 3337
2148 3792
2148 15450
2148 22217
2148 24710
2184 6557
2194 1725
2194 2680
2194 2767
2194 3130
2194 3143
2194 3554
2194 3613
2194 3939
2194 4105
2194 4216
2194 4218
2194 4265
2194 8993
2194 9011
2194 9239
2194 12209
2194 12444
2194 13027
2194 14224
2194 14387
2194 15410
2194 19554
2194 20893
2194 21800
2194 22234
2194 24127
2194 24695
2197 2487
2197 20355
2236 5901
2239 287
2239 814
2239 1887
2239 2996
2239 8996
2239 19888
2297 21786
2301 4270
2304 1913
2304 3219
2304 4257
2304 15450
2307 3803
2307 4018
2307 4164
2318 9842
2327 4879
2340 4173
2340 13003
2361 1063
2361 2938
2361 3049
2361 3853
2361 3926
2361 4288
2361 5178
2361 7481
2361 14361
2384 2655
2384 14414
2385 4920
2387 1769
2387 3978
2392 115
2392 2487
2392 2591
2392 4125
2392 4157
2392 4221
2392 4223
2411 1178
2411 1280
2411 1951
2411 4076
2411 4092
2411 6811
2411 12025
2411 16608
2411 17041
2413 2591
2413 3613
2413 4035
2413 5313
2413 6285
2415 4164
2421 5313
2421 8450
2421 15117
2421 23846
2421 23921
2425 814
2425 1333
2425 3846
2425 3921
2425 4093
2425 17342
2436 16859
2442 2380
2442 3708
2442 4022
2442 11929
2450 162
2450 3108
2467 1280
2487 642
2487 2996
2487 3455
2487 4035
2487 4221
2487 11698
2487 12949
2487 19437
2490 1970
2490 2550
2490 18602
2490 22513
2491 814
2491 2592
2491 3983
2491 5845
2491 8289
2491 17880
2491 24393
2493 12025
2497 320
2497 2996
2497 3554
2497 3792
2497 3980
2497 4105
2497 4154
2497 4217
2497 4242
2497 4273
2497 4278
2497 10168
2497 12135
2497 12774
2497 14189
2497 18034
2497 21634
2497 21768
2499 1388
2506 4273
2507 1270
2507 15145
2508 1384
2508 13118
2508 14387
2525 21899
2550 1092
2550 3399
2550 3933
2550 9724
2550 15450
2550 22214
2550 22882
2553 15610
2553 24665
2566 642
2578 14361
2578 19901
2583 1887
2583 11700
2583 18602
2591 1388
2591 15116
2592 115
2592 364
2592 642
2592 934
2592 1280
2592 1312
2592 1388
2592 1410
2592 1430
2592 1899
2592 1904
2592 1970
2592 2301
2592 2775
2592 3222
2592 3528
2592 3831
2592 3850
2592 3961
2592 4032
2592 4050
2592 4098
2592 4125
2592 4219
2592 6040
2592 6811
2592 9030
2592 11971
2592 13355
2592 13489
2592 15450
2592 16336
2592 16998
2592 20355
2592 21699
2592 24692
2602 16859
2622 3986
2633 287
2655 3982
2655 4157
2655 20517
2713 1970
2748 4118
2748 13003
2748 14171
2750 10121
2775 4099
2811 13327
2811 19938
2831 1430
2831 3868
2831 4005
2831 4018
2831 4063
2831 4225
2831 6054
2831 9011
2831 12135
2831 13726
2831 14224
2831 15450
2831 19446
2831 20242
2831 20893
2831 23707
2842 2831
2852 22673
2875 3709
2875 13969
2875 14195
2914 16087
2917 4094
2925 21954
2931 2775
2931 4086
2931 6557
2931 9655
2938 1184
2938 3921
2938 9177
2938 11684
2938 11971
2938 12135
2938 18602
2961 8363
2961 18602
2997 22882
2998 1493
2998 4928
2998 9842
2999 11715
3007 596
3007 4127
3007 14387
3007 24226
3023 13337
3049 3554
3049 3717
3049 4105
3049 4248
3049 11599
3049 18034
3049 20292
3051 4235
3051 4270
3078 4266
3078 10641
3078 14920
3078 24568
3087 19554
3113 4099
3130 3825
3130 14224
3139 21240
3143 4125
3143 8993
3143 13232
3143 17050
3171 606
3172 642
3172 1970
3172 2591
3172 2996
3172 4035
3172 4265
3172 4277
3172 4406
3172 11698
3172 19437
3172 22234
3172 24413
3172 24695
3203 3835
3206 15447
3206 24619
3222 3961
3227 4076
3227 11503
3261 644
3288 4017
3292 22882
3301 19890
3330 287
3330 684
3330 4217
3330 6049
3330 14195
3330 18602
3337 24710
3370 3971
3384 6961
3397 3617
3415 6811
3422 8733
3425 1312
3425 3967
3425 4268
3425 4273
3456 3921
3462 12198
3463 8102
3471 94
3484 7498
3551 23348
3555 13232
3579 3835
3579 14583
3579 19901
3596 3947
3609 16859
3610 6557
3610 10307
3610 24393
3613 2978
3613 9239
3613 11819
3618 3850
3620 1505
3620 3337
3652 3301
3652 4146
3652 6651
3653 4209
3654 5178
3654 12546
3699 4070
3705 4249
3705 15450
3709 3821
3733 23085
3758 3795
3803 1388
3803 1970
3803 3921
3803 4044
3803 5329
3817 21872
3817 23921
3820 6961
3821 20355
3824 726
3824 22708
3825 4099
3825 10566
3825 18619
3825 19437
3825 20726
3831 386
3831 1110
3831 3983
3831 5084
3831 14295
3831 24393
3843 4279
3843 4300
3843 4608
3843 6049
3843 11130
3843 13191
3843 21240
3850 3975
3850 4370
3850 6811
3853 3986
3854 8921
3859 22222
3865 814
3866 14806
3875 22882
3920 2387
3921 4685
3921 14224
3921 18619
3921 21240
3921 22807
3921 23226
3934 6961
3941 1085
3941 3610
3958 22927
3963 287
3966 15145
3969 15450
3971 3970
3977 24198
3979 11149
3980 14414
3982 5196
3985 3850
3986 4090
3986 4241
3988 3948
3991 18689
3991 24226
3994 3920
3997 21240
4000 17809
4001 17809
4004 12135
4006 21884
4007 24226
4012 16613
4018 16602
4019 21079
4023 14224
4028 9026
4028 17966
4028 19149
4029 3902
4033 7648
4037 7648
4045 16859
4046 800
4048 2591
4052 4049
4054 24224
4057 19768
4059 175
4063 21786
4065 13684
4065 21240
4066 19488
4066 20355
4067 2380
4068 2184
4071 9655
4074 9025
4077 1970
4077 2467
4078 24568
4079 2231
4082 4879
4085 15450
4094 10168
4094 24250
4097 3518
4099 9239
4102 4106
4103 4107
4104 4103
4105 6811
4106 642
4106 4249
4106 19149
4110 1520
4121 3929
4121 4272
4124 14361
4124 14387
4125 4136
4126 16859
4131 1237
4135 17050
4139 5729
4144 4142
4145 4146
4146 15282
4147 1970
4148 14595
4154 7648
4158 606
4160 4173
4167 2999
4173 3714
4175 6811
4179 3835
4182 14595
4186 4183
4191 1063
4191 4215
4191 15410
4191 20517
4194 1089
4196 4195
4196 6049
4198 6054
4199 15995
4200 1970
4202 4879
4208 22134
4211 4201
4213 4212
4216 12444
4218 9239
4220 4214
4223 4221
4224 13184
4225 12123
4226 24033
4227 24599
4229 24033
4232 4280
4232 18574
4233 16859
4239 3874
4240 14361
4241 18402
4242 644
4242 804
4242 3222
4242 4030
4242 4106
4242 4247
4242 4248
4242 4279
4242 4296
4242 11899
4242 11955
4242 13196
4242 15450
4242 17880
4242 18602
4242 18604
4242 19454
4242 24393
4245 9239
4246 2119
4251 4273
4252 4250
4253 5329
4261 14401
4261 14927
4267 3227
4270 24033
4278 19454
4278 21020
4280 4920
4280 12720
4280 14583
4287 1280
4289 11955
4294 3868
4296 13102
4302 4301
4303 1970
4304 567
4307 16859
4310 21020
4370 12834
4406 9057
4406 14805
4406 19901
4407 2380
4440 348
4440 1913
4440 1970
4440 5313
4440 6811
4440 17157
4440 17706
4589 12900
4589 16859
4685 213
4685 701
4685 814
4685 2836
4685 3130
4685 3422
4685 3463
4685 3991
4685 4229
4685 4295
4685 5313
4685 19432
4805 6811
4805 9025
4872 23946
4879 3835
4879 4161
4879 13489
4879 24664
4920 4132
4920 4149
4920 4163
4920 4232
4920 4282
4920 8321
4920 13379
4920 14691
4920 22990
4928 606
4928 16892
5147 24250
5152 2655
5152 3920
5152 3980
5152 5107
5152 11276
5152 13810
5152 14888
5152 15450
5152 16018
5152 21634
5152 21954
5178 287
5178 608
5178 1280
5178 1859
5178 2421
5178 2914
5178 3078
5178 3206
5178 3608
5178 3825
5178 4121
5178 4143
5178 4280
5178 6991
5178 15450
5178 16087
5178 18602
5178 19149
5178 20817
5178 24127
5196 386
5196 4156
5266 3921
5284 125
5284 2119
5284 3130
5307 10791
5329 693
5329 1763
5329 2591
5329 4003
5329 4079
5329 4142
5329 6049
5329 12677
5329 12900
5329 13196
5329 14806
5329 19488
5329 23946
5345 10811
5409 814
5409 1665
5409 15450
5449 6961
5458 662
5458 17724
5539 6733
5544 2385
5572 285
5729 7984
5729 24293
5855 1333
5855 22782
6049 1551
6049 16859
6049 24180
6095 830
6095 1215
6095 1312
6095 2318
6095 2655
6095 3652
6095 4406
6095 6557
6095 14224
6095 18056
6233 4138
6278 4156
6278 4257
6278 21064
6278 23348
6278 24226
6278 24695
6528 4040
6528 12135
6528 14224
6528 17880
6557 830
6557 2385
6557 3618
6557 4086
6557 4115
6557 4190
6557 4191
6557 4218
6557 4219
6557 4249
6557 5313
6557 9057
6557 14034
6557 15714
6557 19802
6557 21227
6575 3959
6627 1106
6806 17276
6811 287
6811 1280
6811 1951
6811 2134
6811 2767
6811 3975
6811 3984
6811 4242
6811 4243
6811 8353
6811 13327
6811 13726
6811 14806
6811 17332
6811 21020
6811 21884
6811 24033
6811 24451
6845 21240
6869 11657
6874 3753
6874 4028
6937 14361
6955 830
6955 4023
6961 606
6961 719
6961 3982
6961 3988
6961 3999
6961 4016
6961 4210
6961 4212
6961 4253
6961 6040
6961 14195
6961 16581
6961 17342
6961 17675
6961 20038
6961 23921
7410 606
7410 2119
7410 3948
7410 4115
7410 4218
7410 4300
7410 5824
7410 8289
7446 1105
7446 17097
7446 23927
7498 673
7498 4125
7498 4127
7499 20893
7648 115
7648 644
7648 814
7648 2350
7648 2491
7648 3821
7648 3921
7648 3978
7648 4050
7648 4170
7648 4244
7648 4299
7648 5266
7648 5345
7648 9842
7648 11700
7648 13684
7648 17675
7648 18955
7648 20038
7648 21110
7648 24206
7778 4121
7778 4171
7778 6961
7778 7481
7778 14195
7778 24033
7778 24405
7785 18602
8091 4136
8102 3921
8102 13027
8102 15450
8127 125
8127 4218
8199 3301
8235 14387
8305 1507
8305 3554
8305 3866
8305 20038
8321 3551
8321 10095
8321 11157
8321 12546
8321 15410
8321 15450
8321 20285
8353 13196
8363 3846
8363 24702
8491 19149
8820 1237
8921 642
8921 1430
8921 3999
8921 18449
8984 4274
8993 814
8993 8996
8995 684
8995 814
8995 2999
8995 14189
8996 606
8996 4006
8996 4079
8996 14805
8999 2655
8999 3227
9011 1110
9011 1280
9011 2119
9011 2655
9011 2998
9011 3471
9011 3618
9011 3790
9011 3983
9011 4010
9011 4082
9011 4157
9011 4928
9011 5845
9011 6049
9011 11926
9011 13786
9011 14224
9011 16998
9011 17252
9011 24393
9022 15450
9025 3219
9025 3551
9025 4157
9025 15187
9025 17342
9025 19802
9025 20517
9025 20681
9025 21913
9025 22882
9025 24695
9030 1493
9030 8321
9030 22782
9057 2938
9057 3968
9057 4064
9057 4092
9057 4154
9057 4230
9057 4292
9057 8993
9057 13270
9057 14224
9057 14583
9057 17809
9057 19149
9057 19328
9057 19888
9057 19901
9057 23946
9057 24127
9177 1013
9177 1251
9177 1280
9177 1342
9177 2072
9177 2119
9177 3219
9177 3792
9177 3921
9177 4056
9177 4088
9177 4099
9177 4103
9177 4114
9177 4184
9177 4227
9177 4244
9177 5266
9177 6961
9177 12135
9177 13196
9177 21058
9177 24226
9232 3991
9232 19149
9232 23846
9239 351
9239 386
9239 606
9239 1251
9239 2119
9239 2984
9239 3679
9239 3975
9239 3996
9239 3999
9239 4080
9239 4219
9239 4261
9239 4277
9239 9842
9239 12135
9239 12949
9239 17097
9239 24393
9239 24695
9325 13203
9325 24460
9365 24393
9553 230
9553 2416
9553 3973
9553 13327
9553 22587
9553 24198
9724 4176
9724 4281
9724 5313
9724 6557
9724 21337
9724 24322
9724 24393
9842 1105
9842 1280
9842 1435
9842 8091
9842 9924
9842 11805
9842 14583
9842 15450
9842 24393
9842 24695
9960 4125
10121 642
10121 1137
10121 2840
10121 2938
10121 4092
10121 4292
10121 20355
10121 21884
10168 287
10168 524
10168 3554
10168 4130
10168 4204
10168 4406
10253 2831
10253 4074
10253 4920
10253 11149
10253 12135
10253 18401
10259 6049
10292 2655
10292 3934
10292 3962
10292 11684
10307 9239
10408 606
10566 608
10566 642
10566 1270
10566 1384
10566 1520
10566 2036
10566 2119
10566 2396
10566 2655
10566 3850
10566 3963
10566 3968
10566 4092
10566 4156
10566 4218
10566 9239
10566 14224
10566 15360
10566 17880
10566 18602
10662 11313
10769 4092
10791 13196
10811 21
10811 608
10811 644
10811 1333
10811 1538
10811 1913
10811 1970
10811 2236
10811 2301
10811 2938
10811 3967
10811 3991
10811 3999
10811 4005
10811 4224
10811 4235
10811 4291
10811 15450
10811 19888
11062 24451
11076 3372
11130 20517
11149 21402
11313 19328
11460 14189
11481 642
11503 44
11503 3618
11503 3843
11503 3973
11503 4083
11503 13196
11503 14806
11503 16613
11503 16892
11503 17880
11503 21240
11503 24722
11536 606
11536 642
11536 1970
11536 2385
11536 2655
11536 2700
11536 3219
11536 3853
11536 3921
11536 3934
11536 3959
11536 3995
11536 4018
11536 4032
11536 4086
11536 4099
11536 4127
11536 4440
11536 4920
11536 5845
11536 6961
11536 6991
11536 7778
11536 11157
11536 12135
11536 15841
11536 17338
11536 17342
11536 20886
11577 20917
11577 21634
11579 804
11579 2119
11579 3941
11579 4233
11579 16163
11657 3997
11657 4026
11657 4276
11657 17276
11657 20280
11684 348
11684 1751
11684 1802
11684 1970
11684 2036
11684 2053
11684 3874
11684 3967
11684 3968
11684 4052
11684 4127
11684 4169
11684 4181
11684 4211
11684 4212
11684 4218
11684 4220
11684 4224
11684 4284
11684 4288
11684 4291
11684 6054
11684 6811
11684 22217
11684 23846
11698 3463
11698 4065
11698 13684
11700 2036
11700 3921
11700 4055
11700 19454
11700 20817
11700 24568
11704 24018
11715 4125
11725 4099
11727 21884
11756 2119
11756 3758
11756 4218
11756 4274
11756 20292
11809 3955
11817 4099
11817 11488
11819 3610
11819 3920
11819 3982
11819 4125
11840 24640
11861 1725
11861 4094
11861 4217
11861 9461
11861 14805
11881 3762
11899 4249
11899 20285
11955 16859
11971 2052
12123 13184
12135 814
12135 2301
12135 2687
12135 4016
12135 4058
12135 4156
12135 5196
12135 14920
12135 15450
12135 17157
12135 21899
12198 1264
12198 1270
12198 16998
12209 287
12209 15410
12358 3948
12369 1270
12369 4203
12415 1725
12519 19871
12539 2655
12539 4064
12539 4094
12539 5409
12539 7446
12539 9016
12539 13066
12539 13184
12539 14805
12539 15450
12539 20904
12634 13684
12771 8102
12774 5458
12774 21768
12834 1423
12834 19554
12834 23927
12855 4006
12870 830
12870 1725
12874 3991
12900 287
12900 1105
12900 1270
12900 3463
12900 3921
12900 4144
12900 13518
12900 14224
12900 16892
12900 18602
12900 23348
12900 24252
12977 20285
13003 1725
13003 4093
13003 4118
13003 4122
13003 4160
13003 4173
13003 6095
13003 6811
13003 13066
13003 13327
13003 14189
13003 17724
13003 20292
13027 642
13027 1842
13027 1899
13027 3972
13027 5313
13027 14713
13027 15450
13027 21213
13027 23846
13027 24568
13066 1665
13066 4119
13118 15410
13141 14224
13155 213
13155 2380
13155 5232
13184 12546
13184 24664
13191 16047
13196 287
13196 804
13196 1676
13196 1751
13196 1763
13196 1904
13196 3850
13196 3921
13196 3985
13196 3986
13196 4019
13196 4065
13196 4093
13196 4638
13196 11955
13196 12135
13196 16892
13196 17276
13196 21337
13211 21913
13232 124
13232 764
13232 2680
13232 2815
13232 3843
13232 4094
13232 6049
13232 6640
13232 13684
13232 14189
13232 21634
13270 1333
13270 1493
13270 1887
13270 1976
13270 3972
13270 4055
13270 13027
13336 5313
13337 3941
13343 830
13343 4248
13343 4406
13355 9030
13370 6054
13379 2385
13379 3982
13379 4297
13406 454
13406 642
13406 7778
13406 12117
13483 4163
13489 4011
13489 24664
13608 17880
13662 24393
13684 115
13684 607
13684 693
13684 830
13684 3714
13684 3968
13684 4044
13684 4064
13684 4072
13684 4230
13684 4289
13684 4307
13684 4308
13684 9057
13684 11955
13684 12900
13684 13196
13684 14595
13684 14806
13684 23927
13684 24294
13684 24451
13694 4115
13786 7
13786 800
13786 1215
13786 1725
13786 1904
13786 1976
13786 2194
13786 2655
13786 2999
13786 3218
13786 3255
13786 3330
13786 3455
13786 3518
13786 3617
13786 3618
13786 3665
13786 3714
13786 3717
13786 3846
13786 3866
13786 3920
13786 3967
13786 4027
13786 4066
13786 4079
13786 4111
13786 4148
13786 4157
13786 4175
13786 4201
13786 4202
13786 4216
13786 4217
13786 4224
13786 4288
13786 4291
13786 4406
13786 8996
13786 13337
13786 14713
13786 16759
13786 17349
13786 17724
13786 18449
13786 23039
13786 24127
13845 3143
13929 606
13929 9239
13969 2553
13969 2999
13969 6285
13969 9842
13969 14195
14147 9011
14147 14224
14189 14805
14189 20355
14195 2231
14195 9239
14195 15187
14195 15450
14195 17675
14195 18602
14195 20292
14211 3866
14211 13327
14224 285
14224 814
14224 1493
14224 1998
14224 2385
14224 2491
14224 3610
14224 3795
14224 14295
14224 20886
14224 24327
14295 4158
14355 17299
14361 1107
14361 4234
14361 18034
14361 18602
14387 3337
14387 4092
14387 18602
14387 21020
14387 24710
14401 2999
14401 3087
14401 24565
14496 4370
14496 15410
14496 16998
14595 2327
14595 4201
14595 11955
14713 21954
14713 22882
14713 23348
14713 24127
14805 1313
14805 2497
14805 4064
14805 4072
14805 12117
14805 13232
14805 18602
14806 653
14806 830
14806 3973
14806 4242
14806 5313
14806 16213
14806 16892
14806 17252
14806 17880
14806 21800
14806 24451
14806 24722
14835 2831
14835 2913
14835 15145
14835 22559
14920 2938
14920 4031
14920 4061
14920 4099
14920 4132
14920 4165
14920 4193
14920 4920
14920 15410
14920 17809
14920 19888
14920 24033
14920 24252
14927 4181
14969 2626
14969 3865
14976 968
15097 15450
15116 2231
15116 4040
15117 3007
15145 24393
15187 24710
15229 1846
15229 18056
15229 21884
15259 2553
15282 4056
15282 4257
15324 10253
15324 21954
15345 8289
15360 4155
15360 18602
15404 3613
15404 4280
15404 5178
15406 24555
15410 115
15410 570
15410 3609
15410 4248
15410 4278
15410 4292
15410 8102
15410 14224
15410 14805
15410 21240
15410 23226
15447 115
15447 3034
15447 3991
15447 6095
15447 6557
15447 20928
15450 61
15450 115
15450 349
15450 1280
15450 4064
15450 4151
15450 4157
15450 4169
15450 4224
15450 4230
15450 9392
15450 11481
15450 14713
15450 18602
15450 21954
15450 24226
15450 24393
15688 11503
15698 6095
15698 24250
15698 24579
15714 2119
15714 4230
15814 4242
15814 6961
15841 24579
15989 18689
16047 13196
16087 2318
16087 4076
16087 4175
16163 2385
16163 3738
16163 3921
16163 4069
16163 4090
16163 10811
16163 12053
16163 20917
16186 1063
16186 1181
16186 1725
16186 2938
16186 4030
16186 4049
16186 4278
16186 9020
16213 24451
16420 4003
16420 5329
16420 6049
16420 21110
16548 14595
16548 20429
16581 230
16581 567
16581 1018
16581 1140
16581 2301
16581 4257
16581 10811
16581 12935
16581 18449
16581 19871
16608 1280
16613 16859
16613 24393
16759 3039
16859 606
16859 1707
16859 3971
16859 4161
16859 4208
16859 4240
16859 4879
16859 9011
16859 11503
16859 14224
16859 15822
16859 17584
16892 4151
16897 13196
16998 4221
17041 11929
17055 16892
17062 24558
17066 6961
17066 17342
17097 3955
17097 3968
17097 16268
17097 17809
17157 287
17157 4163
17252 386
17252 3610
17252 21884
17299 287
17299 309
17299 1110
17299 2053
17299 2655
17299 4099
17299 6040
17299 9842
17299 24393
17312 3825
17333 6278
17333 17695
17338 1215
17338 1970
17342 1913
17342 3921
17349 8996
17349 19328
17349 24226
17675 1725
17675 1970
17675 2036
17675 2938
17675 3825
17675 3921
17675 4059
17675 4064
17675 4176
17675 14224
17675 15410
17675 20893
17675 23085
17675 23946
17675 24206
17675 24252
17724 1280
17732 1538
17732 3233
17809 6557
17815 4169
17830 21110
17843 1493
17866 5539
17866 6811
17866 22882
17880 4157
17880 4928
17880 12135
17880 12365
17880 18426
17880 24393
17888 2736
17888 20355
17950 3820
17979 4082
18034 287
18034 2036
18034 3227
18034 20817
18034 21020
18056 9025
18138 3679
18138 5178
18169 830
18169 2831
18169 13786
18280 12358
18323 287
18401 2659
18401 11149
18401 17349
18424 54
18426 4928
18426 9011
18438 5313
18449 3979
18449 4143
18449 4155
18449 9239
18449 18602
18472 0
18472 3850
18472 16213
18472 24451
18574 1851
18574 4073
18574 4280
18574 12135
18574 15450
18574 21402
18602 341
18602 938
18602 1751
18602 1921
18602 1970
18602 2467
18602 3456
18602 3504
18602 3792
18602 3921
18602 4098
18602 4099
18602 4127
18602 4227
18602 4288
18602 6450
18602 6627
18602 8733
18602 13337
18602 14469
18602 14587
18602 20292
18602 21890
18602 24276
18602 24695
18604 4212
18604 4288
18604 23219
18619 642
18619 2036
18619 3934
18619 3988
18619 4103
18619 4685
18619 8921
18619 12935
18619 13003
18619 13489
18619 18440
18619 19454
18619 19685
18619 19888
18619 22209
18619 23226
18619 24634
18689 1280
18689 1493
18689 2385
18689 2831
18689 3049
18689 3846
18689 4102
18689 4148
18689 4173
18689 4183
18689 4186
18689 4278
18689 4291
18689 11481
18689 14361
18689 15450
18689 20292
18689 21020
18689 21890
18689 23943
18764 17880
18917 9239
18940 3921
18940 4245
18940 22807
19023 4077
19059 800
19062 503
19149 287
19149 1089
19149 1280
19149 1333
19149 1970
19149 3941
19149 4064
19149 4099
19149 4278
19149 8102
19149 15450
19149 21890
19149 21911
19149 23535
19149 23921
19172 14806
19172 21800
19177 814
19181 5232
19181 6054
19328 8993
19355 13327
19421 20355
19424 927
19424 6049
19424 15410
19424 15450
19424 17349
19426 2831
19437 4035
19437 17724
19437 20355
19438 1215
19438 2119
19438 2491
19438 3859
19438 4230
19446 4072
19446 6557
19446 14224
19452 3921
19454 115
19454 934
19454 4299
19454 9842
19454 13196
19454 18449
19498 24644
19554 1423
19554 2385
19554 2999
19554 12117
19682 18602
19683 10168
19685 258
19685 20817
19698 1538
19698 1657
19698 3991
19698 4113
19730 4233
19802 12365
19866 424
19870 287
19870 2553
19870 4121
19870 5845
19870 17880
19870 24393
19871 4143
19894 15450
19896 1407
19896 3610
19896 24393
19901 124
19901 2036
19901 2134
19901 2317
19901 2700
19901 4157
19901 9239
19901 11971
19901 14583
19901 21058
19901 23535
19901 24294
19901 24695
20038 15410
20242 800
20242 2497
20242 2840
20242 3554
20242 4217
20242 9011
20242 11313
20242 14414
20242 20285
20242 21634
20285 287
20285 4217
20285 8353
20355 673
20355 2036
20355 2236
20355 3960
20355 3982
20355 13065
20355 19741
20355 21876
20355 24393
20387 4006
20422 24033
20435 2119
20492 6961
20512 1280
20512 4160
20512 8993
20512 18602
20512 24413
20517 498
20517 11313
20517 20917
20517 21954
20517 24381
20638 606
20638 4103
20638 4222
20676 17342
20714 4004
20771 19885
20812 287
20812 3153
20812 9025
20812 10168
20812 23943
20817 6557
20817 14583
20817 17675
20817 21402
20817 22598
20817 23535
20861 4020
20869 19802
20878 4095
20883 213
20883 1280
20883 1725
20883 4270
20883 19181
20883 24568
20897 1725
20904 1976
20904 21884
20917 21926
21020 2767
21058 2831
21058 3921
21079 4090
21079 4242
21079 4248
21110 674
21110 9239
21110 17097
21110 23846
21177 1658
21177 13518
21192 24579
21194 285
21213 644
21213 4307
21240 525
21240 606
21240 1507
21240 2882
21240 3975
21240 4005
21240 4210
21240 12198
21356 287
21356 4017
21356 4020
21356 4080
21356 4262
21356 4302
21356 4694
21356 5313
21356 8091
21356 15117
21356 24695
21402 287
21402 567
21402 17157
21634 2467
21699 567
21699 642
21699 644
21699 927
21699 1237
21699 1280
21699 1493
21699 1725
21699 2053
21699 2301
21699 2553
21699 2996
21699 3551
21699 3608
21699 3948
21699 3982
21699 4049
21699 4052
21699 4054
21699 4113
21699 4171
21699 4283
21699 4288
21699 4304
21699 5539
21699 5544
21699 11727
21699 14224
21699 16608
21699 18602
21699 18689
21699 19446
21699 19650
21699 20883
21699 20893
21699 21899
21699 23473
21699 23707
21699 24413
21702 2052
21786 9011
21786 14224
21786 18602
21786 24174
21800 3227
21800 3618
21800 6049
21800 6285
21800 13684
21800 16548
21800 19866
21800 21240
21813 606
21872 18689
21878 1493
21884 20285
21899 3821
21899 4163
21899 4260
21899 4282
21899 14224
21899 17695
21911 2361
21911 4288
21913 1913
21913 4079
21913 4204
21913 4308
21926 642
21926 2293
21926 7648
21954 7
21954 287
21954 1237
21954 1741
21954 1970
21954 2036
21954 3925
21954 3968
21954 4099
21954 4124
21954 4210
21954 4224
21954 4273
21954 8049
21954 8102
21954 13684
22075 3618
22092 4247
22092 4263
22134 640
22134 1280
22134 1507
22134 2053
22134 3618
22134 4293
22134 11955
22134 13786
22134 16591
22209 1538
22209 2467
22209 2550
22209 18602
22209 24599
22214 3933
22214 4055
22276 1215
22276 4170
22328 3708
22341 2655
22341 14805
22412 24707
22513 454
22513 1221
22513 1388
22513 4094
22513 4122
22513 4217
22513 14805
22513 15410
22513 19554
22513 20285
22513 24710
22592 927
22598 24695
22708 606
22807 830
22807 1280
22807 1970
22807 2184
22807 2493
22807 2997
22807 3859
22807 3998
22807 4092
22807 4099
22807 4149
22807 4201
22807 4212
22807 4262
22807 6095
22807 6811
22807 8321
22807 9057
22807 12117
22807 17332
22807 18602
22807 19149
22807 19554
22807 21899
22807 24325
22807 24393
22807 24448
22882 662
22882 1970
22882 3399
22882 5539
22882 13196
22882 17966
23130 606
23226 2380
23226 23535
23348 814
23348 938
23348 1140
23348 1725
23348 3518
23348 3652
23348 3921
23348 3961
23348 3991
23348 4176
23348 4247
23348 5232
23348 8491
23348 8993
23348 15450
23348 21954
23473 1280
23535 13786
23707 1609
23707 3941
23707 23956
23782 4083
23846 5313
23914 24393
23921 3463
23921 19885
23921 21872
23927 4099
23927 4182
23927 4608
23927 4638
23927 6640
23927 13102
23927 13786
23927 16998
23946 606
23946 2497
23946 2882
23946 2984
23946 3007
23946 4064
23946 13196
23946 14806
23946 17055
23946 17332
23946 17830
23946 21768
23946 24252
23956 115
23956 2955
23956 4127
23956 4285
24018 4169
24033 814
24033 1493
24033 2119
24033 2490
24033 3219
24033 3337
24033 4288
24033 5232
24033 8102
24033 18440
24033 20893
24033 22882
24033 23943
24127 830
24127 19446
24127 20817
24150 287
24150 1725
24150 2961
24150 18602
24154 3983
24155 1944
24167 1270
24167 3970
24167 6961
24206 4292
24223 4174
24223 24707
24226 115
24226 503
24226 831
24226 1970
24226 2301
24226 2415
24226 2659
24226 3219
24226 3938
24226 3959
24226 3993
24226 3995
24226 4018
24226 4032
24226 4176
24226 4222
24226 4244
24226 4288
24226 4292
24226 4440
24226 5313
24226 6054
24226 9365
24226 12123
24226 13184
24226 14224
24226 14500
24226 17342
24226 18602
24226 18604
24226 22221
24250 4030
24252 701
24252 1237
24252 1280
24252 1333
24252 1970
24252 2092
24252 2318
24252 2385
24252 2655
24252 3007
24252 3921
24252 3968
24252 3973
24252 3982
24252 3996
24252 4000
24252 4018
24252 4064
24252 4092
24252 4143
24252 4157
24252 4176
24252 4193
24252 4221
24252 5313
24252 12117
24252 12135
24252 13196
24252 14835
24252 16608
24252 17724
24252 17809
24252 17880
24252 19488
24252 20883
24252 20893
24252 23473
24252 23707
24252 24223
24252 24393
24254 2194
24281 13489
24304 3835
24308 1913
24308 4151
24308 21913
24325 4262
24325 21896
24381 3920
24381 4177
24381 17349
24392 6054
24393 0
24393 285
24393 929
24393 1234
24393 1403
24393 2119
24393 2421
24393 3964
24393 4300
24393 11955
24393 14806
24393 16892
24393 19172
24404 4076
24404 4093
24404 16608
24404 22882
24404 23846
24409 285
24409 433
24409 2119
24409 3921
24409 4055
24442 21
24442 3554
24442 4261
24442 4268
24442 18619
24448 3219
24448 4088
24451 2767
24451 4872
24451 24033
24460 287
24460 3372
24460 3806
24460 3921
24460 7498
24460 14295
24460 14806
24460 16892
24460 17675
24460 21240
24460 24409
24472 4406
24474 3506
24474 17724
24479 3984
24479 16047
24498 9113
24508 24555
24517 1913
24517 17342
24526 252
24526 3753
24530 12510
24555 14295
24567 4076
24568 4054
24568 4245
24568 9011
24600 814
24601 4020
24639 934
24692 4291
24695 2318
24695 4149
24695 12546
24702 3798
24702 24150
24707 24409
24710 653
24710 3554
24710 4130
24710 10168
24710 12231
24710 20038
24737 13327
