24740 4899
20 1312
20 3733
20 7759
20 12135
44 9742
90 17832
155 14232
156 4735
162 1658
180 18602
197 4242
212 17068
212 19201
212 21938
213 19744
255 993
255 7082
255 11378
287 9018
287 9842
287 13824
287 14805
287 20147
287 21167
287 23515
320 5530
320 11291
320 14232
320 23607
320 23651
344 19023
386 503
386 8996
386 11503
386 12556
401 11378
401 20112
412 16822
412 23713
491 7514
496 12239
496 13212
496 18449
496 23468
503 6981
545 23446
545 23647
572 15640
574 9840
596 3463
596 5795
596 19557
596 20339
596 24226
630 5447
630 6247
630 9453
630 16705
630 23004
630 23722
642 180
642 834
642 1312
642 4208
642 6634
642 10731
642 12135
642 12239
642 13331
642 15725
642 20535
642 20913
642 21241
642 23002
642 23300
642 23324
642 23337
642 23381
642 23388
642 23514
642 23536
642 23565
642 23602
642 23616
642 23651
642 23671
642 23689
642 23697
642 23702
644 630
686 3051
701 1133
701 1913
701 3830
701 5489
701 6282
701 10177
701 11909
701 12665
701 12812
701 14609
701 14920
701 15001
701 15939
701 18288
701 19530
701 19929
701 21176
701 21241
701 21486
701 21542
701 21680
701 23198
701 23497
701 23498
701 23532
701 23555
701 23556
701 23582
701 23629
701 23682
701 23697
702 15024
726 2777
726 4086
726 4567
726 23475
776 6485
776 7410
776 18568
800 23504
814 18602
830 833
830 19023
830 20649
830 23575
833 17832
833 21954
834 7759
834 14232
876 830
876 833
876 9025
876 16856
876 23469
876 23476
876 23645
891 16323
895 16900
929 5447
929 8944
975 23561
986 18200
993 13003
1013 18449
1013 23484
1013 23508
1013 23681
1018 10811
1018 15488
1018 22059
1018 23623
1018 23652
1018 23679
1105 20
1105 21190
1116 3528
1116 22543
1116 23676
1116 23795
1116 24033
1126 642
1126 4242
1126 7630
1126 20576
1126 22244
1133 1913
1133 17699
1137 7
1137 20
1137 5600
1137 12079
1137 13560
1137 17265
1137 19023
1137 21699
1137 23556
1137 23637
1137 23653
1137 23669
1137 23716
1140 18729
1141 1913
1141 5614
1141 14232
1141 16822
1221 21954
1221 23530
1230 20883
1230 23593
1312 5691
1312 7557
1312 12046
1312 13634
1312 14271
1312 20535
1312 21752
1312 22069
1346 16557
1346 19023
1354 7759
1380 9842
1403 13634
1403 23519
1430 630
1430 2819
1430 4920
1430 6981
1430 9842
1430 20437
1430 22823
1430 22885
1430 23176
1430 23429
1430 23509
1430 23688
1430 23700
1430 24695
1495 23620
1520 4488
1520 12532
1520 20222
1520 22885
1530 15758
1538 8005
1538 21460
1538 23620
1543 5127
1543 14759
1581 4920
1582 23176
1610 17262
1621 23694
1632 162
1632 1606
1632 4021
1632 6047
1632 6282
1632 13212
1632 13634
1632 13954
1632 22959
1632 23510
1632 23515
1632 23678
1654 19744
1658 2794
1658 7367
1667 10027
1667 23388
1692 15615
1716 6282
1716 15604
1740 197
1740 496
1740 1266
1740 5489
1740 7367
1740 8632
1740 12471
1740 12900
1740 13518
1740 14145
1740 15241
1740 15615
1740 16591
1740 16731
1740 16900
1740 19113
1740 19744
1740 19977
1740 20147
1740 20384
1740 21190
1740 21770
1740 22599
1740 22823
1740 22837
1740 23518
1740 23565
1740 23577
1740 23599
1740 23679
1740 23696
1741 12532
1741 23673
1772 23039
1788 6167
1788 19339
1846 12812
1846 13331
1846 15406
1846 15897
1846 16666
1846 23172
1846 23566
1883 156
1888 23546
1913 9239
1934 17344
1934 21969
1934 23235
1951 701
1951 7014
1951 7601
1951 13511
1951 16228
1951 18619
1951 19339
1951 23417
1951 23493
1951 23583
1951 23651
1951 23664
1951 23689
1951 23700
1951 24265
2018 6095
2091 7630
2091 23235
2097 23724
2134 1740
2134 3528
2134 5980
2134 8944
2134 9026
2134 9363
2134 14145
2134 14233
2134 15252
2134 17406
2134 17687
2134 21460
2134 23004
2134 23553
2134 23554
2194 13560
2197 538
2197 642
2197 1582
2197 1606
2197 1934
2197 2361
2197 3442
2197 3950
2197 4735
2197 5795
2197 6087
2197 6598
2197 8944
2197 9859
2197 12829
2197 14438
2197 14562
2197 14805
2197 15147
2197 15203
2197 16575
2197 17888
2197 18467
2197 18919
2197 19229
2197 20222
2197 21228
2197 21969
2197 22708
2197 23131
2197 23188
2197 23372
2197 23450
2197 23541
2197 23572
2197 23654
2197 23678
2197 23707
2272 19972
2275 19499
2318 23527
2329 22598
2336 15229
2361 3292
2361 9859
2361 10731
2361 12900
2361 15361
2361 23080
2384 19023
2386 22543
2387 162
2387 4735
2387 5228
2387 9025
2387 9524
2387 11702
2387 12371
2387 12812
2387 13954
2387 19393
2387 20576
2387 21194
2387 23337
2387 23468
2387 23494
2387 23573
2387 23583
2387 23607
2387 23705
2387 24033
2388 4086
2388 8944
2413 6167
2413 12079
2413 13461
2413 21699
2413 23099
2413 24435
2487 18467
2487 23450
2487 23619
2497 642
2497 9177
2497 13560
2497 16542
2497 19599
2497 19744
2497 20913
2497 23300
2497 23388
2497 23530
2497 23575
2497 23619
2497 23653
2497 24442
2499 1973
2592 834
2592 7410
2592 7601
2592 9057
2592 20535
2592 21167
2592 22244
2594 642
2629 3051
2633 14271
2736 14920
2748 17675
2748 23186
2750 4407
2750 16388
2819 11577
2831 5446
2831 8237
2831 11994
2831 24226
2872 23527
2997 1013
2997 1582
2997 2592
2997 3153
2997 5743
2997 11873
2997 14609
2997 17591
2997 17830
2997 23631
3049 213
3049 3055
3049 5887
3049 10731
3049 12949
3049 15203
3049 18467
3049 20913
3049 22104
3049 23388
3049 23497
3049 23527
3049 23673
3051 320
3055 15897
3055 23553
3055 23554
3168 14538
3172 21161
3172 23547
3292 4271
3292 8944
3425 642
3425 2497
3425 23300
3425 23628
3452 6666
3452 10640
3452 14490
3452 20817
3452 23721
3506 22524
3506 24033
3519 6598
3528 0
3528 1616
3528 11010
3528 15942
3528 20198
3562 8107
3570 19023
3620 1934
3620 2539
3620 3528
3620 4274
3620 5743
3620 7082
3620 12079
3620 12153
3620 17358
3620 17891
3620 18288
3620 19329
3620 20407
3620 21752
3620 22350
3620 22885
3620 23099
3620 23371
3620 23513
3620 23541
3620 23551
3620 23613
3620 23702
3627 6485
3627 23795
3649 16822
3714 6516
3714 21111
3725 8914
3725 9733
3725 14805
3725 23176
3771 1312
3803 18449
3824 8102
3824 21786
3824 23676
3843 12358
3909 1133
3909 11861
3986 5645
3986 11921
3986 12777
3986 13634
3986 14271
3986 22244
3986 22331
3986 23565
3986 24518
4086 9177
4086 12734
4086 13392
4086 23441
4086 23571
4091 13203
4121 4645
4121 22885
4154 14140
4158 4488
4158 5686
4158 19020
4158 20147
4196 5600
4196 5839
4196 8803
4242 6516
4242 7410
4242 18602
4242 19138
4242 22257
4242 23508
4280 14301
4406 22711
4407 701
4407 1266
4407 5795
4407 14232
4407 23728
4440 9842
4440 12153
4440 13392
4440 23668
4440 23682
4459 275
4459 1901
4465 6426
4482 18449
4482 19054
4567 162
4567 1543
4567 12046
4567 18449
4578 24290
4645 6247
4685 7759
4685 13212
4685 16376
4685 17344
4685 21241
4685 21680
4685 23051
4685 23522
4685 23682
4735 23450
4743 22271
4828 606
4847 5695
4871 18058
4920 630
4920 12777
4920 20817
4920 22598
4920 22650
4920 23211
4920 23666
4920 23691
4982 12456
5052 19393
5127 2387
5127 4735
5127 7292
5127 12135
5127 12812
5127 14992
5127 23005
5127 23381
5152 7971
5152 23533
5178 3051
5178 3452
5178 8944
5178 13916
5178 20952
5178 23176
5178 23476
5189 12153
5189 23665
5311 1461
5311 5489
5311 5729
5311 5855
5311 6516
5311 6805
5311 7082
5311 7630
5311 12171
5311 13625
5311 15819
5311 17699
5311 18545
5311 20572
5311 21111
5311 22947
5311 23602
5311 23603
5311 23697
5311 23729
5345 16856
5345 23575
5345 23606
5408 22947
5408 23549
5408 23582
5408 23706
5409 3425
5409 8944
5409 12829
5409 13212
5409 16999
5409 23729
5447 6247
5447 11695
5447 14291
5447 18323
5447 22598
5447 23509
5448 3519
5449 7082
5449 23795
5489 12190
5489 23497
5516 24226
5525 23490
5600 13305
5600 22823
5639 6247
5639 22331
5639 23505
5686 14509
5686 17587
5686 20830
5743 11873
5757 13824
5795 9177
5795 9696
5795 17706
5795 22078
5801 701
5801 1230
5801 8944
5817 6417
5887 9025
5887 13560
5892 1133
5892 5855
5892 6047
5892 11056
5892 12171
5892 13684
5892 14266
5892 17406
5892 19543
5892 23320
5946 3055
5946 6087
5946 7499
5946 7527
5946 16706
5946 23687
6002 5530
6002 6278
6002 17699
6002 20517
6002 21337
6047 14189
6059 19298
6095 6282
6104 6247
6127 22947
6167 23371
6247 331
6247 7082
6247 11342
6247 16028
6247 21336
6247 23558
6278 9821
6278 12340
6278 13634
6278 20485
6278 21514
6278 21752
6278 23005
6278 23519
6278 23571
6278 23574
6278 23647
6278 23688
6278 23795
6282 20382
6310 5530
6319 24518
6485 3452
6485 14361
6485 16018
6485 20437
6485 21167
6485 23608
6516 9025
6516 13003
6516 14806
6516 20147
6516 20649
6557 20564
6557 23491
6557 23681
6589 4086
6598 8996
6613 12572
6666 255
6666 2202
6666 3528
6666 3620
6666 4920
6666 10909
6666 14078
6666 21336
6666 23371
6666 23666
6666 23668
6666 23691
6681 15989
6735 2920
6735 19744
6735 24033
6735 24435
6736 5795
6796 6047
6796 19948
6869 11696
6955 3909
6955 8944
6955 8988
6955 9025
6955 12029
6955 12588
6955 13392
6955 13969
6955 14822
6955 15145
6955 17108
6955 17676
6955 21969
6955 22599
6955 23450
6955 23631
6955 23697
6960 20599
6961 3528
6961 12734
6966 9957
6974 15814
7022 20285
7113 2629
7113 8403
7113 16602
7113 17888
7113 20817
7186 5614
7186 7292
7186 12411
7186 14062
7186 14232
7186 16542
7186 22977
7367 2794
7367 7516
7367 19080
7387 23563
7410 11926
7410 13560
7410 18568
7410 22405
7410 23305
7410 23681
7453 9005
7493 2387
7499 17675
7499 19054
7507 642
7514 14232
7514 23598
7516 7478
7516 20147
7516 23658
7527 8421
7565 23795
7630 6637
7630 21699
7630 22823
7648 162
7648 1632
7648 4567
7648 6955
7648 8248
7648 13212
7648 13392
7648 14305
7648 14878
7648 22431
7656 23673
7751 18335
7759 3292
7759 11010
7759 13212
7759 13337
7759 14232
7759 16542
7759 18602
7759 18684
7759 22874
7759 23133
7759 23490
7759 23497
7759 23524
7759 23556
7759 23649
7760 642
7778 4982
7778 13735
7971 11577
7971 16018
7971 16656
7973 12572
8005 19467
8031 9057
8097 8274
8102 12665
8102 16648
8102 16764
8102 22415
8102 23668
8127 23337
8232 20836
8232 23337
8252 12091
8305 17675
8421 2819
8421 6516
8421 13750
8421 18061
8421 23641
8600 1167
8600 23546
8777 14361
8907 24226
8921 1632
8921 12641
8921 16909
8921 23661
8935 6981
8935 23496
8944 2361
8944 3055
8944 8993
8944 11579
8944 14233
8944 15117
8944 15203
8944 16999
8944 17157
8944 17375
8944 18689
8944 19599
8944 23176
8944 23235
8944 23382
8944 23500
8944 23553
8944 23554
8944 23564
8996 11157
8996 23348
9005 13518
9025 162
9025 255
9025 1734
9025 4094
9025 8450
9025 10417
9025 11702
9025 12079
9025 12556
9025 13109
9025 13560
9025 13824
9025 13954
9025 14078
9025 15203
9025 17687
9025 18449
9025 18919
9025 20572
9025 21327
9025 21752
9025 21954
9025 22711
9025 22837
9025 23051
9025 23371
9025 23515
9025 23613
9025 23637
9025 23658
9026 20
9026 15904
9057 117
9057 833
9057 4920
9057 5795
9057 6598
9057 6747
9057 7113
9057 8944
9057 9859
9057 11378
9057 11607
9057 14920
9057 16376
9057 16864
9057 17832
9057 20564
9057 21167
9057 22650
9057 22959
9057 23235
9057 23546
9057 23562
9057 23563
9057 23568
9057 23607
9057 23645
9057 23730
9157 23558
9177 212
9177 1934
9177 1951
9177 2388
9177 6426
9177 6481
9177 7888
9177 9500
9177 11230
9177 11342
9177 13511
9177 13754
9177 14583
9177 18449
9177 18729
9177 20339
9177 20535
9177 21290
9177 21752
9177 21969
9177 22059
9177 22104
9177 22244
9177 22732
9177 23037
9177 23159
9177 23235
9177 23466
9177 23519
9177 23528
9177 23532
9177 23612
9177 23619
9177 23631
9177 23795
9177 24226
9177 24695
9238 6278
9238 16918
9238 21752
9239 4735
9239 5228
9239 7410
9239 7759
9239 9025
9239 13305
9239 16706
9239 17941
9239 20721
9239 21167
9239 21786
9239 23649
9239 23661
9275 872
9275 5795
9275 14232
9275 17942
9275 19711
9275 23295
9275 24226
9320 16376
9320 22101
9363 20493
9367 20352
9392 3172
9453 9025
9453 16163
9453 19054
9453 20817
9453 20830
9453 21241
9453 22650
9453 23176
9500 12091
9524 1632
9524 13337
9524 15738
9541 16706
9553 1378
9553 9011
9553 9842
9553 23371
9553 23613
9591 2318
9600 21486
9679 16228
9679 23620
9713 6485
9713 23795
9724 19704
9724 23647
9842 1312
9842 7759
9842 8944
9842 12665
9842 13337
9842 13969
9842 21752
9842 23546
9842 24365
9859 16557
9920 4893
9957 1044
9957 14232
9957 18602
9957 23466
9960 10021
9964 3620
10021 14232
10021 18459
10121 13969
10121 15610
10121 19023
10121 23682
10168 2298
10168 13560
10173 819
10177 1013
10177 15615
10177 15819
10253 212
10253 642
10253 6598
10253 21167
10253 23546
10410 7033
10410 23468
10429 16163
10518 3250
10558 14232
10558 21241
10566 7499
10566 7759
10566 14609
10566 18602
10566 23337
10566 23484
10718 23258
10770 22341
10770 23556
10862 12962
10862 16946
10881 20517
11040 3528
11040 12091
11069 15245
11076 20635
11076 23681
11157 2387
11157 3725
11157 14232
11157 14805
11157 18602
11157 20576
11157 21167
11157 21969
11157 22244
11157 23235
11157 23381
11157 23494
11157 23528
11157 23543
11157 23571
11157 23619
11157 24226
11230 6124
11230 14081
11291 23795
11313 16656
11333 12542
11342 13370
11378 6095
11378 11607
11378 22708
11412 14301
11507 3130
11507 18602
11507 23258
11579 642
11579 20678
11579 23002
11684 23466
11684 23554
11684 23616
11684 23702
11696 7
11715 14509
11739 17262
11758 1606
11758 3528
11781 17262
11803 6485
11819 623
11819 4735
11819 6953
11819 9524
11819 11702
11819 13377
11819 18467
11819 24033
11824 18684
11826 9516
11861 16406
11873 2352
11873 9113
11896 5447
11909 7971
11909 13824
11909 23637
11914 22732
11926 23305
11929 8983
11930 24226
12056 23488
12063 23658
12078 12537
12078 16189
12079 14232
12079 18619
12079 20399
12079 21572
12086 12812
12086 15346
12090 6917
12091 1140
12091 5795
12091 9177
12091 9238
12091 12465
12091 13954
12091 14232
12091 15914
12091 16918
12091 21938
12091 22874
12091 23133
12091 24226
12111 13392
12135 7113
12135 8661
12135 12812
12135 13370
12135 13377
12135 16884
12135 18602
12135 19082
12135 20535
12135 21694
12135 23494
12135 23607
12135 23681
12135 24144
12141 986
12141 23197
12187 20535
12211 13969
12239 13212
12239 16034
12239 16743
12239 19047
12239 19527
12239 20167
12239 20407
12239 23004
12239 23080
12239 23536
12239 23561
12239 23699
12340 23688
12343 7601
12343 18729
12358 22015
12367 22823
12456 9924
12456 11188
12456 16457
12456 18619
12456 23235
12456 23597
12465 14232
12465 23145
12489 2194
12519 7410
12539 22837
12587 15271
12665 6681
12665 12411
12665 13560
12665 20649
12665 23619
12668 503
12668 12900
12668 20564
12668 23510
12680 14839
12712 21938
12720 5440
12721 20913
12734 1018
12734 10811
12734 13954
12734 19082
12734 23235
12734 23494
12777 1913
12789 11803
12819 24365
12853 630
12870 4794
12870 9025
12870 16656
12870 20147
12870 20721
12870 20913
12894 167
12894 3168
12900 5115
12900 7630
12900 17675
12900 21770
12900 23446
12949 23388
12986 21327
13011 14406
13027 21050
13027 23342
13027 23644
13042 23382
13065 12411
13065 19138
13065 21241
13099 6598
13109 21699
13157 159
13157 20877
13191 7082
13212 13392
13212 19172
13212 22823
13270 830
13270 833
13270 17675
13270 19023
13271 18570
13305 4828
13305 8944
13305 14145
13305 16969
13305 20147
13305 21240
13305 23660
13305 23681
13305 23714
13305 24033
13305 24420
13312 9453
13337 1632
13337 13212
13370 23571
13379 1582
13392 20
13392 8921
13392 23441
13417 20649
13417 20900
13431 15245
13431 15615
13431 22599
13442 2387
13442 21194
13442 23468
13461 10725
13470 13824
13470 19599
13472 7921
13474 24393
13492 17262
13492 23668
13524 22244
13524 22276
13560 16557
13560 22513
13584 9859
13584 19554
13631 20599
13639 12812
13639 13758
13639 20438
13639 23728
13643 18056
13684 19226
13684 20147
13694 17675
13694 19329
13723 9275
13723 10864
13735 12456
13786 3049
13786 8944
13786 9453
13786 22332
13824 22265
13907 3452
13916 22598
13954 4094
13954 4488
13954 14438
13954 20535
13954 23661
13969 2318
13969 2352
13969 3620
13969 12532
13969 13694
13969 15610
13969 17675
13969 19822
13969 23479
13969 23482
13969 23696
13969 24435
14054 1606
14113 23546
14117 2194
14145 21602
14213 19023
14213 20147
14213 23658
14219 1543
14219 7921
14219 8198
14219 13212
14219 13310
14219 14227
14219 14438
14219 14822
14219 19393
14219 21190
14219 23004
14219 23317
14219 23337
14232 642
14232 701
14232 1606
14232 3874
14232 5614
14232 6047
14232 6598
14232 11230
14232 12046
14232 12239
14232 12900
14232 13337
14232 14189
14232 14878
14232 15117
14232 15971
14232 16069
14232 16076
14232 17566
14232 17591
14232 18033
14232 18459
14232 19138
14232 20535
14232 20564
14232 20576
14232 21167
14232 21256
14232 21460
14232 22237
14232 22807
14232 22808
14232 23131
14232 23159
14232 23348
14232 23404
14232 23464
14232 23466
14232 23477
14232 23519
14232 23528
14232 23538
14232 23555
14232 23571
14232 23607
14232 23612
14232 23666
14232 23722
14232 23795
14232 24707
14233 2388
14233 3055
14233 13305
14233 15203
14233 15684
14233 18221
14233 20649
14233 22162
14233 23507
14233 23553
14233 23673
14233 23677
14271 11291
14271 12567
14271 22650
14271 23795
14295 15450
14295 23680
14295 23681
14301 10173
14301 12819
14301 14291
14313 7516
14361 3049
14387 13560
14387 22660
14469 17714
14509 21243
14558 21486
14577 5912
14577 9057
14598 1606
14599 21752
14609 12239
14698 12315
14738 22244
14767 22104
14812 8944
14822 10811
14920 2318
14920 3051
14920 10417
14920 18192
14920 20952
14920 23525
14920 23532
14920 23619
14920 23713
14973 23441
14986 20112
15001 21423
15024 15710
15024 23629
15117 20952
15147 3528
15161 10121
15161 11378
15173 804
15203 20649
15245 309
15245 1178
15245 2997
15245 4928
15245 15025
15245 17278
15245 21438
15245 22599
15245 23563
15259 12532
15259 12556
15271 18602
15345 4298
15346 23569
15382 3528
15382 4237
15382 23572
15450 2134
15450 12153
15450 14609
15450 23657
15450 23680
15460 22874
15570 2819
15604 18602
15610 2382
15610 3620
15610 17891
15610 23579
15640 2467
15648 3334
15750 13996
15758 5686
15814 642
15814 2463
15814 2467
15814 6937
15814 10417
15814 18449
15814 18916
15814 20198
15814 21744
15814 22559
15814 23004
15814 23242
15814 23507
15814 23527
15814 23529
15814 23600
15814 23672
15819 2388
15819 4086
15819 19498
15819 21423
15866 23494
15872 21167
15888 23713
15942 13824
15971 5795
15971 6047
15971 7082
15971 8005
15971 11010
15971 15117
15971 20952
15971 21601
15971 22680
15971 22874
15971 23505
15971 23585
15971 23596
16018 8031
16018 14094
16018 19059
16076 12489
16076 16256
16076 22680
16076 22910
16076 23417
16076 24226
16148 14232
16186 16557
16186 23388
16336 7387
16336 11579
16336 20635
16392 9239
16392 20721
16392 21786
16414 16557
16548 21190
16557 176
16557 2794
16557 7849
16557 17265
16557 20147
16557 23566
16557 23572
16557 23590
16557 23652
16557 23674
16566 23569
16579 12091
16579 21460
16579 23507
16581 14232
16581 21241
16581 23721
16613 496
16613 14145
16613 15450
16656 9025
16656 21884
16675 213
16675 833
16675 1133
16675 8944
16675 23653
16731 15702
16731 18684
16743 23004
16752 19929
16859 13518
16884 13392
16884 23344
16895 5614
16895 13824
16900 22823
16904 11926
16938 20147
16945 12668
17123 20968
17157 2819
17157 19400
17157 22598
17157 23666
17166 23573
17293 4196
17300 8632
17300 19080
17358 19744
17358 23580
17358 23638
17414 2633
17414 2831
17454 23508
17572 22536
17587 20830
17591 14189
17591 22732
17591 23569
17591 23592
17591 23595
17591 23659
17604 2467
17675 5795
17675 6167
17675 12153
17675 12665
17675 16999
17675 17687
17675 18436
17675 18970
17675 20836
17675 21954
17675 23371
17675 23575
17675 23593
17683 5914
17687 213
17687 8993
17687 13750
17687 18689
17687 23641
17739 23004
17742 16163
17742 18602
17742 18729
17748 1312
17788 19023
17788 23575
17830 9821
17840 7410
17941 642
17951 1013
17965 630
17965 20437
18021 15450
18021 17300
18056 275
18088 4928
18192 3078
18192 20599
18192 23795
18323 6666
18323 22598
18323 23176
18323 24206
18401 23571
18414 2819
18568 1606
18568 14078
18568 23381
18568 23706
18574 3051
18574 21612
18602 7292
18602 17286
18602 21514
18602 23235
18602 23446
18602 23466
18602 23616
18619 1461
18619 2318
18619 3292
18619 4242
18619 5614
18619 5677
18619 14062
18619 14232
18619 14878
18619 14920
18619 16034
18619 19082
18619 19149
18619 20367
18619 20535
18619 20709
18619 23337
18619 23461
18619 23490
18626 22935
18689 5980
18689 7292
18689 7527
18689 11056
18689 13625
18689 14233
18689 21744
18689 22350
18689 23004
18689 23629
18745 21536
18917 23687
19023 3130
19023 13810
19023 20649
19023 22513
19054 15056
19054 23655
19078 23348
19105 13518
19105 20147
19105 23305
19118 2819
19118 12153
19118 23631
19138 23694
19172 5600
19188 5127
19204 19047
19298 15814
19299 23446
19335 21752
19355 6002
19426 23651
19443 23317
19482 701
19522 4920
19553 8944
19554 4346
19554 23547
19566 22598
19683 701
19683 2298
19683 11909
19711 23795
19744 22939
19760 19438
19849 9791
19849 23099
19901 3051
19901 24365
19915 6095
19915 23724
19938 2361
19938 23482
20006 6531
20062 23679
20147 4411
20147 8993
20147 11577
20147 18169
20147 20904
20147 24460
20198 2318
20198 8005
20198 15565
20242 21190
20242 23530
20285 197
20285 1658
20325 21770
20337 2197
20363 23584
20382 993
20382 6002
20382 9025
20382 12900
20382 13643
20382 14189
20382 14986
20382 16575
20382 17262
20382 17675
20382 21954
20382 23668
20394 20830
20424 23714
20439 12572
20485 23616
20535 6426
20535 12519
20535 14878
20638 23381
20649 2134
20649 2467
20649 5691
20649 7082
20649 8049
20649 9541
20649 11056
20649 11861
20649 13560
20649 13758
20649 15521
20649 16706
20649 17406
20649 18999
20649 21680
20649 21699
20649 22711
20649 23491
20649 23499
20649 23501
20649 23524
20649 23551
20649 23552
20649 23575
20649 23580
20649 23600
20649 23704
20650 19078
20676 12777
20676 13487
20676 23491
20676 24144
20699 24365
20721 1913
20721 11488
20721 23575
20817 630
20817 2819
20817 2831
20817 3051
20817 9057
20817 9842
20817 10253
20817 14291
20817 14301
20817 18729
20817 22598
20817 23546
20817 23619
20817 24365
20883 18619
20883 21601
20883 23529
21022 23331
21074 5600
21119 5795
21167 10292
21177 14920
21213 8944
21240 15147
21240 15980
21240 17291
21240 20384
21240 23642
21240 23652
21290 23671
21310 19482
21336 2318
21336 6598
21336 11157
21336 12079
21336 15117
21336 18285
21336 21488
21336 23795
21471 18288
21471 18568
21471 22909
21471 23080
21486 14387
21513 23643
21521 19467
21584 10909
21584 21784
21698 3620
21698 23291
21699 20
21699 1582
21699 4407
21699 6167
21699 6666
21699 7051
21699 12800
21699 13212
21699 14078
21699 15814
21699 18568
21699 19339
21699 19467
21699 19483
21699 19744
21699 20721
21699 21022
21699 23051
21699 23131
21699 23133
21699 23197
21699 23324
21699 23371
21699 23498
21699 23527
21699 23631
21699 23668
21699 23690
21699 23727
21699 24033
21699 24435
21752 18602
21752 24226
21757 830
21784 13310
21784 23197
21784 23490
21784 23514
21784 23555
21784 23638
21784 23664
21784 23672
21784 23695
21784 23721
21784 23730
21786 12239
21786 14078
21786 18624
21786 19138
21786 20449
21786 23520
21788 19047
21788 21241
21788 23677
21858 9177
21878 285
21878 6961
21881 17683
21891 17090
21891 19744
21891 23464
21891 23495
21954 6095
21954 6282
21954 8031
21969 701
21969 2091
21969 12641
21969 12797
21969 13461
21969 15968
21969 23133
21969 23631
22037 1230
22101 22276
22257 2794
22276 19138
22276 21752
22276 23494
22276 24226
22283 623
22283 23574
22303 13549
22341 15189
22341 17265
22376 1133
22442 23508
22480 13560
22480 23667
22513 1133
22513 3823
22513 6516
22524 24033
22536 5176
22552 2388
22552 5892
22552 11819
22552 24033
22593 3334
22593 23002
22598 3051
22598 3725
22598 5178
22598 8944
22598 11507
22598 22650
22598 23004
22598 23258
22599 4196
22599 7921
22599 8632
22599 12556
22599 21752
22599 22038
22599 22449
22599 23305
22599 23460
22599 23497
22606 22732
22633 23579
22640 23600
22658 3620
22670 23575
22683 21460
22708 1606
22708 14598
22712 17742
22793 8198
22793 14822
22793 23686
22823 320
22823 6516
22823 16591
22823 23235
22823 23613
22823 23727
22910 15814
22939 23510
22947 24568
22953 13493
22959 23609
23004 2819
23004 21488
23066 14232
23073 16478
23099 993
23115 3463
23131 2042
23131 18192
23131 22614
23131 23486
23144 23654
23145 11355
23145 22732
23145 23668
23145 23933
23154 16864
23154 23647
23157 24252
23186 642
23186 13560
23186 20913
23186 23564
23188 10207
23235 2388
23235 3292
23235 3620
23235 6961
23235 15174
23235 16336
23235 21167
23235 21752
23235 22104
23235 23446
23235 24033
23235 24144
23240 1312
23300 23602
23317 4928
23317 13212
23317 20147
23317 23696
23332 12367
23348 20
23348 13212
23348 18288
23348 21680
23348 22059
23348 23536
23348 23539
23348 23644
23371 23131
23381 7557
23405 23382
23417 11758
23417 23066
23420 23419
23428 601
23441 21256
23450 13377
23454 2134
23461 12367
23465 7499
23467 6333
23467 7326
23467 11010
23467 18656
23467 19181
23467 22660
23468 11378
23471 1461
23481 23446
23483 7770
23485 20883
23487 16376
23493 24265
23503 13212
23510 13305
23516 11010
23517 6124
23534 9057
23542 23535
23543 2467
23544 4920
23544 15271
23545 830
23545 5600
23545 17675
23545 19023
23545 20147
23550 23539
23552 3463
23554 15897
23558 1393
23558 4439
23558 4533
23569 2592
23569 12086
23571 24226
23578 10429
23580 320
23586 7326
23586 15327
23586 16526
23586 24275
23588 7557
23591 5345
23593 17286
23604 9840
23611 1133
23611 18545
23611 21938
23612 22244
23614 7129
23614 11188
23614 12026
23614 13735
23614 16928
23614 16941
23614 19563
23614 21022
23614 23235
23614 23597
23622 596
23626 1973
23638 19467
23640 22952
23643 0
23645 23382
23650 18277
23650 22240
23651 5416
23651 11355
23651 15549
23651 18095
23656 23607
23657 9239
23657 14232
23657 15634
23657 16706
23681 23563
23695 6961
23695 20726
23710 21471
23718 2550
23730 1209
23795 2288
23795 2831
23795 15866
23795 21488
23795 23053
23795 24518
23921 19675
24018 22543
24128 8623
24133 13461
24133 18999
24150 14233
24150 21744
24206 5178
24224 23618
24226 180
24226 1403
24226 4242
24226 6127
24226 6485
24226 13634
24226 14232
24226 15798
24226 18033
24226 19138
24226 21241
24226 21891
24226 22680
24226 23037
24226 23106
24226 23494
24226 23612
24226 24695
24252 13969
24252 21954
24252 23317
24265 21752
24265 22808
24281 2831
24322 17457
24365 2819
24365 3051
24365 23176
24393 23623
24442 9177
24460 1740
24460 13217
24492 9026
24492 9742
24492 14140
24518 2633
24518 7266
24518 21752
24568 3292
24568 7759
24568 11357
24568 12542
24568 13212
24568 13337
24568 14078
24568 18568
24568 19483
24568 22101
24568 22660
24568 23348
24568 23539
24664 6485
24707 23337
24707 23536
24718 14986
20 15968
20 24707
44 10729
44 21590
44 23015
44 23745
90 17778
90 19561
156 7442
156 21969
156 23840
156 24098
197 14325
212 21330
213 130
213 8031
253 13377
253 14738
255 1901
255 3292
255 6282
255 11739
255 23887
255 23888
255 23964
260 7487
275 2592
275 9050
285 642
285 1126
287 15640
287 23802
287 23817
287 23975
308 5311
320 2236
320 6319
320 15285
320 15993
320 16723
320 19048
320 20535
320 22926
320 23976
348 21938
348 24048
386 2933
386 4196
386 6516
386 9025
386 9874
386 13643
386 18472
386 20649
401 7082
401 21110
406 23623
466 2829
491 20638
496 285
496 8005
546 4342
596 5448
596 5519
596 12079
596 14648
596 17190
596 17871
596 18656
596 19277
596 20535
596 20744
596 21938
596 23145
596 23423
596 23612
596 23654
596 23668
596 23775
596 23810
596 23872
596 24070
596 24094
623 4488
623 9022
623 11048
623 23654
623 23737
623 23824
623 24044
623 24076
623 24112
630 2819
630 20599
630 23762
640 13639
640 17923
642 496
642 3101
642 3172
642 5020
642 5730
642 9275
642 12233
642 12595
642 12829
642 14695
642 16546
642 23299
642 23443
642 23732
642 23778
642 23792
642 23999
642 24226
642 24518
644 1971
644 20599
645 2467
674 24044
701 6666
701 15346
701 15450
701 16675
701 16884
701 17190
701 17449
701 17682
701 18602
701 18720
701 19082
701 20020
701 20293
701 21383
701 21938
701 22501
701 22926
701 23077
701 23757
701 23760
701 23994
701 24000
701 24009
701 24015
701 24023
728 14355
764 7410
776 13234
776 15446
786 21954
830 7305
830 14232
830 16731
830 19048
830 19426
857 6598
876 6485
876 8996
876 13270
876 14414
876 19023
876 19561
895 20689
929 19048
929 20729
929 21356
929 22959
1013 20
1013 235
1013 1934
1013 3452
1013 8127
1013 9275
1013 9697
1013 9874
1013 11579
1013 12091
1013 13786
1013 19047
1013 21383
1013 22185
1013 23607
1013 23612
1013 24051
1018 5600
1018 8921
1018 12239
1018 12829
1018 19617
1018 22926
1018 23381
1018 23817
1105 574
1105 1312
1105 23809
1116 503
1116 701
1116 2318
1116 17449
1116 19992
1116 22818
1116 23174
1116 23867
1116 23878
1126 11522
1126 12239
1126 15742
1133 11861
1133 23566
1133 24099
1137 4343
1137 5152
1137 5805
1137 6869
1137 11909
1137 12063
1137 12273
1137 13087
1137 17449
1137 18950
1137 21977
1137 23174
1137 23641
1137 23763
1140 19138
1141 2274
1141 7579
1141 18602
1141 20729
1173 13368
1215 11980
1215 23871
1221 21229
1221 21443
1230 8944
1266 22141
1312 9275
1312 10429
1312 12239
1312 13145
1312 14822
1312 15758
1312 15968
1312 24003
1312 24252
1317 22276
1333 23819
1346 7305
1354 23784
1380 15382
1393 6047
1393 12894
1393 15254
1403 3874
1403 6598
1403 12311
1403 23737
1430 4488
1430 6247
1430 6285
1430 8777
1430 9969
1430 10761
1430 14304
1430 14550
1430 23235
1430 23967
1430 24007
1430 24031
1430 24206
1520 3292
1520 3705
1520 4242
1538 3620
1538 6666
1538 13786
1538 17566
1538 18256
1538 22749
1538 23796
1610 16892
1621 6589
1621 13066
1623 4685
1632 642
1632 993
1632 1658
1632 3292
1632 5530
1632 5805
1632 12829
1632 22926
1632 24252
1632 24519
1654 7186
1658 17667
1658 19977
1658 21699
1667 23832
1692 5892
1692 13383
1740 1756
1740 4242
1740 4488
1740 5600
1740 5892
1740 8944
1740 14919
1740 15074
1740 18721
1740 20325
1740 20421
1740 21228
1740 21327
1740 22374
1740 23015
1740 23623
1740 23643
1740 23708
1740 23780
1740 23825
1740 23959
1740 23972
1740 24512
1741 271
1741 503
1741 5143
1741 10429
1741 13712
1741 17262
1741 17445
1741 18545
1741 18993
1741 19374
1741 20649
1741 23725
1741 23826
1741 23888
1741 24107
1784 20649
1788 3620
1788 23742
1788 23955
1846 2275
1846 5020
1846 5730
1846 9461
1846 23530
1846 24046
1874 13684
1874 15795
1913 2592
1913 10761
1913 20765
1913 23808
1921 23299
1934 212
1934 9275
1934 10558
1934 12051
1934 15346
1951 574
1951 642
1951 1312
1951 3292
1951 4342
1951 14822
1951 17566
1951 21544
1951 21850
1951 21938
1951 22793
1951 22808
1951 23314
1951 23751
1951 23858
1951 23976
1951 23983
1951 24002
1951 24011
1951 24047
1971 4920
1971 7985
1971 8321
1971 20599
2099 8921
2134 1741
2134 5677
2134 6417
2134 6869
2134 12153
2134 12273
2134 12688
2134 12738
2134 15263
2134 15939
2134 17262
2134 17445
2134 17921
2134 23526
2134 23551
2134 23827
2166 13383
2166 20689
2194 22875
2194 24105
2197 993
2197 1312
2197 1741
2197 3292
2197 3620
2197 4407
2197 4488
2197 5020
2197 5143
2197 5519
2197 5544
2197 5888
2197 5946
2197 6917
2197 7261
2197 9120
2197 10410
2197 10725
2197 11335
2197 12456
2197 12484
2197 12757
2197 13379
2197 13855
2197 15640
2197 17457
2197 18180
2197 18993
2197 19054
2197 21926
2197 22837
2197 23002
2197 23641
2197 23732
2197 23763
2197 23840
2197 23871
2197 24052
2197 24072
2197 24090
2272 13969
2275 24082
2361 10780
2361 15024
2361 23992
2362 11739
2362 13785
2362 22660
2362 24568
2384 23747
2384 23786
2387 9022
2387 9834
2387 24024
2387 24098
2411 3679
2442 14664
2442 17921
2442 23342
2442 23878
2487 4343
2487 4735
2487 7261
2487 16154
2487 23976
2487 24033
2497 1166
2497 3055
2497 6104
2497 7082
2497 8005
2497 10273
2497 12153
2497 13643
2497 15450
2497 22875
2497 23833
2497 23871
2497 24013
2497 24072
2497 24099
2497 24105
2497 24640
2592 1018
2592 3055
2592 3292
2592 4440
2592 4567
2592 9022
2592 11522
2592 15819
2592 18602
2592 20564
2592 23684
2592 24101
2629 4920
2629 8031
2633 5127
2633 22926
2736 6666
2736 13011
2794 4123
2794 14213
2819 4920
2819 14304
2819 15024
2831 4343
2831 5946
2831 12982
2831 13584
2933 15401
2997 701
2997 1921
2997 3292
2997 7170
2997 12668
2997 12734
2997 13606
2997 18789
2997 23838
2997 23893
2997 24117
2997 24366
3078 8321
3078 12079
3078 23976
3101 6027
3168 12610
3172 4407
3172 12900
3172 15480
3172 23794
3226 2713
3226 9239
3227 13643
3293 6955
3329 12411
3329 15401
3425 10027
3425 24105
3433 1013
3433 3452
3433 13049
3433 14408
3433 23612
3452 12086
3452 13212
3452 14232
3452 22664
3535 23790
3613 16887
3620 12078
3620 17161
3620 20494
3620 22081
3620 23765
3620 23767
3705 9025
3705 23765
3714 22336
3725 596
3725 4920
3725 6047
3725 10253
3725 12079
3725 18761
3725 21121
3725 23443
3824 20765
3843 4488
3843 18721
3874 23985
3909 23174
3986 5614
3986 7565
3986 14232
3986 16076
3986 22808
3986 23574
3986 23795
4066 4488
4066 6598
4066 13786
4066 23840
4066 23953
4066 24588
4086 1140
4086 11157
4086 23299
4086 24034
4121 9057
4121 23732
4121 23868
4125 993
4125 8031
4125 23813
4125 23953
4143 23002
4158 5600
4158 6047
4158 19054
4158 22260
4196 8996
4242 320
4242 4920
4242 7759
4242 8232
4242 8235
4242 8632
4242 11230
4242 11522
4242 12668
4242 13744
4242 15074
4242 17457
4242 22599
4242 23643
4242 23959
4242 24101
4242 24322
4242 24512
4271 22808
4343 5152
4343 5805
4343 12051
4343 16323
4355 10811
4355 13049
4407 596
4407 5448
4407 19557
4407 23508
4407 24016
4410 23878
4440 3292
4440 11739
4440 11939
4440 15450
4440 20649
4440 24056
4459 13643
4459 24055
4488 6278
4488 9025
4567 3292
4567 7387
4567 12668
4567 20564
4567 22413
4645 24142
4667 6516
4685 20
4685 13617
4685 18602
4685 22926
4685 23759
4829 8944
4920 6167
4920 6247
4920 8321
4920 14304
4920 14812
4920 18602
4920 21954
4920 22959
4920 23485
4920 23795
4920 23798
4920 23967
4920 23976
4920 23990
4920 24031
4920 24419
4926 16976
5052 24518
5093 21169
5123 17687
5123 23992
5127 23807
5127 24226
5143 9541
5143 22165
5146 4735
5152 4406
5152 8995
5152 11819
5152 13181
5152 14414
5152 17343
5178 8996
5178 12699
5178 14583
5178 24102
5193 23795
5203 13738
5229 21336
5261 18602
5261 24079
5282 833
5282 2794
5311 4342
5311 14232
5311 17591
5311 24107
5345 23623
5345 23745
5364 13643
5446 15725
5446 22165
5447 2819
5447 4920
5447 6666
5447 14304
5477 18058
5485 14304
5506 14232
5519 4920
5519 22536
5530 8031
5530 23400
5567 7478
5599 2591
5599 2998
5599 12135
5600 22599
5639 2318
5639 6666
5639 12814
5639 13786
5639 14406
5639 18192
5639 19609
5639 21415
5639 22749
5639 23748
5639 23838
5658 22260
5677 12153
5730 7760
5750 4920
5750 24031
5769 1141
5769 7514
5769 22276
5795 7471
5795 14232
5795 17968
5795 21733
5795 22592
5795 23857
5801 7082
5801 7487
5801 11929
5801 18602
5887 1133
5887 23111
5888 11819
5892 902
5892 11406
5892 12465
5892 16892
5892 18545
5892 23420
5892 23443
5892 23708
5892 23732
5892 23886
5892 23959
5892 23964
5946 7261
6047 12079
6049 4488
6049 23130
6049 23643
6167 18192
6167 20494
6167 21954
6167 23749
6247 23795
6247 24695
6258 5892
6258 17262
6278 8005
6278 9957
6278 13026
6278 13639
6278 14462
6278 14500
6278 15285
6278 18602
6278 19048
6278 21544
6278 22276
6278 23130
6278 23717
6278 23771
6278 23778
6278 23797
6278 23807
6278 23808
6278 23856
6278 23859
6278 23969
6278 24226
6278 24252
6278 24518
6285 24031
6310 24031
6319 830
6319 9965
6319 12546
6319 23981
6319 24093
6351 15480
6417 12273
6417 19264
6485 6869
6485 7770
6485 8944
6485 12051
6485 14853
6485 19106
6485 23171
6497 21938
6505 20564
6516 1382
6516 24055
6547 12204
6547 24252
6557 19482
6598 1312
6598 4488
6598 14213
6598 20649
6598 23802
6598 23824
6598 24021
6598 24114
6598 24122
6666 1788
6666 7082
6666 8102
6666 8321
6666 12091
6666 12537
6666 12814
6666 13735
6666 13786
6666 14232
6666 15480
6666 15554
6666 16478
6666 17566
6666 19901
6666 21702
6666 21899
6666 23712
6666 23750
6666 23790
6666 23863
6666 23967
6666 23969
6666 24079
6666 24087
6666 24226
6687 5730
6735 3620
6735 23654
6735 23763
6735 24046
6736 14124
6736 14232
6736 18602
6736 19557
6736 23508
6742 8996
6758 14664
6869 1105
6874 12141
6874 20564
6917 4488
6917 24116
6944 11725
6955 666
6955 804
6955 2304
6955 2382
6955 4242
6955 5333
6955 6850
6955 7442
6955 8870
6955 9461
6955 12900
6955 13212
6955 15610
6955 16163
6955 18764
6955 19054
6955 19495
6955 20705
6955 21699
6955 23502
7022 24054
7081 13026
7170 22749
7186 574
7186 1410
7186 4342
7186 7759
7186 10811
7186 12079
7186 17449
7186 24091
7186 24120
7354 4407
7354 19557
7367 5600
7367 10168
7367 20689
7367 23777
7387 23847
7387 24050
7410 394
7410 4355
7410 20844
7410 24035
7442 23502
7454 12537
7454 21699
7493 2578
7498 23969
7514 320
7514 1266
7514 1312
7514 4920
7514 9524
7514 13969
7514 17062
7514 19554
7514 22926
7514 23805
7514 23893
7516 23085
7630 866
7630 4488
7648 804
7648 3250
7648 3292
7648 7514
7648 8005
7648 9057
7648 11378
7648 11684
7648 12204
7648 13855
7648 19048
7648 23472
7648 24078
7743 22237
7743 23795
7759 574
7759 2052
7759 2091
7759 2318
7759 5614
7759 12198
7759 13977
7759 15491
7759 16904
7759 19266
7759 21788
7759 22926
7759 23174
7759 23865
7759 23976
7759 24013
7770 17832
7778 7454
7778 12814
7778 14232
7778 23625
7778 23767
7778 23995
7778 24080
7824 15450
7850 24081
8005 3627
8005 3874
8005 5489
8005 8262
8005 23077
8031 8944
8031 9025
8031 16047
8034 2497
8097 12900
8102 8005
8102 9437
8102 12738
8102 13885
8102 17921
8102 17966
8102 22081
8102 23174
8102 23636
8102 24012
8102 24057
8127 10177
8127 23765
8127 24066
8199 12465
8232 2831
8232 12239
8232 18472
8232 23623
8232 23757
8235 23623
8252 24070
8262 3123
8305 8995
8305 15640
8305 16323
8305 16954
8363 13027
8363 16085
8421 22336
8421 23299
8524 21471
8657 20649
8657 23763
8657 24089
8777 8321
8777 14550
8777 21812
8777 24206
8895 19561
8921 9957
8921 14232
8921 16761
8921 23198
8921 23805
8921 23976
8935 4781
8935 6634
8935 9957
8935 12734
8935 16829
8935 19054
8935 22101
8935 22457
8935 22720
8935 23080
8935 23981
8944 7487
8944 12595
8944 15928
8944 23330
8944 23757
8944 23836
8944 23837
8944 23838
8944 23844
8996 16731
8996 19566
9018 22640
9022 11725
9022 16672
9022 17687
9025 2275
9025 3292
9025 4242
9025 5143
9025 5600
9025 6869
9025 12204
9025 12233
9025 12311
9025 12610
9025 17231
9025 19048
9025 20517
9025 21229
9025 22764
9025 23002
9025 23566
9025 23641
9025 23654
9025 23747
9025 23789
9025 23959
9025 23976
9025 24072
9025 24082
9025 24101
9025 24112
9030 18689
9030 19048
9057 7
9057 320
9057 2134
9057 2819
9057 3292
9057 6104
9057 7778
9057 8005
9057 8921
9057 8996
9057 9025
9057 11700
9057 12079
9057 12814
9057 12934
9057 13270
9057 13643
9057 14414
9057 15450
9057 21383
9057 22480
9057 22619
9057 23732
9057 23739
9057 23749
9057 23796
9057 23817
9057 23868
9057 23967
9057 23976
9057 24087
9057 24122
9082 2467
9177 3443
9177 20744
9177 24059
9177 24086
9177 24099
9238 20
9238 830
9238 9842
9238 9957
9238 13754
9238 20744
9238 21938
9238 23792
9238 24056
9238 24100
9238 24707
9239 642
9239 4567
9239 9275
9239 9920
9239 10791
9239 11378
9239 12834
9239 15939
9239 16909
9239 17457
9239 23786
9239 23805
9275 12091
9275 19087
9275 20564
9275 23198
9275 23790
9320 9957
9320 23869
9351 2411
9351 4242
9365 642
9365 4242
9437 1133
9453 320
9453 642
9453 8777
9453 19087
9453 23235
9453 23795
9453 23976
9453 24092
9524 13639
9524 20638
9524 23071
9553 13003
9553 22837
9600 8921
9600 14664
9679 3292
9679 23976
9679 23981
9697 9874
9733 23990
9842 2831
9842 5530
9842 8777
9842 11157
9842 13049
9842 13639
9842 23893
9842 23976
9842 24518
9920 3609
9920 16018
9920 21698
9957 8657
9957 24056
10092 23814
10121 2362
10121 13331
10133 18545
10133 19079
10133 23610
10168 17675
10168 21229
10184 8564
10227 16761
10253 1971
10253 4488
10253 12051
10253 13786
10253 14738
10253 23502
10253 23607
10253 23975
10273 1133
10273 23566
10410 993
10410 18993
10429 9275
10429 19920
10529 7664
10558 2382
10558 4685
10558 13639
10558 19047
10558 19947
10558 23342
10566 804
10566 4488
10566 11522
10566 12610
10566 13234
10566 14232
10566 17503
10566 21762
10566 23610
10640 23795
10679 21969
10718 320
10718 2361
10718 4920
10718 14304
10718 20952
10718 23485
10718 23976
10741 15382
10767 21471
10811 285
10811 1013
10811 2831
10811 13049
10811 24051
10811 24087
10862 9325
10955 13255
11069 24483
11106 22081
11157 5530
11157 11917
11157 13049
11157 13838
11157 16076
11157 18546
11157 22276
11157 23002
11157 23443
11157 23574
11157 23607
11157 23634
11157 23795
11157 23875
11157 23976
11157 24092
11157 24111
11357 6278
11361 16154
11361 20325
11378 1788
11378 24588
11393 1401
11406 17262
11406 20649
11488 13270
11488 23805
11488 24063
11577 22130
11577 23610
11579 3452
11579 12189
11579 17503
11579 23893
11579 23967
11607 3172
11607 23794
11684 642
11684 701
11684 6557
11684 12189
11684 15450
11684 17445
11684 17675
11684 23829
11684 24068
11684 24396
11684 24404
11698 349
11715 23502
11739 8921
11739 16672
11743 21938
11781 12595
11781 17265
11806 11577
11819 7781
11819 20355
11819 22413
11819 23002
11819 23999
11819 24072
11840 23887
11861 2275
11861 12539
11861 18950
11861 23745
11909 23976
11929 7487
11930 1312
11930 21867
11961 1133
12025 16342
12025 23981
12063 23747
12078 12153
12078 24641
12079 2275
12079 2467
12079 3714
12079 3733
12079 4342
12079 4735
12079 7082
12079 9405
12079 12819
12079 13184
12079 13954
12079 14213
12079 18900
12079 20649
12079 22969
12079 23795
12079 23807
12079 23992
12090 4488
12090 19554
12091 255
12091 7815
12091 13402
12091 13754
12091 13832
12091 15971
12091 23750
12091 23781
12091 23968
12135 285
12135 1951
12135 2319
12135 2831
12135 6278
12135 8492
12135 9275
12135 11917
12135 13003
12135 18665
12135 22926
12135 23081
12135 23443
12135 23632
12135 23976
12135 24033
12135 24057
12135 24092
12135 24119
12135 24252
12153 10811
12153 23248
12211 1934
12211 14609
12239 5446
12239 11684
12239 23337
12239 23527
12239 23735
12273 14595
12273 14919
12273 20592
12273 21762
12273 23825
12282 13969
12298 6049
12340 14232
12340 23285
12340 23795
12343 23849
12367 23450
12367 24106
12392 23612
12392 23623
12456 23473
12519 9874
12519 13786
12537 4920
12537 8996
12539 13270
12539 19056
12562 14232
12587 22959
12610 14227
12658 1658
12658 7352
12658 15261
12658 23657
12668 642
12668 7759
12668 16761
12668 19266
12668 20721
12668 21327
12668 21762
12668 22165
12668 22619
12668 22793
12668 23081
12668 23632
12668 23765
12668 23788
12668 23797
12668 23823
12668 24013
12668 24032
12668 24101
12668 24252
12668 24512
12670 13518
12670 19054
12670 24010
12670 24036
12670 24058
12670 24322
12685 23850
12712 22923
12720 14301
12734 3452
12734 11522
12734 14408
12734 23893
12757 6233
12763 2487
12814 14232
12814 21699
12819 22926
12819 23779
12820 22599
12868 6869
12868 8031
12870 6742
12870 13560
12870 23174
12878 15795
12885 22680
12894 9405
12894 13712
12894 23814
12900 642
12900 9239
12900 10725
12900 16909
12900 23330
12900 23566
12900 23805
12900 23979
12900 24052
12917 5127
12921 7042
12982 18200
13003 3292
13003 23654
13027 2442
13027 9034
13027 9405
13027 11902
13027 13785
13027 16085
13027 17921
13027 19047
13027 22909
13027 23636
13027 24008
13034 868
13034 5115
13034 5887
13034 10761
13034 11335
13034 11929
13034 19829
13034 20485
13034 23937
13034 24030
13042 21812
13055 7759
13065 3292
13065 12079
13065 23002
13065 23840
13086 16904
13086 21229
13121 22619
13141 13694
13141 13969
13141 22599
13270 12063
13270 23749
13272 24075
13305 2166
13305 3714
13305 4488
13305 5892
13305 6823
13305 9022
13305 17262
13305 17393
13305 18058
13305 18721
13305 22480
13305 23015
13305 23790
13305 24011
13334 8820
13343 9082
13370 19048
13378 23965
13406 7454
13406 23324
13431 10741
13431 20304
13442 3519
13461 18789
13470 10168
13470 24105
13472 17161
13492 255
13492 13518
13558 22680
13584 11967
13584 18619
13639 4920
13639 13099
13639 20638
13639 23298
13639 23634
13639 23711
13639 23795
13639 23837
13639 24111
13643 17938
13684 1157
13684 13643
13684 17457
13684 23879
13684 24116
13684 24322
13694 22721
13694 24052
13744 2194
13744 11378
13744 15872
13744 23632
13786 424
13786 2411
13786 5409
13786 6278
13786 7759
13786 8005
13786 8921
13786 12051
13786 12079
13786 14304
13786 16018
13786 16565
13786 18568
13786 19855
13786 22536
13786 22926
13786 23798
13786 23834
13786 23883
13786 23962
13786 24013
13786 24118
13832 15971
13885 17195
13885 23527
13907 22217
13954 23976
13969 993
13969 4488
13969 10725
13969 17457
13969 23305
13969 23965
13969 23979
14054 275
14054 9365
14054 19554
14092 20892
14125 90
14125 9392
14125 9573
14158 23810
14213 4488
14213 9057
14213 9239
14213 10923
14213 11378
14213 16018
14213 16406
14213 16656
14213 17667
14213 23174
14227 1157
14227 3452
14227 10177
14227 12051
14232 20
14232 1312
14232 1788
14232 2361
14232 3620
14232 7565
14232 10417
14232 10429
14232 10761
14232 11335
14232 12135
14232 12456
14232 13305
14232 13786
14232 14408
14232 14500
14232 14695
14232 17905
14232 19047
14232 19048
14232 19082
14232 21514
14232 22664
14232 22749
14232 23285
14232 23574
14232 23750
14232 23781
14232 23790
14232 23850
14232 23856
14232 23857
14232 23874
14232 23893
14232 24017
14232 24064
14232 24079
14232 24092
14232 24097
14232 24518
14233 1740
14233 3292
14233 5892
14233 6869
14233 16415
14233 17262
14233 19915
14233 22619
14233 23825
14233 23833
14271 9177
14271 14232
14271 23285
14292 3292
14292 21110
14295 10741
14295 23959
14304 21899
14325 16829
14355 8996
14387 20649
14401 11378
14406 6047
14414 19023
14414 23873
14492 20530
14500 3425
14500 9030
14500 12934
14500 19048
14500 22926
14500 23806
14500 23807
14595 1841
14595 20592
14595 24036
14691 22640
14737 20029
14743 2384
14757 7387
14757 14255
14767 14232
14787 4781
14787 17449
14787 22793
14787 22875
14787 23783
14787 23786
14787 23823
14787 23868
14787 23875
14822 19602
14920 13034
14920 18665
14920 20020
14920 24013
15024 13758
15105 6811
15111 2650
15147 642
15159 23875
15161 3443
15161 8944
15161 17449
15183 16723
15229 24117
15245 1258
15245 11954
15245 12899
15245 23681
15250 2275
15250 17667
15261 23502
15314 9275
15331 11157
15345 15610
15345 20844
15345 23893
15360 13141
15371 10791
15382 6047
15450 275
15450 18917
15450 21327
15488 6823
15488 7387
15488 18761
15488 21935
15491 24013
15534 1407
15534 17603
15610 4488
15629 13343
15640 8996
15738 23883
15758 275
15758 11579
15758 11980
15758 23893
15814 645
15814 935
15814 1581
15814 6104
15814 6666
15814 8005
15814 10558
15814 12153
15814 12814
15814 21538
15814 21746
15814 23420
15814 23574
15814 23668
15814 23748
15814 23760
15814 23820
15814 23842
15814 23973
15814 24000
15814 24013
15814 24117
15815 9920
15826 23507
15829 2794
15853 21471
15853 22645
15882 18789
15971 3528
15971 6666
15971 14695
15971 17591
15971 19047
15971 22586
15971 23031
15971 23077
15971 23174
15971 23206
15971 23654
15971 23668
15971 23760
15971 23768
15971 23875
15971 23952
15971 23961
15978 24226
16016 17675
16018 6167
16018 6869
16018 14414
16018 17778
16018 23798
16069 15926
16074 7004
16076 11902
16159 21702
16186 701
16186 1410
16186 5448
16186 6278
16323 24105
16348 22926
16388 12367
16406 16656
16420 16989
16525 10027
16525 23174
16557 1741
16557 2275
16557 4488
16557 13331
16557 13712
16557 16990
16577 12977
16579 7759
16579 23875
16581 642
16581 19947
16609 701
16613 260
16613 4488
16613 5600
16613 12829
16613 15074
16613 21619
16656 14414
16656 22837
16656 23732
16661 1667
16661 23877
16675 12063
16675 12894
16731 16895
16744 17096
16744 18058
16744 24101
16859 11698
16859 13861
16892 2497
16892 5311
16895 20535
16904 23830
16910 21590
16938 642
16938 11739
16938 23272
16954 4021
16954 23530
17020 22480
17026 17591
17026 24064
17058 12692
17147 2262
17161 23850
17195 21471
17262 4667
17262 10780
17262 13027
17262 23992
17283 3540
17344 23892
17591 2052
17591 5530
17591 13291
17591 13977
17591 17190
17591 22586
17642 20638
17642 23872
17667 22513
17675 1410
17675 7082
17675 8944
17675 12829
17675 23641
17675 23657
17675 23830
17687 20649
17687 24308
17742 10429
17742 23883
17819 7082
17832 19106
17840 12829
17840 13234
17840 13643
17840 15446
17840 23681
17871 23145
17951 24113
18081 20638
18176 3714
18199 2480
18211 22926
18323 8777
18354 1018
18354 15446
18369 15742
18385 19056
18401 623
18401 15968
18401 19557
18438 17262
18452 2480
18472 23623
18472 23825
18472 23950
18481 11579
18505 18721
18533 18545
18546 11936
18546 14227
18546 24092
18568 19443
18602 1312
18602 11929
18602 12079
18602 19154
18602 23797
18619 4685
18619 8031
18619 23850
18619 23988
18619 24640
18649 6666
18651 18180
18656 23657
18665 22926
18689 5639
18689 5677
18689 10923
18689 12153
18689 13027
18689 13786
18689 14738
18689 16085
18689 17262
18689 23443
18689 23636
18689 24107
18761 22875
18761 24118
18769 23732
18891 7082
18891 18472
18891 23950
19011 23842
19011 23847
19011 23891
19023 15450
19023 16018
19023 21443
19023 22225
19048 20638
19062 5345
19062 12820
19062 13305
19118 2318
19118 12820
19118 13049
19118 15795
19149 2774
19154 23571
19154 24518
19172 24380
19192 19177
19277 21938
19293 2416
19328 2933
19328 16018
19328 19023
19328 23889
19355 5730
19355 8127
19355 20596
19355 20649
19355 21665
19405 23798
19426 2361
19426 10811
19426 14232
19426 22640
19443 1022
19443 9022
19443 23541
19443 23738
19443 23893
19480 5805
19516 4920
19516 23485
19528 24105
19554 12233
19554 12834
19554 23805
19554 24099
19566 9057
19632 19704
19632 19920
19683 21443
19704 22764
19704 23976
19730 22764
19883 5600
19901 2819
19901 4920
19915 3292
19915 9022
19915 12595
19915 14271
19915 23833
19920 642
20091 20535
20112 642
20112 5020
20112 23111
20112 23300
20147 876
20242 4343
20242 14414
20242 17667
20242 22217
20242 22875
20242 23085
20242 23174
20242 24054
20285 9239
20285 21079
20325 23130
20325 24492
20352 10027
20355 4735
20382 1266
20382 15450
20382 17591
20382 21110
20382 21327
20382 22764
20382 23813
20439 386
20439 11488
20439 23976
20463 14464
20471 22501
20493 14757
20497 2318
20497 23342
20497 24025
20518 19048
20520 7770
20535 24034
20599 7985
20599 12079
20599 17642
20599 23795
20638 1312
20638 6278
20638 8004
20638 8921
20638 14232
20638 15285
20638 16256
20638 22926
20638 23834
20638 24226
20649 260
20649 1133
20649 2275
20649 2361
20649 4021
20649 4488
20649 5892
20649 6278
20649 6742
20649 7630
20649 8421
20649 8820
20649 8944
20649 8996
20649 9025
20649 9842
20649 11422
20649 11835
20649 12153
20649 16406
20649 17097
20649 17500
20649 17667
20649 18950
20649 19047
20649 19609
20649 21405
20649 22217
20649 22350
20649 23299
20649 23677
20649 23736
20649 23802
20649 23828
20649 23847
20649 23880
20649 23888
20649 23964
20649 23976
20649 24016
20649 24104
20649 24107
20649 24584
20676 630
20676 20649
20721 1166
20721 3172
20721 16565
20721 23765
20729 8463
20817 14271
20817 14304
20817 23354
20817 23795
20883 23998
20914 6485
21058 23508
21079 18761
21089 13331
21089 16557
21110 3292
21110 4355
21110 12037
21110 16672
21110 17591
21194 12829
21213 24055
21232 6866
21233 3575
21240 17262
21240 18452
21240 23015
21240 24124
21336 2933
21336 14406
21336 22128
21423 7082
21471 2318
21471 20494
21471 21788
21471 23838
21486 252
21513 12725
21513 23959
21564 22926
21699 320
21699 866
21699 1788
21699 2052
21699 2318
21699 7082
21699 7170
21699 7442
21699 7866
21699 12079
21699 13406
21699 13643
21699 14232
21699 14406
21699 15159
21699 18211
21699 19118
21699 20579
21699 21702
21699 22600
21699 22660
21699 22778
21699 23354
21699 23502
21699 23732
21699 23767
21699 23794
21699 23856
21699 23863
21699 23875
21699 23955
21699 23976
21699 23987
21699 23999
21699 24013
21699 24064
21699 24117
21702 7082
21746 21867
21748 11929
21768 19554
21777 24012
21784 17277
21784 21926
21784 23739
21784 23745
21784 23770
21784 23803
21784 23863
21784 23968
21784 24009
21784 24106
21786 596
21786 5448
21786 6095
21786 14457
21786 17966
21786 23976
21788 24005
21800 4606
21800 23845
21800 24050
21867 17871
21867 22078
21867 23508
21878 34
21878 360
21878 412
21878 847
21878 2416
21878 9239
21926 10253
21926 21698
21926 23657
21954 1266
21954 4242
21954 6869
21954 11909
21954 22364
21954 23860
21969 8820
21969 14232
21969 15346
21969 22081
21969 22640
21969 24067
22007 5345
22078 9177
22078 23569
22208 13855
22217 23085
22257 4928
22257 8996
22265 2275
22276 23574
22283 3292
22283 4407
22283 18602
22336 23793
22341 5805
22341 17667
22341 17675
22412 674
22476 24550
22480 3714
22480 17262
22480 21229
22513 7082
22513 17231
22513 19048
22513 22875
22536 23976
22598 8777
22598 9405
22598 23354
22599 876
22599 4158
22599 4488
22599 4606
22599 10253
22599 17457
22599 19482
22599 20689
22599 22257
22599 22721
22599 24052
22600 20494
22600 23051
22600 23853
22619 23081
22640 20
22640 14232
22640 22680
22640 23856
22680 24048
22708 2194
22708 4488
22708 12829
22708 21699
22749 22875
22793 574
22793 1934
22793 4342
22793 8004
22793 11335
22793 18519
22793 21938
22793 22081
22793 22484
22793 23797
22793 23802
22793 23819
22793 23823
22793 24040
22793 24051
22793 24063
22793 24094
22823 4158
22906 19443
22906 22664
22939 11422
22953 23950
23002 725
23025 23285
23066 5614
23066 23750
23066 23976
23115 24518
23130 24492
23145 9213
23145 21938
23145 23775
23145 24048
23186 24090
23198 8944
23198 11157
23198 22081
23198 23095
23201 23976
23235 3575
23235 7565
23235 13735
23235 19048
23235 23508
23235 23868
23259 11488
23317 22599
23348 1333
23348 4685
23348 12668
23348 22447
23360 21356
23398 16565
23400 19048
23400 24109
23426 9453
23450 22081
23467 503
23467 1013
23467 1318
23467 3463
23467 11579
23467 12738
23467 14664
23467 20485
23467 21241
23467 23031
23467 23174
23467 23955
23467 24022
23467 24051
23521 8944
23544 14387
23545 5807
23545 12273
23545 16018
23569 255
23591 4606
23591 17951
23591 22260
23623 6516
23632 2467
23657 1096
23657 12239
23684 12135
23712 7082
23725 9025
23732 3554
23732 11684
23732 16976
23732 18919
23732 21844
23732 23300
23732 23871
23739 503
23743 5530
23753 19744
23756 21327
23762 644
23773 22671
23774 6002
23776 11881
23795 9551
23796 12239
23800 12874
23803 2666
23811 10811
23816 1403
23821 9034
23825 21762
23831 23807
23837 13508
23837 23975
23843 21953
23848 2304
23851 15819
23853 20663
23861 704
23866 6278
23870 24518
23883 10429
23885 11936
23891 503
23951 6426
23954 16946
23960 8944
23963 13343
23963 22926
23971 23967
23974 22447
23978 13343
23986 9321
23986 16868
23993 23976
23997 24056
24006 1312
24010 24322
24011 24009
24027 16906
24031 1875
24033 3292
24033 6516
24033 13049
24033 14738
24033 17921
24033 18602
24033 23095
24033 23174
24033 23976
24035 24393
24041 509
24043 509
24062 14858
24064 12814
24068 18169
24071 5372
24074 23094
24075 21415
24083 17503
24085 4920
24086 13150
24095 14387
24125 12111
24133 13786
24133 24028
24150 23992
24183 18401
24183 24034
24226 20
24226 7565
24226 8921
24226 9957
24226 11010
24226 13212
24226 14462
24226 16256
24226 17871
24226 17950
24226 18546
24226 23574
24226 23792
24226 23976
24226 24072
24252 642
24252 5448
24252 7759
24252 8921
24252 8944
24252 11069
24252 11980
24252 12546
24252 13643
24252 13786
24252 15147
24252 17449
24252 19048
24252 22413
24252 22926
24252 23423
24252 23817
24252 23837
24252 23889
24252 23975
24252 23976
24252 24020
24252 24028
24265 23348
24281 2053
24322 2272
24322 12668
24322 14387
24393 7410
24393 7759
24393 15742
24460 11569
24460 15795
24460 21327
24460 23959
24460 23976
24492 8996
24518 12340
24568 14664
24568 18192
24568 19047
24568 20649
24568 23095
24568 23795
24568 23955
24579 3051
24584 8996
24682 13383
24707 212
24707 10761
24707 23508
24710 23566
24718 993
