24740 7803
44 13305
44 13518
44 14255
44 14919
44 15450
49 9256
97 6049
97 15084
121 8961
194 15189
212 12882
213 524
213 7648
213 12079
215 6937
215 8939
215 14780
215 14975
215 15144
223 17157
231 3143
231 5639
231 11488
231 14953
231 15039
252 6497
252 7759
252 7778
255 230
255 1018
255 1312
255 1901
255 3425
255 4196
255 4242
255 5633
255 5892
255 6953
255 8921
255 9025
255 9275
255 12829
255 13109
255 13969
255 14769
255 14881
255 14929
255 15120
255 15161
255 23223
255 24393
255 24588
280 14791
287 3425
287 15067
287 15131
287 15187
287 20285
309 14891
320 1235
320 8921
320 9110
320 12668
320 12734
320 15076
320 15090
331 1971
331 4920
331 20817
344 6167
344 11577
386 0
386 1658
386 4158
386 6815
386 8632
386 9057
386 10273
386 10811
386 11361
386 19087
386 21584
386 24393
395 686
395 4920
401 8447
408 7759
412 6582
465 4966
491 3083
491 6226
491 17342
491 24156
496 1740
496 11056
517 3986
525 934
525 7226
525 13533
525 14919
540 9030
560 642
572 7751
596 9275
596 9957
596 11780
596 12117
596 12465
596 13754
596 13954
596 14648
596 15117
596 15125
596 16742
596 19138
596 20970
596 22276
601 287
601 3425
601 4849
601 7759
601 9057
601 12665
601 14948
601 17830
623 320
623 910
623 1430
623 3425
623 9110
623 12803
623 14627
626 14599
630 3784
630 14016
630 20817
630 22598
640 12665
642 8921
642 9789
642 10568
642 11902
642 12668
642 12731
642 13472
642 14791
642 14793
642 14897
642 15012
642 15019
644 630
644 14269
644 24397
674 255
674 4150
674 5539
674 8463
674 24393
686 4920
686 20817
686 21899
687 14909
687 24639
701 496
701 4920
701 5639
701 8005
701 8961
701 9920
701 11890
701 12220
701 12711
701 13874
701 14648
701 14761
701 14780
701 14804
701 14818
701 14826
701 14928
701 14940
701 15078
701 15450
726 11342
726 17298
763 21882
766 10121
804 642
804 10862
804 11786
804 12053
804 14991
804 20904
810 9025
810 17323
810 19768
810 19786
810 22559
830 833
830 9770
830 14871
830 22217
831 3425
833 9380
833 12182
833 14777
833 14898
833 15020
834 2194
834 2516
866 14838
876 830
876 1137
876 2352
876 3420
876 9086
876 9770
876 11313
876 11577
876 11725
876 12597
876 14106
876 15050
876 20917
876 22217
895 13533
895 13694
895 14503
895 15018
929 40
929 215
929 4920
929 5644
929 6937
929 7648
929 9110
929 12806
929 14512
929 14934
935 8436
935 14761
1013 386
1013 4158
1013 5640
1013 8289
1013 9126
1013 15090
1013 15094
1013 15103
1013 15109
1018 496
1018 3425
1018 4326
1018 12668
1018 12789
1018 13305
1018 13544
1018 14693
1018 14791
1018 15114
1018 15146
1018 16336
1018 17880
1050 3425
1105 255
1105 401
1105 1543
1105 1934
1105 3143
1105 3823
1105 8447
1105 8996
1105 10331
1105 11474
1105 11767
1105 13118
1105 13305
1105 13901
1105 14775
1105 14894
1105 14898
1105 14899
1105 14948
1105 15058
1105 18619
1110 9405
1116 1948
1116 3255
1116 6036
1116 10544
1116 11188
1116 14326
1116 14674
1116 14775
1116 14795
1116 14880
1116 14886
1116 14908
1116 14913
1116 14916
1116 14963
1116 14993
1116 15117
1116 15121
1116 15181
1137 344
1137 3420
1137 9770
1137 11881
1137 12079
1137 12209
1137 12802
1137 13533
1137 14651
1137 15050
1137 15144
1137 16018
1137 20917
1140 4242
1140 18602
1141 8944
1141 14224
1173 13303
1197 14429
1215 6582
1215 13348
1221 8858
1221 9025
1230 24226
1235 14775
1235 14791
1244 11717
1244 14898
1244 15075
1249 19911
1312 1318
1312 2622
1312 4158
1312 4920
1312 5096
1312 6124
1312 6815
1312 8232
1312 9177
1312 10429
1312 12812
1312 13673
1312 14243
1312 15101
1312 16336
1312 22276
1313 10995
1317 3874
1371 804
1382 12597
1384 15187
1392 14472
1392 14990
1403 747
1403 2886
1403 3083
1403 3559
1403 3874
1403 8005
1403 14340
1403 14787
1407 9405
1407 13969
1430 496
1430 910
1430 2629
1430 4920
1430 5644
1430 5677
1430 7751
1430 8063
1430 8346
1430 9420
1430 11167
1430 11717
1430 12394
1430 12789
1430 13655
1430 13915
1430 14621
1430 14693
1430 14785
1430 14834
1430 15075
1430 15186
1430 16775
1430 17892
1430 24206
1430 24365
1486 4667
1486 8102
1520 12900
1520 14968
1538 1204
1538 1578
1538 6036
1538 14322
1538 14406
1538 14886
1538 14993
1543 2592
1547 24435
1581 9957
1582 7648
1582 21131
1631 11050
1632 9957
1639 701
1639 10997
1639 14780
1639 14802
1639 14897
1639 15000
1639 22598
1654 13407
1658 2423
1658 6247
1658 13305
1658 15018
1667 9177
1667 12079
1667 12220
1667 15055
1667 22276
1740 934
1740 3803
1740 6598
1740 10331
1740 11765
1740 12889
1740 13196
1740 13305
1740 13518
1740 13533
1740 13747
1740 13900
1740 14255
1740 14305
1740 14787
1740 14919
1740 14967
1740 15084
1740 15129
1740 15131
1740 15450
1740 16613
1741 2424
1741 4966
1741 9405
1741 11765
1741 11946
1741 12319
1741 12889
1741 13361
1741 14913
1741 14991
1741 15061
1741 15148
1741 20829
1749 16976
1784 24710
1788 3255
1846 2104
1846 4242
1846 5946
1846 6707
1846 6954
1846 6975
1846 7760
1846 7878
1846 8650
1846 9177
1846 9190
1846 9696
1846 10092
1846 11406
1846 12079
1846 12925
1846 13472
1846 14555
1846 14583
1846 15062
1846 17085
1846 21584
1846 21636
1861 8939
1861 9573
1899 3425
1901 11892
1901 14769
1901 14877
1934 7410
1934 14998
1934 16336
1934 17472
1934 20061
1948 16186
1951 11946
1951 15036
1971 19685
2018 11406
2069 13203
2086 3172
2104 1555
2134 2361
2134 2424
2134 6053
2134 7427
2134 8664
2134 13712
2134 13750
2134 15024
2134 15049
2134 15100
2134 16213
2134 18602
2134 21394
2148 2886
2194 5892
2194 7759
2194 8447
2194 9177
2194 11767
2194 11911
2194 12054
2194 12079
2194 12710
2194 14583
2194 14787
2194 14791
2194 14793
2194 14991
2194 15044
2194 15061
2194 17349
2194 24252
2194 24568
2197 814
2197 1846
2197 2487
2197 3255
2197 3725
2197 3823
2197 5946
2197 6707
2197 6735
2197 6975
2197 9025
2197 9190
2197 9551
2197 10092
2197 11963
2197 12829
2197 13969
2197 14787
2197 14907
2197 15053
2197 18385
2197 21194
2197 21584
2274 14873
2274 19178
2307 11342
2307 12078
2307 14376
2307 14991
2361 5946
2361 7759
2361 12220
2361 12465
2361 14512
2361 14552
2361 14812
2361 17262
2361 18602
2362 20883
2384 3679
2384 15251
2384 15450
2384 20917
2387 3172
2387 5519
2387 7123
2387 7221
2387 7878
2387 9643
2387 11963
2387 13096
2387 14757
2387 14785
2387 14799
2387 15035
2387 15092
2392 14787
2392 15034
2409 15117
2411 2491
2411 6836
2411 12942
2413 215
2413 642
2413 993
2413 5345
2413 12079
2413 12220
2413 13203
2413 14787
2413 24435
2423 13518
2442 626
2442 7338
2442 7759
2442 14963
2442 15011
2442 15101
2487 642
2487 1846
2487 3172
2487 5845
2487 6070
2487 9025
2487 13969
2487 14785
2487 15053
2487 15117
2487 21584
2487 24252
2497 642
2497 7760
2497 12079
2497 12200
2497 12710
2497 14793
2497 14890
2497 14909
2497 14984
2497 22559
2499 20061
2583 2352
2583 7648
2583 9742
2592 1018
2592 2361
2592 4123
2592 6815
2592 6953
2592 11778
2592 11968
2592 12668
2592 12735
2592 14295
2592 14648
2592 14895
2622 5677
2622 8921
2622 11342
2622 11717
2622 12163
2622 13042
2629 8109
2629 16345
2633 1741
2633 3083
2633 3874
2633 7743
2633 14897
2633 15141
2655 5112
2668 11968
2713 2748
2748 3725
2748 11313
2794 6354
2831 4920
2831 9494
2831 11700
2831 11890
2831 14822
2831 18602
2831 19440
2864 4982
2872 7404
2872 14552
2886 6319
2920 6735
2953 4607
2953 6598
2956 9113
2997 993
2997 8481
2997 9126
2997 13118
3049 2487
3049 7759
3049 12242
3049 14785
3049 14803
3049 14812
3049 14991
3078 9957
3130 1658
3130 8858
3168 10429
3172 642
3172 2920
3172 5644
3172 6247
3172 7123
3172 11378
3172 12371
3172 14648
3172 14780
3172 14781
3172 14785
3172 15053
3172 15062
3172 15154
3172 22598
3203 5304
3227 6049
3292 993
3337 14993
3372 1639
3372 2913
3372 21079
3372 24460
3379 14717
3379 18426
3420 4242
3420 8939
3420 11313
3425 1846
3425 5152
3425 7760
3425 9957
3425 10121
3425 11698
3425 12315
3425 14467
3425 14621
3425 16588
3425 19946
3425 24321
3433 496
3433 14831
3433 14878
3433 14881
3433 14895
3433 18449
3452 9275
3506 7338
3523 6582
3523 14765
3528 15012
3570 14777
3607 642
3607 5892
3620 2920
3620 6598
3679 5660
3704 2384
3704 17349
3725 9025
3757 8961
3757 14768
3760 1193
3760 7778
3760 12465
3760 12960
3760 13970
3784 18574
3784 20259
3803 7751
3803 13305
3803 14693
3803 17742
3823 8421
3823 8481
3843 5345
3843 5633
3843 6049
3843 12889
3843 13533
3843 13853
3843 14864
3843 14919
3843 15114
3908 6437
3986 11929
3986 14114
3986 18602
4048 386
4121 6687
4121 15195
4125 13305
4150 6047
4158 10761
4158 12220
4158 15146
4173 5892
4185 14874
4196 19087
4242 601
4242 1971
4242 2361
4242 4743
4242 4920
4242 5304
4242 5633
4242 6285
4242 6497
4242 6961
4242 7770
4242 7809
4242 8232
4242 9025
4242 9742
4242 11765
4242 12079
4242 12163
4242 12392
4242 13533
4242 13711
4242 14255
4242 14399
4242 14621
4242 14798
4242 14952
4242 15012
4242 15027
4242 15028
4242 15104
4242 15117
4242 17675
4242 18602
4280 14016
4331 1312
4331 4242
4331 8995
4331 9239
4331 14574
4331 14820
4343 910
4343 7759
4343 8787
4343 13305
4343 19440
4407 12903
4407 14429
4407 15181
4408 12735
4440 7648
4450 12004
4459 15052
4533 496
4533 21899
4567 4125
4567 14878
4567 15012
4578 6598
4578 15044
4607 14755
4607 14780
4607 14785
4607 14802
4663 14916
4667 8102
4667 14924
4667 14970
4667 17349
4681 17058
4685 408
4685 2504
4685 2886
4685 8564
4685 12803
4685 14033
4685 14501
4685 14627
4685 14779
4685 14789
4685 14897
4685 18684
4719 572
4719 8664
4724 14890
4735 6961
4737 701
4737 14399
4743 17830
4794 11861
4802 7648
4802 9239
4829 701
4829 8005
4829 13303
4829 13969
4829 14940
4829 15032
4920 34
4920 630
4920 4185
4920 8403
4920 9110
4920 9842
4920 10641
4920 11767
4920 12371
4920 12394
4920 12573
4920 12587
4920 12900
4920 13354
4920 14243
4920 14269
4920 14621
4920 14670
4920 14785
4920 14826
4920 14868
4920 14869
4920 17695
4920 17809
4920 18414
4920 20817
4920 22598
4928 12450
4928 14895
4982 2736
5001 7335
5001 11193
5052 6278
5052 6961
5052 8820
5052 13377
5052 24588
5079 14572
5096 7759
5112 0
5127 11357
5127 14787
5127 15319
5150 556
5152 2077
5152 7648
5152 17349
5152 19440
5152 19683
5152 20917
5152 24627
5178 1430
5178 2629
5178 3704
5178 4920
5178 6960
5178 8063
5178 8346
5178 9057
5178 9239
5178 12394
5178 12900
5178 14755
5178 14869
5178 14874
5178 15115
5178 15134
5178 17157
5178 18574
5178 21584
5178 22598
5189 19786
5210 13460
5261 11929
5261 16857
5261 18602
5304 2622
5304 6976
5304 14648
5304 24404
5311 1486
5311 3425
5311 3714
5311 3760
5311 5892
5311 14900
5311 14993
5325 2700
5325 18602
5331 15319
5345 11048
5345 12220
5345 12665
5345 13305
5345 13810
5345 15030
5345 16018
5345 20917
5387 14957
5408 9219
5408 14123
5409 15140
5411 1312
5411 9398
5411 12465
5411 14765
5411 14924
5446 545
5448 21786
5506 16581
5506 19871
5516 22598
5519 7123
5519 7759
5519 13869
5519 14881
5519 18574
5519 18619
5530 15000
5544 13747
5583 16892
5639 1204
5639 2508
5639 7778
5639 8102
5639 8421
5639 11846
5639 13305
5639 14872
5639 14893
5639 14913
5639 15151
5640 12734
5644 2409
5644 9380
5644 11767
5644 13124
5644 14699
5644 14785
5658 15087
5660 3657
5660 10273
5660 11406
5660 14893
5660 14898
5660 14906
5660 15011
5660 16856
5660 18602
5677 2134
5677 12079
5677 13874
5677 14755
5677 15075
5677 17262
5700 7393
5753 5892
5753 7759
5753 14803
5762 14266
5769 14859
5808 15037
5865 24252
5892 10410
5892 13383
5946 3172
5946 6707
5946 8935
5946 9025
5946 9696
5946 11406
5946 13830
5946 14870
5946 17085
5946 24150
5969 15076
6009 2920
6009 13383
6009 14355
6009 14787
6009 24380
6047 10406
6047 15165
6049 13951
6049 14106
6049 14744
6049 21800
6070 1639
6070 1843
6070 8657
6095 14769
6124 14873
6167 929
6167 5639
6167 6505
6167 11725
6167 14975
6167 20917
6167 21884
6182 11355
6182 13970
6182 14677
6182 22283
6228 12239
6228 14797
6228 14913
6247 9420
6247 10995
6247 12079
6247 12573
6247 14785
6247 16775
6247 22598
6258 9256
6278 19440
6310 15070
6319 287
6319 2913
6319 14311
6319 15597
6413 7648
6485 5178
6485 13747
6485 15117
6485 15450
6497 11355
6497 13394
6497 15009
6497 15043
6528 12450
6528 13305
6528 14891
6528 15163
6531 255
6531 14968
6589 8447
6589 8935
6589 9082
6589 12079
6589 13348
6589 14717
6589 14787
6589 15034
6598 3143
6598 3725
6598 7809
6598 9742
6598 13533
6598 14699
6598 14785
6598 15044
6598 22276
6660 18574
6666 9842
6666 9924
6666 12079
6666 14269
6666 14406
6666 14822
6666 15115
6666 16186
6666 17675
6666 18574
6687 194
6687 2592
6687 11968
6687 12079
6735 7760
6735 12735
6735 12894
6735 15044
6815 496
6815 14255
6815 19685
6850 15030
6850 15049
6851 7759
6851 9842
6851 24233
6851 24252
6851 24409
6869 14414
6874 18214
6896 24265
6917 408
6953 7751
6953 7895
6953 8288
6953 8935
6953 14785
6953 14994
6953 20893
6961 8921
6961 15263
6966 6182
7081 4920
7081 11342
7107 14583
7123 1430
7123 2920
7123 4196
7123 11819
7123 14785
7123 15000
7152 15024
7152 21394
7186 14789
7186 14955
7209 11018
7211 15133
7283 14787
7305 701
7305 830
7305 11881
7305 12802
7305 18619
7326 19901
7404 14552
7410 6815
7410 9126
7410 10414
7410 14891
7410 15018
7410 16551
7470 11419
7499 24150
7514 4242
7514 7648
7514 9275
7514 11929
7514 12220
7514 23223
7514 24226
7516 1137
7516 8939
7516 13533
7516 13747
7516 14106
7567 1139
7601 9177
7601 9392
7601 9608
7601 15199
7648 993
7648 6953
7648 7759
7648 10410
7648 12322
7648 13290
7648 14927
7682 2920
7682 3823
7682 8481
7682 8632
7682 12079
7682 12665
7682 13118
7682 13303
7682 14779
7682 14955
7743 13026
7743 13231
7743 15075
7743 15141
7759 40
7759 255
7759 1202
7759 2411
7759 3425
7759 3506
7759 4286
7759 4903
7759 5639
7759 6589
7759 7338
7759 7760
7759 8297
7759 8935
7759 9405
7759 10707
7759 12621
7759 12668
7759 12789
7759 13387
7759 14764
7759 14789
7759 14963
7759 14991
7759 15009
7759 17262
7759 20970
7759 24252
7778 2736
7778 4653
7778 5677
7778 6666
7778 7137
7778 7759
7778 8364
7778 10013
7778 11188
7778 12079
7778 12465
7778 14897
7778 15151
7778 17262
7778 17675
7792 13321
7792 15087
7816 10995
7824 8447
7888 11577
7888 11968
7973 8336
8004 15031
8005 8858
8005 14387
8005 14491
8005 14963
8005 15172
8031 23235
8097 2272
8102 40
8102 4802
8102 14941
8102 15101
8232 503
8232 4849
8232 12220
8232 21233
8262 14764
8277 5152
8305 1740
8305 4849
8305 5841
8346 14243
8364 16345
8403 644
8403 8369
8421 4286
8421 6074
8421 7427
8421 12665
8421 14916
8421 14933
8421 14984
8436 12668
8452 12220
8491 15185
8564 18689
8600 15008
8632 10681
8657 8650
8664 3415
8664 4196
8664 7751
8664 10761
8664 12182
8664 12220
8664 12375
8664 13969
8664 14693
8664 17710
8664 17809
8664 17935
8664 19087
8664 24252
8681 9586
8787 14837
8813 496
8813 642
8813 8310
8813 12013
8813 12211
8813 14881
8813 14898
8858 11684
8895 15144
8895 20917
8895 24183
8921 4089
8921 6582
8921 10429
8921 14881
8921 15006
8921 15012
8921 15035
8921 22276
8935 8232
8935 9110
8935 14801
8935 14831
8935 15028
8935 16588
8935 17675
8961 14749
8984 10410
8984 12013
9005 13305
9005 14255
9025 525
9025 830
9025 929
9025 1312
9025 1913
9025 3143
9025 4158
9025 8939
9025 9086
9025 9239
9025 9380
9025 9696
9025 9770
9025 11765
9025 12079
9025 12537
9025 12665
9025 12731
9025 12829
9025 13118
9025 13290
9025 13305
9025 14730
9025 14782
9025 14791
9025 14798
9025 15144
9025 17349
9025 18602
9025 20242
9025 22276
9026 3372
9026 15116
9026 21240
9030 4966
9030 6851
9030 10429
9057 642
9057 3172
9057 5152
9057 5644
9057 7759
9057 9030
9057 9405
9057 10429
9057 10774
9057 11890
9057 12079
9057 12731
9057 14269
9057 14651
9057 14780
9057 14930
9057 15008
9057 15050
9057 15450
9057 17349
9057 18169
9057 22217
9057 22598
9061 14953
9082 3123
9110 23348
9120 2736
9140 11785
9157 8109
9177 6589
9177 8232
9177 8421
9177 9880
9177 11929
9177 13286
9177 14582
9177 14870
9177 14916
9177 14929
9177 14981
9177 15027
9177 15047
9177 15095
9177 15098
9177 15263
9177 17349
9177 17675
9177 21542
9190 10202
9238 14621
9239 491
9239 642
9239 934
9239 1312
9239 1430
9239 3083
9239 5304
9239 7026
9239 8944
9239 11929
9239 12394
9239 12735
9239 12789
9239 12900
9239 13383
9239 13915
9239 14378
9239 15006
9239 15138
9239 15144
9239 16892
9239 21584
9239 23348
9256 13969
9256 21240
9275 320
9275 1312
9275 6124
9275 14500
9275 14598
9275 14929
9275 15263
9275 22276
9312 14991
9325 18693
9331 13750
9398 7895
9398 13747
9398 14765
9398 14787
9494 9239
9494 14920
9524 7514
9553 804
9553 1486
9553 3725
9553 4150
9553 9239
9553 12537
9553 12690
9553 13042
9555 642
9555 11819
9555 14758
9586 13632
9600 14928
9679 5644
9679 12211
9679 14866
9679 24252
9682 12964
9682 14429
9716 7759
9733 7770
9733 9110
9733 14621
9742 14255
9770 20242
9811 16336
9842 1018
9842 3425
9842 7759
9842 10718
9842 14269
9842 14699
9842 14755
9842 14775
9842 21584
9893 7648
9893 13631
9920 10410
9957 2043
9957 9380
9957 10811
9957 14114
9957 14760
9957 14785
9957 15450
9957 18602
9960 9405
10007 14778
10057 2194
10121 993
10121 2018
10121 6666
10121 7760
10121 9177
10121 9696
10121 14813
10121 14822
10121 14877
10121 14881
10121 14898
10121 15037
10121 15055
10121 15106
10121 20061
10121 24150
10121 24568
10205 7743
10205 18602
10273 13118
10292 2015
10292 3172
10292 4920
10292 4982
10292 6247
10292 6666
10292 9586
10292 11157
10292 11929
10292 12079
10292 13377
10292 14757
10292 14785
10292 14881
10292 15068
10292 15138
10292 16775
10307 16892
10323 450
10325 11819
10343 2409
10351 701
10406 13247
10410 814
10410 910
10410 3440
10410 9770
10410 12079
10410 13305
10410 14453
10410 14791
10410 14864
10410 15060
10410 20061
10429 4355
10429 11890
10429 12220
10429 12889
10429 13305
10429 14920
10429 18574
10486 14941
10544 14748
10566 2622
10566 9177
10566 10429
10566 12079
10566 12566
10566 14756
10566 14785
10566 14911
10566 16895
10566 24252
10573 9011
10613 14785
10676 935
10718 14269
10767 14491
10767 24348
10811 642
10811 4982
10811 5411
10811 5633
10811 8939
10811 11157
10811 12974
10811 14775
10811 14897
10811 14956
10811 15037
10811 17742
10995 13270
11056 934
11056 13712
11082 11724
11157 496
11157 14785
11157 22276
11167 2307
11167 5639
11167 5677
11167 14582
11167 14992
11167 15075
11167 15083
11167 15128
11167 19149
11342 8935
11342 24664
11355 14069
11378 401
11378 11607
11406 2591
11406 7760
11406 10273
11406 12710
11406 13238
11406 14851
11408 2467
11419 6666
11507 1846
11507 18602
11547 8232
11547 8921
11547 15006
11577 1493
11577 6961
11577 21194
11579 14937
11657 2423
11657 2913
11657 7226
11657 13518
11657 15714
11684 1116
11684 1951
11684 4849
11684 14340
11684 14760
11684 14826
11684 14880
11684 15026
11684 15170
11684 17262
11684 21542
11696 4242
11696 14730
11698 12079
11698 18034
11700 935
11700 2524
11700 7648
11700 7717
11700 9924
11700 15075
11717 14833
11725 8447
11743 1913
11743 12803
11743 15047
11762 14555
11767 1140
11767 6124
11767 9177
11767 9586
11767 10526
11767 11717
11767 14785
11767 14822
11767 14909
11767 14981
11767 14991
11767 15109
11767 18602
11767 20638
11780 15814
11780 19890
11785 2491
11785 18602
11785 21786
11786 13622
11819 2387
11819 4125
11819 5519
11819 9190
11819 13337
11819 14757
11819 14799
11819 14856
11819 15012
11819 21194
11819 22283
11839 929
11861 14777
11861 14790
11861 14871
11890 2920
11890 8463
11890 8858
11890 12960
11890 14966
11890 14971
11892 2194
11902 15099
11902 18602
11910 22559
11921 14785
11968 14787
11974 13896
11974 15117
11974 15175
12013 9190
12013 9256
12013 10862
12013 12220
12013 13305
12013 13533
12013 14922
12013 14991
12013 15110
12013 15163
12013 15197
12013 16613
12013 24393
12053 19138
12056 6638
12074 6049
12074 20061
12079 496
12079 1784
12079 2424
12079 13305
12079 14893
12079 21786
12093 2447
12093 9405
12106 14884
12117 15125
12135 1015
12135 1312
12135 4242
12135 8858
12135 10429
12135 11717
12135 14399
12135 14673
12135 14813
12135 14965
12135 17326
12135 18602
12135 19685
12155 7759
12163 1140
12163 5946
12163 8232
12163 11342
12163 13750
12163 13896
12163 17809
12163 18602
12169 14255
12200 18602
12211 20061
12242 1430
12242 14785
12242 15110
12334 14946
12362 19890
12392 21194
12450 8935
12450 13305
12450 14712
12465 13305
12465 14924
12537 21584
12539 3714
12539 5805
12539 12182
12539 12889
12539 14550
12573 22598
12587 6247
12587 12371
12587 14869
12591 15036
12600 1015
12600 13237
12600 14340
12600 15071
12648 8564
12665 3425
12665 13270
12665 13303
12665 14873
12665 17675
12665 24183
12668 4355
12668 10566
12668 11765
12668 14799
12668 15138
12668 16163
12668 18602
12670 15054
12712 5646
12712 6182
12712 12465
12712 13786
12734 5506
12734 8289
12734 10526
12734 11717
12734 12093
12734 12566
12734 12668
12734 12789
12734 12925
12734 13348
12734 14756
12734 14791
12734 14822
12734 14881
12734 14956
12734 14981
12734 15046
12734 15047
12734 15090
12734 15092
12734 18602
12768 24333
12777 929
12812 2015
12829 16388
12843 15035
12894 15049
12900 255
12900 4743
12900 7682
12900 8944
12900 9025
12900 11765
12900 13183
12900 13969
12900 14255
12900 14885
12900 14981
12900 15032
12900 15136
12900 24657
12910 13554
12945 1609
12945 9405
12945 13754
12945 15142
12964 14429
12999 14919
13003 674
13027 5812
13027 8447
13027 10121
13027 11785
13027 11881
13027 15102
13027 23943
13034 11357
13042 11929
13065 3172
13065 14785
13065 22598
13068 4355
13068 10429
13068 14775
13083 496
13083 13096
13094 15117
13099 5946
13118 13305
13118 17293
13119 1913
13119 6049
13124 10429
13124 12239
13124 14897
13124 14937
13172 13996
13191 8935
13211 9256
13211 15190
13214 12053
13231 15001
13247 2283
13247 2519
13247 6047
13247 12735
13247 12867
13247 14491
13247 14797
13247 14811
13247 14862
13247 14913
13250 22276
13303 2424
13305 255
13305 934
13305 1270
13305 2102
13305 3714
13305 4242
13305 5128
13305 5633
13305 6598
13305 6815
13305 7427
13305 8297
13305 8858
13305 8944
13305 9256
13305 9615
13305 10121
13305 10331
13305 12889
13305 13383
13305 13533
13305 13747
13305 13786
13305 14079
13305 14255
13305 14787
13305 14809
13305 14848
13305 14903
13305 14916
13305 14919
13305 15016
13305 15037
13305 15041
13305 15074
13305 15081
13305 15100
13305 15110
13305 15124
13305 15136
13305 15148
13305 16892
13305 22283
13305 24657
13321 1846
13321 5633
13321 5946
13321 7759
13321 8481
13321 9239
13321 9256
13321 10331
13321 12079
13321 12220
13321 12690
13321 13305
13321 14127
13321 14698
13321 14735
13321 14955
13321 15002
13335 13371
13337 14757
13348 15117
13371 14932
13383 4966
13446 13901
13472 14994
13484 14744
13492 14835
13504 4920
13504 15117
13504 18574
13518 13305
13518 15194
13580 14627
13580 14893
13631 20817
13639 7648
13655 14920
13673 13544
13679 496
13684 13305
13684 15031
13715 14777
13741 16581
13747 11313
13754 9111
13754 14131
13786 3130
13786 3679
13786 7648
13786 8984
13786 9057
13786 10641
13786 14924
13786 20917
13786 24568
13800 8491
13817 11819
13874 285
13874 3130
13874 7292
13874 24150
13889 496
13889 1740
13896 14875
13925 6124
13969 993
13969 1749
13969 2920
13969 6285
13969 6735
13969 9696
13969 11819
13969 12371
13969 13118
13969 14849
13969 14907
13969 14953
13969 14968
13969 15044
13969 16976
13995 15450
14003 386
14008 18698
14010 12079
14070 14795
14079 3372
14084 15087
14113 14550
14195 12450
14213 13747
14219 13853
14224 7567
14226 642
14226 993
14226 6009
14226 6049
14226 8632
14226 9025
14226 12093
14226 12539
14226 13305
14226 14744
14226 14785
14226 14798
14226 14936
14226 14979
14226 15084
14226 15114
14226 15187
14226 15197
14226 16551
14226 16613
14226 22466
14271 2831
14271 3172
14271 12135
14271 14785
14271 16179
14271 22135
14279 14999
14293 1740
14293 3620
14293 14693
14293 15394
14293 17349
14295 4242
14295 13544
14332 14387
14355 13118
14362 2421
14372 496
14377 19999
14387 1784
14387 9312
14387 12220
14387 15075
14387 22452
14387 24435
14406 6638
14406 9842
14406 12465
14406 14491
14406 15061
14406 21233
14406 24018
14463 14893
14500 1312
14500 11929
14500 13026
14500 15019
14500 24226
14521 6850
14535 14069
14541 14775
14550 386
14550 8939
14550 9978
14550 14582
14550 15047
14550 22598
14574 13003
14583 4920
14595 1740
14595 13305
14595 13518
14595 14730
14595 14919
14595 15044
14595 15136
14595 15450
14598 5519
14598 14814
14598 14841
14598 14868
14598 14942
14598 22598
14599 12163
14599 12220
14621 15117
14648 23348
14667 7682
14670 1312
14670 9573
14670 12806
14698 15617
14699 1140
14713 8858
14713 9025
14728 10410
14730 7770
14730 8996
14734 2519
14735 3591
14737 19498
14744 1740
14744 14829
14744 14979
14751 2499
14757 44
14757 14744
14758 4242
14758 15003
14758 17293
14761 460
14761 13170
14765 6953
14773 9811
14780 15235
14781 1639
14781 16087
14785 496
14785 2104
14785 5519
14785 12690
14785 12734
14785 14621
14785 15092
14787 213
14787 1018
14787 1784
14787 2497
14787 2920
14787 3083
14787 4743
14787 4982
14787 7427
14787 8005
14787 11929
14787 12211
14787 12710
14787 12803
14787 13250
14787 14295
14787 14399
14787 14765
14787 14803
14787 14811
14787 14900
14787 14919
14787 14950
14787 14963
14787 14972
14787 15000
14787 15019
14787 15034
14787 15042
14787 15068
14787 15146
14787 15190
14787 15199
14787 16551
14787 18619
14787 22513
14788 17342
14790 14698
14790 14798
14791 19138
14791 23707
14792 22598
14794 9030
14796 5747
14806 1740
14806 4158
14806 10429
14807 12079
14807 13305
14808 7682
14812 20817
14815 18619
14817 23348
14822 18449
14823 8634
14824 14791
14825 14439
14828 11911
14828 12220
14828 20061
14834 22486
14836 15109
14844 9924
14855 10821
14867 14908
14868 22598
14880 18619
14881 6124
14881 6278
14881 14501
14881 15027
14883 15385
14893 15144
14894 13930
14899 6124
14908 24265
14917 642
14919 5128
14920 7759
14920 8421
14920 10995
14920 12220
14920 12465
14920 12900
14920 15061
14920 15064
14920 15103
14920 16163
14920 17262
14920 17675
14920 22759
14924 1585
14924 5639
14924 14948
14924 17675
14924 24568
14925 644
14930 8289
14942 22276
14944 9275
14948 14920
14948 24568
14951 8060
14958 701
14962 3497
14969 11342
14975 10742
14977 9549
14980 23943
14996 21786
14998 1015
15004 13698
15008 6167
15011 1639
15011 1857
15011 3301
15011 4355
15011 5120
15011 5748
15011 7858
15011 9192
15011 9880
15011 13250
15011 14359
15011 22559
15011 24226
15014 1486
15014 2362
15014 4286
15014 5639
15014 6937
15014 8858
15014 10152
15014 11188
15015 4749
15019 24226
15020 2508
15020 6049
15020 7894
15020 9190
15020 15029
15020 17293
15024 21394
15026 8993
15027 21898
15030 22513
15047 24183
15048 8463
15057 24226
15058 24226
15071 8336
15071 15141
15075 15128
15075 15168
15080 3484
15083 24226
15089 21786
15094 14583
15094 15109
15096 15117
15106 2497
15115 17157
15115 22598
15117 215
15117 8421
15117 12220
15117 12734
15117 13750
15117 14755
15117 14869
15117 14966
15117 22598
15117 23991
15117 24121
15122 24680
15132 642
15140 16581
15143 14131
15158 15181
15161 642
15161 12211
15161 13118
15161 14785
15162 9177
15164 14305
15167 11804
15169 8797
15170 16213
15171 21194
15183 929
15188 194
15282 14954
15332 12163
15394 12079
15406 3372
15406 9742
15447 14621
15450 1486
15450 7648
15450 12665
15450 15061
15450 15148
15450 17066
15698 17742
15814 935
15814 4982
15814 12465
15814 12711
15814 12712
15814 14872
15814 24568
16186 726
16186 6582
16186 7760
16186 8421
16186 11357
16186 14399
16186 14870
16186 14911
16186 14955
16186 15181
16186 17262
16323 9727
16336 14773
16336 14809
16336 14848
16336 16613
16345 1015
16345 19901
16548 7682
16578 4982
16581 2903
16581 8921
16581 14756
16581 17742
16581 17880
16609 13305
16613 4242
16613 12665
16613 13533
16775 9057
16775 18169
16880 22276
16892 12079
16895 12900
17058 9275
17062 5639
17066 18602
17157 320
17157 9057
17157 9110
17157 14269
17293 11101
17293 14936
17293 21194
17293 22466
17298 642
17299 3803
17299 9742
17299 10414
17299 14898
17338 24226
17349 13305
17576 15066
17576 16213
17675 491
17675 9025
17695 18414
17706 20970
17729 18684
17732 596
17742 642
17742 3130
17742 3719
17742 8921
17742 12093
17742 14831
17742 19138
17742 22135
17830 642
17830 3289
17830 3425
17830 7258
17830 8858
17830 11717
17830 14953
17830 15263
17830 18602
17830 21177
17830 22276
17830 24393
17840 20061
17892 17338
18034 8232
18034 19498
18056 13747
18169 701
18169 6836
18169 13042
18169 13305
18169 14934
18169 14992
18169 15450
18169 17349
18169 22598
18385 6074
18385 12079
18401 2362
18401 6687
18401 8232
18401 9957
18401 11717
18401 14991
18401 24183
18414 22598
18438 255
18438 14769
18438 15103
18574 630
18574 3130
18574 4407
18574 4913
18574 4920
18574 8364
18574 11408
18574 12135
18574 14269
18574 14822
18574 14874
18574 14915
18574 15077
18574 15385
18574 24177
18574 24206
18602 1913
18602 3652
18602 11929
18602 13034
18602 13896
18602 15113
18602 20355
18602 22276
18619 701
18619 1312
18619 5639
18619 6497
18619 7759
18619 14866
18619 14913
18619 14963
18619 19138
18619 21233
18689 5539
18689 14003
18689 14797
18689 14811
18698 13290
18917 8634
19087 401
19087 4679
19138 496
19138 3479
19138 7026
19138 12093
19138 14826
19149 8961
19149 13896
19149 13909
19149 14755
19149 14991
19149 15075
19156 2307
19328 13191
19355 4966
19379 11378
19454 993
19454 18602
19454 19957
19554 7682
19554 12013
19554 12220
19622 4685
19644 517
19644 21233
19685 14833
19693 1230
19730 9025
19730 12665
19730 14583
19730 14954
19730 15144
19803 18940
19871 701
19871 1543
19901 215
19901 1493
19901 4920
19901 6247
19901 6582
19901 7116
19901 9420
19901 12573
19901 13631
19901 14785
19901 14975
19915 701
19915 1741
19915 12894
19915 12900
19915 21317
19915 21394
20061 14920
20242 14809
20285 7648
20285 15131
20285 18602
20387 12079
20387 13305
20517 14877
20638 1312
20638 1555
20676 1913
20676 18602
20676 19901
20676 21131
20817 1109
20817 3784
20817 7326
20817 8858
20817 9110
20817 13354
20817 14693
20817 14699
20817 14874
20817 15075
20817 18602
20817 22598
20869 6815
20883 1578
20883 9275
20889 3172
20889 13830
20889 14757
20897 13191
20904 14835
20917 12013
21020 15127
21213 7759
21213 14695
21213 23943
21233 9110
21240 1270
21240 5633
21240 14787
21240 14879
21336 215
21336 8995
21336 12079
21402 7326
21584 11419
21786 1312
21786 11717
21786 12900
21786 18602
21800 13305
21800 14226
21858 12587
21876 6961
21884 12802
21913 10156
21954 34
21954 7082
21954 11881
21954 11890
21954 12465
21954 14981
21985 1609
22134 13118
22160 993
22160 14106
22217 4920
22217 12182
22217 17349
22221 9679
22276 5644
22276 8232
22276 12135
22276 19138
22276 21233
22283 4735
22283 6961
22283 12343
22283 14907
22341 524
22452 1784
22513 4794
22513 12054
22513 12710
22513 14871
22513 14942
22592 6851
22592 24252
22598 408
22598 6961
22598 7326
22598 13250
22598 13631
22598 13830
22598 14621
22598 14744
22601 14818
22708 21584
22759 3559
22759 19698
22880 2467
22880 12621
22906 16179
23235 2104
23235 7648
23235 8820
23235 8858
23235 12163
23235 12619
23235 15661
23272 19172
23348 560
23348 4089
23348 4355
23348 5677
23348 8321
23348 9957
23348 12220
23348 12668
23348 14737
23348 14969
23348 15001
23348 15103
23473 2736
23535 726
23535 12572
23535 24379
23707 7759
23707 13754
23707 14781
23707 16742
23707 17349
23846 13321
23946 14809
23991 9177
24133 642
24133 10410
24133 20970
24150 194
24152 2777
24183 2961
24206 24177
24224 14942
24226 626
24226 642
24226 1317
24226 6582
24226 8921
24226 11157
24226 14599
24226 14981
24226 15070
24250 993
24250 14881
24250 15035
24250 21584
24252 804
24252 3657
24252 5506
24252 6666
24252 9110
24252 9957
24252 11167
24252 11408
24252 12220
24252 13305
24252 14406
24252 14785
24252 14831
24252 15075
24252 15128
24342 13741
24393 701
24393 1100
24393 1547
24393 1639
24393 3143
24393 3433
24393 6851
24393 6995
24393 7759
24393 12135
24393 12392
24393 12829
24393 13042
24393 14503
24393 14756
24393 14877
24393 14891
24393 24252
24404 18602
24448 15027
24460 44
24492 8996
24492 10862
24518 5946
24518 11929
24518 14994
24568 1913
24568 7760
24568 8874
24568 15011
24588 7123
24588 7878
24588 8546
24588 13118
24588 13377
24588 14799
24588 15092
24591 12537
24591 14994
24634 14378
24707 12292
24710 12079
24710 14130
24710 14991
40 934
44 6917
44 12604
44 12900
44 14106
44 15274
44 15299
44 15344
87 10207
90 8939
133 1934
155 2924
155 6054
155 7778
155 16186
213 1549
213 5115
213 5678
213 8944
213 9742
213 11698
213 15443
213 17675
213 21089
213 24710
223 14415
223 15323
231 546
231 8289
231 12566
231 13811
231 15176
231 15258
231 15334
231 15393
231 15420
231 15505
231 15533
231 19871
231 21089
231 24380
252 10406
252 13580
252 14322
252 15001
252 15434
271 1543
277 13684
287 5115
287 8944
287 12209
292 2202
292 12903
292 15464
309 9811
320 5304
320 11010
320 15117
320 15329
320 15587
320 19534
320 24226
320 24404
320 24695
344 7516
345 6961
375 13557
386 1740
386 2361
386 3227
386 9742
386 10566
386 10681
386 11048
386 13211
386 13786
386 14787
386 16613
401 3692
412 491
412 13348
491 1543
491 8921
491 13124
491 13203
491 14920
491 16163
496 16613
502 12367
525 1842
525 8520
525 18497
540 3621
546 12734
560 7026
570 10227
572 3227
572 3803
572 4154
572 14239
574 14429
574 17872
593 11417
593 12670
593 13185
593 15274
596 2962
596 4407
596 6067
596 9177
596 11235
596 11238
596 11717
596 12078
596 13348
596 13741
596 14429
596 14691
596 15267
596 15491
596 18574
596 18602
596 22221
601 1296
601 2134
601 8944
601 12668
623 7514
623 14787
623 15543
623 15545
623 20512
623 23926
630 7326
630 13851
630 15315
630 17695
640 5115
642 2961
642 7244
642 8184
642 11048
642 15420
644 4920
644 13631
644 15575
644 17695
644 19901
674 7082
674 15321
686 17695
687 8564
687 14648
687 15425
687 23360
701 3620
701 4952
701 12833
701 13773
701 15351
701 15380
701 15408
701 24657
737 7026
781 7081
799 1740
804 8321
804 10566
810 14805
830 4094
830 14414
833 4217
833 10566
833 12670
833 15232
833 16856
833 21913
834 5946
866 10757
876 2194
876 4217
876 6869
876 8321
876 11872
876 14239
876 16775
876 19023
929 213
929 1549
929 2819
929 3704
929 11238
929 15283
996 11050
1001 3049
1001 13874
1013 231
1013 546
1013 8659
1013 12330
1013 13673
1013 15469
1013 15473
1018 5304
1018 10761
1018 11209
1018 14127
1018 14860
1018 15204
1028 2361
1028 4966
1028 13555
1105 1312
1105 1658
1105 3474
1105 5801
1105 7118
1105 10681
1105 10761
1105 11048
1105 12182
1105 12330
1105 12573
1105 12745
1105 13533
1105 13673
1105 15044
1105 15270
1105 15359
1110 13219
1116 6805
1116 12076
1116 15206
1116 15265
1116 15285
1116 15362
1116 15368
1126 24393
1137 4217
1137 9256
1137 11861
1137 11926
1137 12063
1137 14239
1137 15457
1137 21954
1137 24710
1140 6124
1148 8305
1220 2423
1220 12572
1221 11607
1244 13574
1312 9834
1312 13475
1312 14969
1312 15256
1312 15419
1312 15536
1312 18401
1312 22759
1312 23991
1312 24657
1313 15336
1354 13065
1354 15342
1382 24479
1393 12283
1393 15585
1403 642
1430 630
1430 12573
1430 14787
1430 15006
1430 15323
1430 15510
1430 15575
1430 21899
1430 22598
1538 9405
1538 11064
1538 12313
1538 12511
1538 12712
1538 13811
1538 15043
1538 15393
1543 9275
1547 13191
1547 15211
1547 21899
1547 23560
1581 15323
1582 929
1582 4920
1604 6134
1621 15524
1658 3779
1658 6009
1658 15292
1665 10566
1665 11050
1676 14787
1740 44
1740 1842
1740 2423
1740 2592
1740 3080
1740 3226
1740 3227
1740 4567
1740 5892
1740 6285
1740 6917
1740 8598
1740 9089
1740 12041
1740 12171
1740 12397
1740 13106
1740 13786
1740 15044
1740 15247
1740 15255
1740 15274
1740 15413
1740 15578
1740 16892
1740 17675
1740 21079
1740 21954
1741 5892
1741 6017
1741 8944
1741 12614
1741 14279
1741 14486
1741 14918
1741 15072
1741 15216
1741 15262
1784 15014
1788 2487
1788 11819
1842 13211
1842 13217
1842 13305
1842 14595
1842 14787
1846 6571
1846 6887
1846 7258
1846 9025
1846 9305
1846 12829
1846 12949
1846 15184
1846 15548
1846 19087
1934 8935
1951 491
1951 15443
2018 6095
2018 8995
2018 11378
2018 11488
2099 15506
2134 2748
2134 5801
2134 5946
2134 10027
2134 14004
2134 14282
2134 15236
2134 15247
2134 15548
2134 20829
2158 15117
2166 13196
2194 1137
2194 4578
2194 5304
2194 6869
2194 15236
2194 15592
2194 20417
2197 287
2197 3172
2197 4687
2197 6869
2197 9239
2197 9259
2197 12117
2197 12209
2197 14361
2197 14785
2197 15264
2197 15423
2197 15537
2197 15698
2197 18034
2274 14440
2304 3725
2307 18602
2329 4920
2352 2384
2352 14293
2361 7100
2361 9957
2361 13236
2379 15268
2384 4568
2384 14414
2384 15229
2384 16856
2387 642
2387 3143
2387 9834
2387 13800
2387 14787
2388 12803
2388 18385
2392 13786
2411 14452
2423 7819
2423 13305
2423 14595
2423 16892
2423 21240
2427 13969
2442 15362
2487 3474
2487 6887
2487 6975
2487 10027
2487 11730
2487 12894
2487 15184
2487 15353
2487 22598
2491 15088
2497 3430
2497 7747
2497 8497
2497 9305
2497 11127
2497 11698
2497 14918
2497 16892
2497 18917
2497 19595
2583 677
2583 14787
2583 14816
2592 491
2592 1312
2592 4242
2592 5105
2592 5340
2592 12236
2592 13231
2592 13520
2592 14599
2592 14920
2592 15201
2592 15314
2592 15346
2592 15412
2592 15507
2592 15536
2592 24226
2594 10566
2599 2423
2629 17157
2629 22598
2633 19
2633 642
2633 6124
2633 15256
2658 9239
2668 2819
2668 7759
2668 14176
2668 15234
2736 7354
2736 7454
2736 15566
2748 4687
2748 6017
2748 13303
2748 15442
2748 15443
2819 10227
2819 11767
2828 9555
2938 17675
2939 15341
2961 13337
2961 18602
2981 18602
2997 231
2997 3363
2997 5115
2997 6914
2997 9553
2997 11048
2997 12372
2997 14423
2997 14948
2997 15505
3007 24695
3023 23991
3049 6687
3049 11843
3049 12894
3049 15684
3049 18919
3049 24710
3055 17262
3078 15444
3078 19693
3168 1899
3172 2158
3172 3143
3172 4578
3172 6869
3172 6887
3172 6975
3172 7514
3172 8921
3172 9025
3172 11048
3172 12829
3172 13747
3172 14490
3172 14969
3172 15459
3172 24579
3172 24710
3203 15470
3225 14440
3227 4154
3227 12041
3227 15020
3293 13969
3334 15202
3372 16613
3425 4242
3425 15221
3425 18034
3425 18602
3425 18917
3430 15363
3433 1934
3528 1433
3528 14816
3570 4568
3570 16856
3620 14219
3651 9025
3677 4568
3704 6937
3704 15417
3714 3528
3760 14737
3803 1916
3834 18547
3843 9742
3843 12233
3843 14106
3843 14787
3843 14820
3843 15044
3843 15274
3843 15427
3843 15496
3950 10757
3986 15536
3986 15580
3986 24183
4026 11657
4026 14106
4086 12734
4091 14440
4094 17675
4121 6247
4121 13237
4121 13676
4158 2592
4158 11048
4158 15536
4187 3554
4217 12868
4242 99
4242 642
4242 934
4242 2423
4242 3143
4242 4719
4242 6914
4242 7516
4242 7759
4242 10177
4242 11698
4242 12397
4242 12604
4242 13219
4242 13646
4242 13747
4242 14785
4242 15221
4242 15274
4242 15344
4242 16892
4242 18960
4242 20417
4271 16186
4280 15531
4331 10775
4331 14787
4343 5052
4343 5115
4343 10013
4343 10104
4343 18602
4343 24710
4350 18602
4355 21089
4406 2018
4406 8995
4406 16018
4440 15214
4441 17013
4462 7026
4462 20387
4533 13676
4549 1721
4567 6067
4567 12397
4578 1315
4578 12209
4578 15403
4578 15503
4604 19138
4664 8944
4681 15524
4685 6124
4685 12768
4685 13219
4685 14279
4685 14648
4685 15043
4685 15409
4685 15535
4685 19440
4704 23707
4735 13248
4737 13270
4781 10429
4829 6937
4829 10707
4849 15216
4879 12220
4879 15247
4920 3051
4920 4511
4920 5516
4920 6167
4920 7326
4920 7565
4920 8031
4920 8321
4920 8452
4920 9827
4920 13337
4920 13631
4920 13655
4920 13808
4920 14301
4920 14415
4920 15117
4920 15477
4920 15529
4920 15530
4920 15531
4920 15575
4960 18602
4966 5311
4982 7454
4982 15350
5036 16076
5036 24033
5052 8184
5052 11819
5052 12900
5052 19440
5052 21194
5123 3528
5123 13305
5149 8657
5152 13684
5178 644
5178 6247
5178 12863
5178 15117
5178 15323
5178 20817
5189 15117
5189 15581
5261 2860
5261 2961
5261 12745
5261 14387
5261 14440
5261 14920
5261 15199
5261 19440
5261 24568
5279 9239
5304 11510
5311 11698
5311 12079
5311 12283
5311 15248
5311 15495
5340 9177
5345 1221
5345 3677
5345 4568
5345 11460
5345 11861
5345 11967
5345 17675
5364 11059
5409 3430
5409 6687
5409 8944
5409 9677
5409 10027
5409 14452
5409 15430
5411 11698
5411 13889
5411 15247
5516 7565
5519 5149
5519 12209
5519 12903
5523 4973
5523 8077
5523 10121
5523 11184
5523 13348
5523 20285
5523 21356
5625 5261
5625 14711
5639 2997
5639 6914
5639 11097
5639 14791
5639 14812
5639 15117
5639 15321
5639 15381
5639 15463
5639 15544
5644 12371
5644 14415
5644 15453
5646 15236
5658 24472
5660 4091
5660 6961
5660 12283
5660 13460
5660 14176
5660 15105
5660 15224
5660 15469
5660 15684
5660 20917
5677 8944
5677 18602
5678 15572
5762 1842
5762 14106
5769 15117
5801 255
5801 10027
5808 13280
5856 5115
5892 7682
5892 10429
5892 12812
5892 15459
5946 491
5946 1842
5946 2487
5946 2860
5946 4094
5946 6687
5946 7514
5946 11730
5946 12220
5946 12894
5946 13305
5946 15184
5946 15359
5946 15395
5946 15470
5946 15548
5946 16892
5946 18917
5946 20829
5946 21702
5946 24710
5988 7081
6009 7082
6009 11698
6009 11926
6009 12182
6009 12397
6009 13219
6009 15457
6009 15513
6047 5639
6047 10707
6047 14282
6047 15336
6047 15535
6054 5147
6054 9177
6070 8852
6095 7824
6095 11378
6124 747
6124 11184
6124 13806
6124 15256
6124 15587
6124 18927
6124 23348
6124 24707
6141 12078
6141 13235
6141 15279
6141 15308
6167 15117
6167 15480
6228 12283
6247 7326
6247 8452
6247 13305
6247 13808
6247 15117
6247 15195
6247 15249
6247 15458
6247 15531
6247 17262
6278 6124
6278 7100
6285 9025
6285 13305
6310 9834
6319 18602
6408 1318
6413 12220
6485 13034
6497 1312
6497 4407
6497 4982
6497 10062
6497 10429
6497 10707
6497 11974
6497 13754
6497 14583
6497 14948
6497 15265
6497 15481
6531 3143
6531 14907
6547 9256
6547 10793
6547 15204
6547 15507
6547 17820
6571 11684
6589 15340
6598 491
6598 6975
6598 24226
6666 3621
6666 6497
6666 7454
6666 14490
6666 14892
6666 15014
6666 15273
6666 15276
6666 15465
6666 15524
6666 15551
6666 22486
6687 7759
6687 9677
6687 11698
6687 14004
6687 15684
6735 15496
6736 7354
6796 5639
6815 15247
6818 13533
6818 14595
6850 8852
6850 24710
6869 5176
6874 6124
6874 15466
6874 15513
6887 15358
6917 13185
6917 15466
6917 15557
6917 21240
6937 15287
6937 15481
6937 15814
6944 3143
6944 6531
6944 24393
6955 1230
6955 2194
6955 4781
6960 8346
6960 15323
6961 15307
6961 24183
6966 14003
6975 7082
6975 13305
7026 10707
7100 23360
7244 11767
7305 4217
7305 14239
7305 14415
7315 4407
7354 3130
7354 12358
7354 14835
7354 16888
7410 1018
7442 2197
7454 24479
7514 496
7514 11048
7514 11148
7514 15334
7514 18034
7514 23926
7514 24568
7516 6049
7516 18497
7601 2860
7601 10676
7601 14691
7601 15217
7601 15464
7601 18602
7601 22214
7648 496
7648 2819
7648 3203
7648 4685
7648 9239
7648 12041
7648 24183
7682 9933
7682 12310
7682 13305
7682 13533
7682 24722
7743 20
7743 14691
7743 15534
7743 15558
7759 642
7759 701
7759 866
7759 1665
7759 3620
7759 6285
7759 10676
7759 10757
7759 11010
7759 12163
7759 12903
7759 13639
7759 14791
7759 15201
7759 15212
7759 15265
7759 15301
7759 15341
7759 15442
7759 16186
7770 20613
7778 7100
7778 7454
7778 11701
7778 15551
7778 17339
7792 1549
7809 12242
7824 4094
7824 17675
7825 6285
7888 14969
7888 19149
7888 24710
7942 12135
7942 12668
7973 14003
8005 12282
8005 14486
8005 15043
8005 15213
8005 15582
8025 5892
8032 14920
8102 8421
8102 13639
8102 15230
8102 15525
8127 642
8199 15364
8232 15536
8237 14787
8238 13231
8304 12803
8319 18869
8346 17157
8421 15072
8447 9921
8447 11607
8452 15814
8600 5801
8600 9025
8600 15211
8657 10027
8657 11378
8657 15395
8657 15432
8657 20512
8664 9177
8664 11620
8664 15334
8813 14969
8858 484
8858 894
8858 1137
8858 1379
8858 2104
8858 3953
8858 5015
8858 5076
8858 11393
8858 12953
8858 13346
8858 21394
8858 23846
8858 24320
8862 6278
8895 15212
8921 2487
8921 7759
8921 7942
8921 9834
8921 13348
8921 15290
8921 15478
8921 17342
8921 24695
8935 5052
8935 9834
8935 12734
8935 15217
8935 15755
8944 5801
8944 6485
8944 6851
8944 10429
8944 14550
8944 15346
8944 15583
8984 6794
8995 19442
9005 15568
9011 24380
9025 40
9025 1105
9025 2388
9025 3762
9025 4094
9025 4441
9025 4568
9025 4879
9025 6124
9025 6796
9025 7026
9025 7454
9025 9742
9025 9933
9025 11048
9025 12135
9025 12539
9025 12573
9025 12670
9025 13533
9025 13786
9025 13954
9025 14599
9025 15224
9025 15334
9025 15417
9025 15457
9025 15513
9025 15515
9025 15575
9025 16856
9025 22742
9025 23348
9030 7792
9054 9141
9057 849
9057 1741
9057 2713
9057 5516
9057 5801
9057 6869
9057 9025
9057 13305
9057 15044
9057 15117
9057 15244
9057 15283
9057 15315
9057 15326
9057 15346
9057 15350
9057 15362
9057 15520
9057 16018
9057 17830
9057 24379
9140 13247
9157 6796
9177 3760
9177 13754
9177 15210
9177 15301
9177 15412
9177 15543
9177 18602
9190 2924
9190 6975
9190 13191
9190 13417
9190 15313
9232 14691
9232 15549
9238 5644
9238 13580
9238 13754
9238 15575
9239 3203
9239 4158
9239 6796
9239 11048
9239 12209
9239 14787
9239 15520
9239 15575
9239 17675
9239 24722
9256 14687
9256 15468
9256 16613
9259 10410
9259 18056
9312 12092
9351 21089
9365 2997
9365 13716
9365 15468
9392 3986
9398 13711
9494 491
9494 596
9494 18602
9494 21878
9553 8996
9553 9834
9553 12658
9553 13305
9553 15544
9553 22452
9553 22598
9555 4242
9555 6067
9555 14969
9555 15536
9679 14282
9713 213
9713 3430
9742 13305
9742 14787
9811 11715
9842 8984
9842 15450
9842 15575
9911 8657
9920 640
9956 15457
9957 54
9957 14787
9957 15287
10121 1788
10121 8321
10121 11698
10121 12045
10121 13612
10121 15453
10227 5677
10292 1788
10292 1934
10292 4578
10292 6869
10292 11357
10292 12076
10292 15524
10323 9999
10351 9232
10378 14744
10406 15206
10406 24226
10410 642
10410 1667
10410 7037
10410 7747
10410 11885
10410 12566
10410 13557
10410 14785
10410 15378
10410 15387
10410 16613
10429 15393
10429 15495
10429 15506
10429 16909
10483 24220
10486 12283
10544 12668
10566 4242
10566 5115
10566 10761
10566 13557
10566 13643
10566 15505
10566 18602
10566 19871
10646 22880
10707 19138
10718 15323
10767 23707
10811 8984
10811 10414
10811 18602
10833 7682
10833 15216
10833 15329
10955 23991
11010 7521
11010 11902
11040 15127
11087 230
11097 15381
11157 13065
11157 15248
11184 24601
11220 16163
11313 9025
11378 12012
11378 19355
11396 11747
11419 7082
11419 7454
11510 13750
11577 15513
11577 20917
11657 1740
11657 2748
11657 13217
11657 14255
11684 6000
11684 11700
11684 15199
11684 15379
11684 18602
11684 21702
11684 24246
11684 24518
11698 2018
11698 14691
11700 4441
11700 10025
11700 15397
11701 13735
11717 7565
11717 11184
11725 13889
11733 11890
11733 15459
11733 19149
11743 9025
11743 15325
11743 15565
11767 117
11767 1312
11767 1514
11767 3172
11767 4086
11767 4242
11767 6869
11767 7565
11767 8031
11767 9842
11767 11184
11767 11510
11767 13219
11767 13231
11767 14969
11767 15270
11767 15320
11767 15346
11767 15402
11767 15443
11767 15543
11767 15553
11767 16775
11767 22598
11767 24226
11767 24695
11770 15465
11770 15480
11817 8996
11819 642
11819 2487
11819 6975
11819 9834
11819 10207
11819 10793
11819 11378
11819 12658
11819 13248
11819 15698
11819 19087
11819 23926
11819 24226
11861 15513
11868 15420
11885 13305
11890 814
11890 2924
11890 5892
11890 9957
11890 14322
11890 14845
11890 15244
11890 15341
11890 15459
11892 18555
11896 9842
11902 11916
11902 14322
11902 15072
11902 15417
11914 15342
11929 5311
11929 12734
11929 19693
11936 18555
11971 16348
12007 3559
12013 15044
12013 15232
12025 11048
12042 3692
12044 3055
12045 13331
12053 546
12074 1137
12079 1410
12079 3049
12079 14361
12079 15495
12079 20892
12079 22513
12093 15610
12106 12712
12106 16018
12116 6087
12116 22513
12117 14361
12135 701
12135 4326
12135 7102
12135 8935
12135 8944
12135 8984
12135 9834
12135 10207
12135 10414
12135 11506
12135 12211
12135 13231
12135 13258
12135 13475
12135 13711
12135 13966
12135 13996
12135 14538
12135 14787
12135 14920
12135 15092
12135 15117
12135 15270
12135 15379
12135 15443
12135 15518
12135 15587
12135 17742
12135 19871
12135 24695
12147 5329
12153 5238
12163 1514
12163 5304
12163 6285
12163 6687
12163 14279
12163 14691
12163 15248
12163 15287
12163 15429
12171 1137
12171 11881
12171 12668
12171 13305
12171 13747
12171 14106
12171 15238
12171 18497
12171 18960
12188 13305
12200 12615
12211 1115
12211 2423
12211 11209
12236 12878
12236 15161
12242 814
12242 2134
12242 8944
12242 15442
12282 3227
12282 15199
12284 7921
12313 14226
12322 13969
12367 15205
12367 18602
12392 7102
12392 7942
12462 11785
12462 15459
12462 15543
12489 13969
12489 14780
12489 15235
12489 24379
12495 14787
12537 15347
12539 1887
12539 13483
12539 15211
12539 16856
12573 20817
12587 3172
12600 7565
12604 13305
12658 7026
12658 13181
12658 15117
12668 6285
12668 8467
12668 8944
12668 13258
12668 15287
12668 19149
12668 24695
12670 13305
12670 15274
12670 18497
12670 24722
12712 662
12712 11929
12712 14060
12712 14519
12712 15549
12712 15565
12720 3591
12720 4920
12720 18414
12734 231
12734 7100
12734 9834
12734 12330
12734 13065
12734 13773
12734 15536
12734 19871
12734 24393
12735 17742
12745 14599
12789 240
12794 9002
12803 4407
12812 15443
12812 23360
12863 15117
12863 22598
12870 16856
12900 1842
12900 5892
12900 6917
12900 9742
12900 9933
12900 13185
12900 13211
12900 13786
12900 15190
12900 15470
12900 15557
12900 16548
12960 15014
12977 24710
12982 642
13003 255
13003 2388
13003 15216
13003 15236
13011 15551
13027 9957
13027 14791
13027 14805
13027 15230
13027 15348
13027 15385
13027 16678
13027 20829
13027 22880
13034 7514
13065 12330
13065 12658
13065 13248
13065 22742
13068 18602
13083 13035
13096 23991
13103 1846
13103 11422
13124 8586
13124 14279
13124 15412
13124 15442
13124 15455
13124 15545
13172 13178
13191 4026
13191 14138
13211 14226
13211 24722
13236 10811
13236 15278
13242 15086
13247 1578
13247 4055
13247 10486
13247 10707
13247 11785
13247 12283
13247 13636
13247 14279
13247 14282
13247 14893
13247 15145
13247 15206
13247 15429
13247 15495
13270 830
13270 2018
13270 9057
13275 17332
13280 15521
13305 1741
13305 3474
13305 4026
13305 4879
13305 5892
13305 6009
13305 6547
13305 7759
13305 9834
13305 9957
13305 11980
13305 12045
13305 12310
13305 12614
13305 12900
13305 13034
13305 13217
13305 13236
13305 13520
13305 14106
13305 14127
13305 14820
13305 15044
13305 15238
13305 15247
13305 15249
13305 15255
13305 15260
13305 15274
13305 15299
13305 15302
13305 15359
13305 15421
13305 15449
13305 15487
13305 15558
13305 16601
13305 16613
13305 18497
13305 21240
13305 23926
13321 386
13321 677
13321 2583
13321 4026
13321 6285
13321 6687
13321 6975
13321 7682
13321 10681
13321 11238
13321 12041
13321 12163
13321 12900
13321 13258
13321 13750
13321 13990
13321 14255
13321 14785
13321 14787
13321 15260
13321 15262
13321 15313
13321 15429
13321 16880
13321 16895
13335 15381
13348 24226
13370 24183
13379 9190
13415 2194
13417 13954
13470 1018
13502 3425
13502 5946
13502 12037
13518 554
13518 593
13533 14595
13567 15375
13580 4685
13580 8564
13580 13231
13580 14648
13581 13011
13635 9275
13635 13184
13635 24226
13639 231
13639 4920
13639 8097
13639 9025
13639 9834
13639 15492
13639 16775
13639 18602
13639 22217
13646 20817
13662 15346
13673 15469
13676 22598
13684 1842
13684 9742
13684 15274
13694 22513
13716 20554
13717 3779
13786 1430
13786 2711
13786 4217
13786 8939
13786 10872
13786 12182
13786 15320
13786 15378
13786 15415
13786 15548
13792 15399
13849 2307
13851 7759
13885 15554
13889 13321
13889 13990
13896 15325
13954 320
13954 13231
13969 3779
13969 5762
13969 5892
13969 7682
13969 7747
13969 8097
13969 8540
13969 9025
13969 11971
13969 13533
13969 13800
13969 15126
13969 15161
13969 15420
13969 15550
13969 16613
13969 24722
13990 24033
13994 14791
14003 13990
14056 1312
14056 14279
14060 15117
14061 21240
14069 15381
14078 12942
14106 13533
14106 16548
14165 15057
14213 5892
14213 12106
14213 24710
14219 12829
14219 17840
14226 1105
14226 1740
14226 3227
14226 6285
14226 6735
14226 7682
14226 8105
14226 8540
14226 10177
14226 12604
14226 13533
14226 13747
14226 14820
14226 15020
14226 15274
14226 15420
14226 15496
14237 12573
14271 13646
14271 18574
14279 15278
14279 18602
14293 491
14293 6017
14293 9762
14293 13889
14293 15232
14293 24710
14295 16613
14355 8540
14361 7759
14362 13574
14370 14920
14372 12220
14387 8944
14387 14452
14387 14787
14387 15551
14387 15583
14414 11872
14443 14674
14490 14969
14520 11406
14550 4664
14550 8321
14550 8586
14550 11914
14550 12668
14550 13034
14550 15117
14550 15342
14550 19149
14550 19595
14595 1137
14595 3080
14595 14106
14595 15274
14595 15555
14595 18497
14664 15284
14670 15323
14691 15541
14730 4340
14730 17675
14744 21954
14781 16888
14783 8184
14785 15209
14785 19149
14787 491
14787 593
14787 1665
14787 2668
14787 2819
14787 5115
14787 9025
14787 11698
14787 12045
14787 12079
14787 12220
14787 12283
14787 12614
14787 13348
14787 13520
14787 14106
14787 14279
14787 14282
14787 14429
14787 14918
14787 15176
14787 15213
14787 15247
14787 15249
14787 15366
14787 15378
14787 15409
14787 15420
14787 15421
14787 15441
14787 15487
14787 15524
14787 15535
14787 15698
14787 16256
14787 16892
14787 17675
14787 18919
14791 701
14792 747
14806 14595
14806 15044
14807 24710
14828 16892
14828 18602
14835 8984
14837 16892
14842 1971
14920 674
14920 1976
14920 3130
14920 8452
14920 8944
14920 9102
14920 10761
14920 11208
14920 12079
14920 12117
14920 15014
14920 15287
14920 15340
14920 15541
14920 15575
14920 16750
14920 17066
14920 18574
14920 24321
14948 14805
14953 5345
14969 12600
14969 12668
14969 15543
15014 674
15014 7026
15014 14791
15014 15117
15014 15258
15014 15267
15014 15273
15014 15282
15014 15287
15014 15321
15014 15350
15014 15393
15014 15397
15014 15524
15014 15544
15014 15558
15020 21869
15024 5677
15024 24354
15044 13533
15047 24226
15047 24707
15071 14003
15099 15117
15116 14785
15117 8321
15117 9978
15117 12971
15117 15365
15117 15438
15117 15491
15117 15519
15117 15567
15117 18574
15117 18602
15117 23235
15147 21240
15155 13255
15161 814
15161 3779
15161 5762
15161 12135
15161 13475
15161 13811
15161 24588
15199 19440
15204 15205
15206 11785
15206 13279
15206 24348
15208 3153
15213 15246
15220 15216
15226 3771
15229 16856
15243 19440
15254 14918
15256 24226
15257 15450
15261 18449
15267 21878
15268 15044
15271 23991
15272 6738
15291 15076
15299 525
15299 9256
15306 7352
15311 8353
15314 18602
15324 9239
15328 503
15330 13460
15332 18497
15346 14406
15347 872
15347 5072
15347 5516
15347 6247
15347 8858
15347 10801
15347 11488
15347 14473
15347 15112
15347 20381
15347 21699
15347 24579
15347 24601
15349 15575
15352 14805
15355 19426
15357 13618
15362 15368
15366 2351
15372 15236
15384 6613
15388 19901
15389 13348
15389 24226
15394 3621
15398 18602
15400 15381
15403 18574
15426 24518
15427 16895
15431 15429
15441 17332
15443 11146
15443 15362
15443 17880
15443 20886
15444 19693
15445 14171
15447 11785
15450 1741
15450 1934
15450 7172
15450 9025
15450 13086
15450 14787
15450 15247
15450 15262
15455 19166
15456 21954
15466 21240
15473 15469
15479 15270
15482 2491
15482 19498
15488 15468
15491 18574
15504 15496
15508 18602
15509 15452
15510 15516
15514 18440
15515 12670
15528 15187
15528 21699
15539 24292
15547 20512
15551 21699
15559 8921
15560 15092
15589 9025
15590 13773
15617 12171
15617 20387
15684 16047
15698 3779
15698 15420
15755 8858
15755 20381
15814 610
15814 3430
15814 10385
15814 12076
15814 14486
15814 15297
15814 15312
15814 15450
15814 15481
16076 15312
16163 412
16186 1842
16186 2962
16186 6571
16186 7100
16186 11843
16186 14452
16348 22160
16420 23926
16548 16613
16581 34
16581 13673
16581 15201
16581 15346
16581 23298
16609 15247
16609 15354
16609 15578
16609 24183
16613 3779
16613 6547
16613 9964
16613 15274
16613 15452
16613 15568
16856 12330
16892 2860
16892 12171
17030 6937
17058 15329
17058 15442
17058 18602
17058 19440
17157 1582
17157 15117
17157 19595
17291 13106
17293 15387
17293 16613
17294 13232
17299 12789
17576 15449
17675 8447
17675 11785
17732 23360
17742 596
17742 7942
17742 13475
17840 24393
17872 14004
17872 22188
18034 24354
18056 15550
18242 12572
18401 2819
18401 6914
18401 12078
18401 15434
18414 14301
18414 15530
18438 13003
18438 15222
18449 14538
18497 642
18574 14883
18574 15349
18574 15574
18574 15575
18574 20817
18574 22598
18602 4326
18602 4577
18602 6124
18602 7514
18602 11048
18602 11184
18602 13460
18602 15244
18602 15287
18602 15351
18602 15402
18602 19440
18602 23991
18602 24252
18619 5304
18619 6937
18619 8262
18619 8659
18619 9957
18619 13034
18619 14282
18619 15273
18619 15285
18619 15397
18619 15582
18689 3528
18689 6124
18689 15230
18689 15495
18764 23926
19105 6845
19138 546
19138 9190
19138 15346
19156 642
19293 18689
19439 14322
19454 13305
19454 15347
19554 4719
19554 5892
19554 7081
19554 9025
19554 9089
19554 9239
19554 10027
19554 12489
19554 15126
19554 15469
19554 16613
19554 18497
19554 19087
19683 11698
19683 13862
19693 723
19693 7759
19730 2384
19730 4568
19730 11872
19730 16856
19730 19595
19890 3620
19901 4121
19901 8346
19901 13646
19915 5304
19915 5892
19915 13321
19915 14787
20028 11681
20242 7516
20242 16856
20259 12789
20285 34
20285 764
20285 3468
20387 5892
20387 18497
20417 16678
20424 7026
20424 15222
20512 4125
20676 15314
20817 644
20817 4511
20817 6666
20817 6937
20817 13808
20817 14301
20817 15403
20817 15457
20817 15575
20817 17695
20817 19901
20869 13928
20877 3130
20883 15489
20883 15495
20883 15544
20886 496
20889 12566
20917 16300
21020 12283
21079 14106
21089 12163
21110 1018
21110 4242
21177 6049
21240 1842
21240 4026
21240 6009
21240 17675
21336 5345
21336 13305
21336 15117
21336 15513
21336 20917
21584 2924
21584 7454
21584 8366
21699 2924
21699 8477
21699 8944
21699 13011
21699 13580
21699 15574
21739 6975
21786 4604
21786 19138
21786 20892
21800 44
21867 2592
21867 5340
21876 14907
21878 9275
21878 15340
21898 491
21899 18574
21913 15356
21926 6869
21926 8618
21926 15347
21954 2018
21954 3430
21954 9025
22021 7354
22134 8540
22134 13211
22134 15496
22160 11971
22160 12900
22276 9834
22513 9762
22513 11698
22513 15232
22513 15240
22536 12903
22592 15464
22598 6599
22598 7202
22598 9978
22598 15550
22598 15575
22598 19595
22598 19871
22708 6497
22880 287
23130 5052
23144 14787
23235 3049
23235 6687
23235 7759
23235 7876
23235 9554
23235 16163
23235 17068
23348 491
23348 6914
23348 10184
23348 10544
23348 11010
23348 11890
23348 13231
23348 15043
23348 15409
23348 15518
23348 15545
23348 18602
23348 21089
23348 24226
23535 684
23535 2194
23535 2774
23535 6247
23535 14387
23535 14920
23535 19806
23707 6054
23862 24183
23926 6966
23941 6869
24133 12330
24133 15393
24133 15459
24133 22188
24150 15537
24183 491
24183 1793
24183 13741
24183 15119
24183 15580
24195 10406
24224 15545
24226 12
24226 10033
24226 11010
24226 13639
24226 14737
24226 15415
24226 19149
24226 24707
24252 687
24252 1013
24252 1934
24252 2748
24252 8600
24252 8659
24252 8944
24252 13219
24252 13348
24252 14387
24252 14744
24252 15199
24252 15403
24252 22598
24265 596
24265 709
24365 630
24393 2748
24393 6049
24393 6909
24393 8944
24393 13643
24393 17843
24401 18917
24472 14304
24492 1842
24492 4719
24518 9232
24518 13348
24518 14969
24548 21089
24568 7100
24579 231
24579 4960
24579 8984
24579 10793
24579 15550
24579 24588
24588 4242
24588 11620
24588 17820
24588 21194
24588 22371
24591 14907
24601 7565
24601 15379
24601 23348
24601 24292
24657 6497
24657 10062
24682 21240
24707 7565
24707 13348
24707 15426
24710 15221
24710 15548
21 7065
21 10008
34 1899
34 9090
44 5988
44 12171
44 15488
97 17749
141 14095
156 8531
156 15560
160 15917
172 644
172 4920
172 22598
213 2194
213 4340
213 6124
213 7888
213 8102
213 8852
213 9022
213 11043
213 12037
213 12054
213 13495
213 14550
213 15251
213 15847
213 18764
213 19595
215 24379
223 5178
231 4370
231 11725
231 12150
231 12978
231 13406
231 13481
231 14219
231 14406
231 14832
231 15895
231 16348
231 24393
253 2197
280 15393
287 799
287 1506
287 6851
287 7955
287 12734
287 14581
287 15640
287 15692
287 15733
292 15678
292 15704
292 22536
320 596
320 4498
320 6124
320 8659
320 8935
320 12282
320 13699
320 15605
320 15845
320 15898
320 18602
335 10429
337 1018
344 9541
349 15147
358 18056
386 642
386 1018
386 3705
386 5284
386 6917
386 7759
386 8262
386 12845
386 14189
386 14266
395 5449
401 22234
412 9022
491 271
491 7648
491 15256
491 15540
491 15637
491 15682
496 1934
496 7764
496 10414
524 13121
525 10378
540 2043
555 5089
555 8852
572 8031
572 15715
574 292
574 596
574 4989
574 15678
574 15704
596 287
596 496
596 642
596 747
596 1582
596 4989
596 9752
596 10378
596 11064
596 12057
596 12903
596 13141
596 13806
596 15650
596 15672
596 15678
596 15697
596 15784
601 20892
623 2387
623 3874
623 6124
623 8921
623 9586
623 11767
623 14881
623 15925
630 3500
630 6247
630 8031
630 17157
630 24206
640 6095
640 16895
642 496
642 1116
642 1846
642 2197
642 3425
642 4498
642 6607
642 7081
642 7682
642 9055
642 9696
642 12037
642 12818
642 12914
642 15028
642 15540
642 15649
642 15654
642 15864
642 15867
642 15930
642 15933
642 18602
642 22234
644 3519
644 6247
644 8879
644 12326
644 15920
644 22598
674 15778
701 642
701 3141
701 12211
701 12797
701 13046
701 13166
701 13575
701 14387
701 14797
701 15534
701 15708
701 15754
701 15831
701 15902
701 15930
701 18602
701 19080
701 22234
701 23235
701 24266
701 24404
726 14664
726 15434
726 15811
726 15830
726 15899
726 18602
728 2194
728 10410
728 14595
763 7874
763 21786
776 14273
776 15758
776 15817
810 1430
810 19554
820 15893
830 5112
830 15105
833 6917
833 11722
834 6505
866 19915
876 90
876 4343
876 4406
876 5089
876 5112
876 5178
876 7305
876 8852
876 9025
876 9256
876 9553
876 12153
876 13492
876 15755
876 16018
876 20904
876 22167
876 23235
878 6240
878 12838
878 12896
878 13676
878 14583
929 12326
929 16018
935 865
979 15617
1013 337
1013 642
1013 1018
1013 3223
1013 6607
1013 12383
1013 12903
1013 13354
1013 14920
1013 15817
1013 24707
1018 1312
1018 2158
1018 2411
1018 6547
1018 6917
1018 11101
1018 15817
1018 15901
1018 15967
1028 15716
1105 271
1105 3705
1105 3982
1105 5633
1105 6039
1105 11184
1105 11378
1105 12668
1105 13639
1105 13909
1105 15274
1105 15299
1105 15592
1105 15628
1105 15633
1105 15909
1105 16895
1105 20021
1105 22210
1110 24393
1116 7268
1116 7955
1116 9959
1116 12040
1116 12123
1116 12211
1116 15924
1116 20883
1119 11717
1137 358
1137 830
1137 6124
1137 7847
1137 9057
1137 10681
1137 12211
1137 15251
1137 15367
1137 17050
1137 22217
1141 491
1141 2274
1141 5044
1141 5519
1141 7579
1141 7648
1141 15665
1141 18602
1141 19443
1215 642
1221 2361
1221 8544
1244 9957
1312 20
1312 2831
1312 3874
1312 14595
1312 15758
1312 15799
1312 15945
1312 15951
1317 15951
1318 13800
1354 13699
1393 6247
1393 7648
1393 14674
1403 4920
1403 15184
1403 15984
1430 34
1430 201
1430 763
1430 1312
1430 1665
1430 2158
1430 2197
1430 6869
1430 7874
1430 8531
1430 11378
1430 12326
1430 14415
1430 15112
1430 15149
1430 15767
1430 18323
1430 24695
1520 320
1520 23235
1538 13933
1538 14902
1538 15882
1581 7258
1582 2158
1582 11717
1582 12326
1582 15806
1610 1384
1621 15028
1621 15753
1658 762
1658 7387
1658 12533
1665 18574
1665 22598
1667 9911
1676 14595
1716 5115
1740 3372
1740 4829
1740 4928
1740 5132
1740 6735
1740 9005
1740 9239
1740 9256
1740 12668
1740 12670
1740 12845
1740 15361
1740 15734
1740 15738
1740 15768
1740 15867
1740 15997
1740 19884
1740 20285
1741 6547
1741 8047
1741 12079
1741 14195
1741 15912
1741 24320
1751 18602
1816 15842
1846 524
1846 7487
1846 9405
1846 15542
1846 18602
1861 9057
1861 12868
1861 15755
1861 20917
1897 642
1899 15845
1934 13383
1951 15649
2018 26
2018 2361
2018 10681
2018 15450
2018 22675
2018 24722
2048 18764
2134 642
2134 701
2134 2961
2134 4849
2134 7764
2134 11056
2134 12040
2134 12079
2134 13202
2134 15153
2134 15238
2134 15627
2134 15930
2134 16892
2134 18689
2134 19915
2158 15491
2194 2134
2194 3172
2194 3292
2194 5089
2194 8808
2194 12153
2194 12310
2194 12450
2194 12900
2194 13305
2194 13368
2194 14195
2194 14581
2194 14595
2194 15604
2194 15916
2194 19443
2194 19915
2194 21336
2194 24695
2197 6095
2197 6917
2197 10410
2197 11705
2197 12032
2197 13481
2197 15629
2197 15678
2197 15690
2197 15697
2197 15844
2197 16348
2197 22598
2197 24435
2225 13305
2307 10948
2307 15999
2361 701
2361 2872
2361 3528
2361 12869
2361 19915
2375 15830
2387 3982
2387 5658
2387 6095
2387 6652
2387 6917
2387 8105
2387 9586
2387 10350
2387 11717
2387 12607
2387 14337
2387 14599
2387 15625
2387 15742
2387 15983
2411 6497
2411 9275
2411 12903
2411 16591
2419 21356
2421 19105
2421 24537
2423 496
2423 2194
2423 2879
2423 6806
2423 7921
2423 9088
2423 9256
2423 13185
2423 15833
2423 24722
2424 5677
2442 15585
2487 6095
2487 12566
2487 15137
2487 15744
2487 15752
2487 15847
2497 934
2497 12054
2497 14370
2497 15763
2497 19730
2499 13368
2592 5284
2592 10761
2592 12789
2592 13134
2592 14858
2592 14969
2592 15830
2592 18449
2592 22210
2622 34
2622 13191
2622 14272
2629 34
2633 1312
2633 9957
2633 13096
2633 15023
2713 320
2713 15937
2736 9025
2736 13011
2736 14553
2736 15761
2736 21699
2748 11056
2748 12683
2748 13202
2748 13909
2748 15958
2794 4567
2794 7387
2831 6124
2831 14920
2864 12130
2872 14791
2872 15912
2872 16186
2931 13711
2961 18689
2997 7759
2997 8632
2997 8961
2997 12093
2997 12978
2997 14917
3049 10273
3049 12566
3049 15251
3049 15844
3078 15763
3101 22234
3130 5523
3130 15347
3141 5311
3143 16976
3168 11184
3172 230
3172 2713
3172 4253
3172 4396
3172 4829
3172 7648
3172 8835
3172 8944
3172 13436
3172 14738
3172 14881
3172 15721
3172 15844
3172 15980
3172 16775
3203 12045
3292 13436
3293 6735
3293 13361
3294 13502
3372 15192
3425 3943
3425 12903
3425 14917
3425 15932
3425 15949
3425 17216
3425 22234
3433 23434
3452 24707
3455 5516
3464 15117
3506 14811
3506 15206
3506 15992
3519 8031
3528 14056
3570 3049
3570 13121
3570 15251
3591 4920
3620 5677
3654 5325
3654 12326
3705 10881
3757 287
3771 3874
3771 13638
3824 11064
3843 1100
3843 9239
3843 15020
3843 15751
3843 15889
3843 20285
3843 22210
3865 9256
3874 15540
3874 15835
3950 1140
3950 15649
3974 20883
3982 8935
3986 10299
3986 15010
3986 15600
3986 15632
4086 1013
4086 19138
4121 15866
4158 13305
4158 19888
4196 6557
4196 12845
4217 344
4242 230
4242 231
4242 386
4242 496
4242 701
4242 1998
4242 6095
4242 8531
4242 8664
4242 8808
4242 9239
4242 10414
4242 11929
4242 13106
4242 13639
4242 14595
4242 14832
4242 14969
4242 15071
4242 15619
4242 15633
4242 15895
4242 15901
4242 16895
4242 21954
4242 22283
4255 1312
4255 3894
4255 13699
4255 15682
4255 15845
4255 15854
4278 8031
4280 13631
4280 22598
4331 13684
4331 15872
4343 8852
4343 17349
4343 19730
4350 12465
4350 15784
4396 15347
4406 8808
4406 10121
4406 13786
4406 22513
4407 15650
4407 15677
4407 18602
4408 34
4440 13066
4459 13305
4567 496
4567 3874
4578 728
4578 15367
4578 15609
4578 21071
4653 18401
4683 12757
4685 9275
4685 10948
4685 12316
4685 13094
4685 13518
4685 15898
4685 15900
4685 23348
4685 24265
4685 24300
4685 24707
4719 12670
4737 18619
4802 21356
4828 4150
4829 287
4829 5892
4829 10378
4829 12960
4829 13909
4829 15619
4829 15866
4829 15867
4885 15750
4920 2158
4920 3519
4920 6247
4920 7305
4920 7874
4920 8879
4920 11167
4920 11717
4920 13150
4920 13960
4920 15920
4920 15931
4920 15949
4920 24206
4928 6917
4928 8996
4928 13533
4928 14744
4982 13011
4989 15165
5052 2831
5052 8921
5052 15607
5152 8102
5152 8852
5152 13786
5160 15609
5178 6124
5178 8944
5178 9046
5178 11378
5178 12573
5178 12789
5178 13631
5178 13639
5178 14550
5178 15450
5178 15866
5178 16018
5261 12910
5261 15600
5311 7244
5311 12211
5311 14387
5311 15585
5311 24320
5331 8852
5409 15656
5411 934
5420 8996
5430 12880
5448 1140
5485 15806
5516 7874
5516 18323
5516 24598
5519 6124
5519 13321
5519 22234
5523 7874
5523 13460
5523 15666
5583 13038
5600 15299
5625 12668
5639 9752
5639 12079
5639 15668
5639 15834
5639 15922
5644 12467
5658 15746
5660 799
5660 1410
5660 3343
5660 4928
5660 5892
5660 6124
5660 9734
5660 10021
5660 12597
5660 13518
5660 15560
5660 15665
5660 15726
5660 15785
5660 19080
5677 524
5677 13750
5677 15028
5677 15372
5677 16186
5750 13639
5750 15613
5769 12683
5769 14969
5795 15993
5801 3250
5845 10573
5892 13134
5892 22167
5946 34
5946 2794
5946 3943
5946 12037
5946 12045
5946 12079
5946 14483
5946 14917
5946 15542
5946 15621
5946 16186
5954 12093
5954 14609
5954 24579
6002 6621
6009 2713
6009 6095
6009 6547
6009 6917
6009 13533
6009 15245
6009 15691
6009 15702
6017 16591
6017 22234
6039 21800
6047 2924
6047 6937
6047 8961
6047 12248
6049 11378
6049 13533
6049 16895
6074 8808
6074 21954
6124 1403
6124 8681
6124 8813
6124 13427
6124 15907
6124 20904
6124 24226
6141 18602
6167 11064
6228 6997
6228 14358
6228 15780
6233 5519
6247 9275
6247 10012
6247 15475
6247 15702
6247 15786
6258 2713
6265 4920
6278 15891
6278 23348
6310 13096
6318 12059
6319 9959
6319 15696
6485 18195
6497 23348
6497 24568
6528 9239
6528 14969
6547 5044
6547 8531
6547 8659
6547 8664
6547 9275
6547 10299
6547 11344
6547 13684
6547 15068
6547 15659
6547 15763
6547 15930
6547 15973
6547 15974
6568 15947
6571 15682
6589 5658
6589 7874
6589 12903
6589 15871
6589 24226
6598 10378
6598 15367
6666 34
6666 2736
6666 3123
6666 13990
6666 14056
6666 14358
6666 14599
6666 15883
6666 15908
6666 19149
6687 2184
6687 9924
6687 22513
6735 6917
6735 12683
6735 15619
6736 4407
6736 12903
6736 23707
6845 9798
6851 14581
6869 441
6869 830
6869 5112
6869 15347
6869 15755
6869 19328
6869 21800
6869 22167
6874 24517
6917 213
6917 496
6917 2423
6917 2713
6917 8659
6917 9256
6917 10133
6917 12171
6917 12282
6917 13575
6917 13969
6917 14595
6917 15659
6917 15675
6917 15691
6917 15716
6917 15847
6917 15973
6937 287
6937 7990
6937 11184
6944 7097
6975 15838
7006 1740
7006 12668
7065 24169
7081 15117
7082 2467
7097 14226
7140 14558
7140 15321
7152 3141
7172 18619
7186 7268
7186 15830
7186 15967
7283 5155
7305 3292
7367 2384
7367 12977
7367 14106
7410 9811
7410 15827
7514 7874
7514 11184
7516 10573
7516 19172
7601 1119
7601 1140
7601 13639
7601 15165
7601 15763
7601 15793
7601 15871
7630 8664
7648 596
7648 1658
7648 3292
7648 8378
7648 8921
7648 13202
7648 23926
7656 11954
7656 12668
7673 21240
7682 2197
7682 14787
7682 15647
7682 15697
7682 15795
7740 20917
7743 3874
7743 3950
7743 12419
7743 15737
7743 15858
7743 15860
7743 15891
7743 15907
7759 201
7759 10761
7759 10767
7759 11040
7759 12037
7759 12960
7759 13617
7759 15685
7759 15768
7759 15797
7759 15830
7759 15838
7759 15922
7764 15153
7778 13109
7778 14406
7778 14553
7778 15347
7778 15761
7778 15838
7801 11657
7874 8944
7874 9239
7888 2361
7888 15847
7888 15958
7973 15256
8005 7026
8031 8600
8031 21887
8102 12040
8102 12123
8102 13038
8102 14581
8102 15635
8102 15708
8102 19080
8102 19683
8102 22221
8132 19554
8232 496
8232 14609
8262 8047
8262 15937
8299 9239
8305 3943
8378 24492
8421 12465
8421 24320
8435 16581
8564 24265
8600 6869
8600 9057
8600 13034
8659 13881
8664 858
8664 1018
8664 5115
8664 8031
8664 8531
8664 15692
8664 19730
8666 14526
8707 11701
8852 15251
8895 13699
8921 6124
8935 9177
8935 11378
8935 15654
8935 15746
8995 14370
8996 1507
8996 9005
8996 10259
8996 12977
9005 1188
9005 13431
9005 13951
9005 14744
9005 15659
9022 22234
9025 287
9025 596
9025 2158
9025 5633
9025 6095
9025 7082
9025 12789
9025 12977
9025 15251
9025 22217
9030 934
9030 3528
9030 18689
9057 0
9057 799
9057 3018
9057 11184
9057 12903
9057 14668
9057 14744
9057 15702
9057 15706
9057 15958
9057 19595
9057 23235
9057 24065
9110 15724
9157 12163
9157 16186
9177 287
9177 4498
9177 6009
9177 6568
9177 7718
9177 9690
9177 10008
9177 10948
9177 11877
9177 12030
9177 12163
9177 12316
9177 12330
9177 13150
9177 13460
9177 13580
9177 13806
9177 14490
9177 15256
9177 15415
9177 15654
9177 15743
9177 15763
9177 15845
9177 15866
9177 15871
9177 15915
9177 15932
9177 15958
9177 15992
9177 22911
9238 6124
9238 13094
9238 15743
9238 15936
9238 15965
9239 701
9239 12079
9239 12963
9239 13684
9239 14969
9239 15540
9239 15568
9239 15922
9239 19915
9256 14213
9256 14758
9256 19172
9275 15626
9365 34
9398 13318
9462 320
9494 15540
9496 15028
9516 833
9516 8852
9524 9022
9541 14787
9553 7082
9553 8852
9553 10299
9553 10707
9553 11698
9553 12123
9553 13318
9553 14337
9553 14387
9553 14757
9553 15621
9553 15786
9553 15983
9553 17299
9553 22708
9555 14692
9555 15655
9555 15870
9679 7268
9679 13460
9679 15842
9679 19443
9733 16018
9737 13343
9742 24555
9764 1119
9842 13150
9842 15682
9893 18323
9920 18619
9957 2713
9957 14550
9969 6869
9969 7874
9969 22598
10008 15175
10012 1163
10012 12079
10092 3292
10121 7387
10121 14370
10121 14387
10133 12037
10273 1672
10273 14581
10273 15757
10292 4396
10292 7874
10292 12130
10292 12903
10292 15286
10292 15746
10292 15871
10292 15891
10307 17097
10343 14621
10378 15758
10378 15872
10410 496
10410 1137
10410 6547
10410 8659
10410 9957
10410 13368
10410 13575
10410 15629
10429 1543
10429 2682
10429 14581
10429 15772
10544 287
10558 19961
10566 1281
10566 2713
10566 12963
10566 15733
10566 24380
10566 24393
10681 12670
10681 15745
10681 15795
10681 22513
10707 13406
10718 19149
10761 8935
10767 15780
10770 13121
10811 172
10811 2961
10811 13354
10811 15718
10811 15870
10811 15928
10811 15992
10811 16581
10811 19442
10948 24183
11040 15028
11040 20883
11056 13202
11056 13217
11056 14711
11076 230
11096 13235
11130 14154
11157 5448
11157 15793
11166 14698
11167 15936
11167 18764
11344 14195
11371 14787
11378 642
11378 9365
11378 15450
11406 15785
11406 15899
11406 17097
11406 19915
11412 172
11412 4280
11422 22513
11460 9022
11460 9541
11507 15117
11527 12368
11577 5089
11577 9025
11577 9541
11577 12153
11577 15256
11607 9365
11657 14757
11684 12903
11684 13322
11684 15256
11684 15682
11684 15959
11698 5946
11698 10012
11698 14387
11698 18602
11700 7082
11700 13573
11715 2387
11715 15648
11725 14219
11733 15666
11733 15949
11743 701
11743 7065
11743 15670
11743 15903
11767 491
11767 642
11767 3874
11767 4253
11767 6009
11767 6127
11767 6528
11767 7743
11767 8921
11767 9629
11767 10948
11767 11698
11767 11819
11767 14881
11767 15028
11767 15099
11767 15117
11767 15642
11767 15682
11767 15731
11767 15806
11767 15854
11767 15936
11786 1105
11787 1520
11817 18955
11819 673
11819 6917
11819 7838
11819 12607
11819 13318
11819 14785
11819 15623
11819 15752
11819 19442
11826 6747
11839 11075
11840 7720
11840 13270
11840 15367
11842 6598
11848 993
11848 15380
11861 7478
11890 13094
11890 14201
11890 14553
11890 15672
11890 15836
11896 15806
11899 4160
11915 1538
11921 642
11929 15347
11967 15763
12012 13141
12037 13639
12037 15797
12063 15673
12074 12090
12079 6975
12079 7268
12079 15347
12079 15758
12079 18472
12079 18619
12079 18960
12093 24579
12116 4814
12123 13068
12135 20
12135 201
12135 596
12135 993
12135 1013
12135 1667
12135 3288
12135 3894
12135 4127
12135 5430
12135 6547
12135 11184
12135 12572
12135 12789
12135 12880
12135 13150
12135 13617
12135 14599
12135 15450
12135 15650
12135 15731
12135 15830
12135 15847
12135 15854
12135 15974
12135 15984
12135 18449
12135 23434
12141 15023
12155 11705
12163 642
12163 13207
12163 14387
12163 15010
12163 15286
12163 15600
12163 15767
12163 15932
12163 15952
12163 16186
12171 9256
12171 10573
12171 17050
12171 19172
12192 12002
12211 441
12211 6030
12211 19080
12211 19554
12230 2392
12242 7305
12242 14239
12242 15666
12310 14189
12341 12465
12341 15787
12343 14202
12343 15612
12346 15666
12367 1013
12367 1318
12367 14858
12367 15731
12368 3301
12384 4280
12411 34
12411 1899
12419 24183
12450 15640
12456 15801
12462 21699
12466 4578
12467 6124
12467 9678
12467 15981
12467 24707
12469 6845
12502 5311
12521 8921
12531 11157
12539 6017
12539 7082
12539 13322
12600 15624
12600 15847
12618 22234
12648 8531
12665 14599
12668 1431
12668 5176
12668 13305
12668 15751
12670 3172
12670 15633
12670 15641
12670 16601
12712 14564
12712 15993
12720 9335
12734 4253
12734 4730
12734 12123
12734 12135
12734 12367
12734 12735
12734 13134
12734 13354
12734 15099
12734 15165
12734 15718
12734 15731
12734 15907
12734 15957
12768 8452
12789 8879
12789 15824
12789 15825
12863 10006
12868 4343
12868 8852
12868 19059
12894 12079
12894 12869
12894 15930
12900 287
12900 320
12900 701
12900 1441
12900 3172
12900 5633
12900 7514
12900 11460
12900 12233
12900 15274
12900 23235
12900 24722
12903 1582
12903 2700
12903 7354
12903 12315
12903 13806
12903 14881
12903 15165
12903 15464
12910 4885
12910 13896
12910 14085
12910 15709
12960 15693
12964 9959
12964 12079
12982 3425
12999 12670
13003 14483
13011 12076
13011 15249
13027 1410
13027 13933
13027 15887
13034 15866
13038 13933
13038 18689
13049 12045
13065 339
13065 642
13066 11698
13066 18602
13119 1013
13119 24707
13121 5325
13121 9016
13121 9834
13121 11157
13121 12037
13121 14595
13121 15782
13121 21336
13150 15117
13150 15319
13150 15635
13150 15871
13150 24226
13191 9541
13209 15709
13211 4015
13212 15971
13214 1013
13217 15147
13238 22234
13247 12135
13247 13555
13247 14528
13247 15028
13247 15780
13247 15946
13247 15962
13247 18764
13270 17675
13305 1188
13305 1506
13305 1676
13305 3292
13305 5658
13305 6917
13305 8031
13305 8344
13305 8808
13305 9541
13305 10761
13305 10881
13305 11101
13305 12059
13305 12683
13305 13368
13305 14189
13305 14192
13305 14236
13305 14871
13305 15187
13305 15568
13305 15578
13305 15663
13305 15675
13305 15730
13305 15734
13305 15768
13305 15807
13305 15830
13305 15833
13305 15849
13305 15873
13305 15874
13305 15885
13305 15947
13321 3292
13321 22686
13321 24695
13343 8852
13348 13094
13370 6127
13383 12079
13406 21699
13472 6735
13472 12045
13472 15870
13481 15347
13492 20904
13502 642
13502 934
13502 15184
13502 15785
13502 15937
13502 15952
13558 12465
13573 23707
13638 22276
13639 320
13639 524
13639 1861
13639 2361
13639 6129
13639 8852
13639 9057
13639 9275
13639 9553
13639 10948
13639 11378
13639 13068
13639 15347
13639 15702
13639 15922
13639 16018
13639 19059
13639 20917
13639 21089
13639 21954
13684 762
13684 8808
13684 13383
13684 15807
13684 15867
13710 201
13717 14787
13786 13909
13786 23235
13800 12978
13800 16861
13832 1582
13885 6997
13885 14920
13933 11785
13933 15028
13969 3292
13969 6039
13969 7514
13969 10092
13969 10378
13969 12683
13969 13361
13969 14832
13969 15629
13969 15758
13969 17301
14056 15759
14189 15274
14192 2713
14195 15720
14201 15165
14213 12153
14213 19172
14219 8531
14226 1188
14226 2349
14226 4928
14226 9239
14226 10959
14226 12079
14226 12900
14226 13361
14226 14609
14226 14758
14226 15347
14226 15628
14226 15751
14226 19442
14226 20021
14238 24404
14249 17298
14293 8852
14295 496
14295 642
14295 10133
14295 14224
14295 23782
14342 6217
14355 9553
14355 14806
14387 2713
14387 2961
14387 7082
14387 15582
14387 15930
14387 17262
14387 23235
14406 3692
14499 15666
14541 15845
14550 287
14550 2158
14550 12163
14550 15670
14550 15811
14550 15974
14550 16018
14550 18323
14550 18602
14574 799
14595 5988
14595 12273
14595 15662
14595 15769
14595 15833
14595 16601
14595 17050
14599 2194
14599 7874
14599 14845
14599 24568
14609 1281
14609 15039
14611 6024
14663 15117
14668 2361
14718 14567
14730 14613
14738 1140
14738 13699
14744 8996
14744 14758
14744 15274
14744 15662
14744 15715
14758 4928
14758 5633
14758 8996
14758 9239
14759 2592
14785 21337
14786 14738
14787 20
14787 496
14787 673
14787 1013
14787 3982
14787 6547
14787 7172
14787 7764
14787 9924
14787 10573
14787 11422
14787 11474
14787 11735
14787 12054
14787 12248
14787 12282
14787 12383
14787 12903
14787 13109
14787 13318
14787 13495
14787 14195
14787 14757
14787 15010
14787 15117
14787 15274
14787 15465
14787 15540
14787 15605
14787 15626
14787 15633
14787 15665
14787 15762
14787 15768
14787 15786
14787 15797
14787 15874
14787 15885
14787 15891
14787 15967
14787 16000
14787 16601
14787 17097
14787 22234
14806 14599
14806 15716
14807 979
14807 8344
14881 2633
14881 4498
14881 12163
14881 12933
14881 15028
14881 15854
14881 15866
14881 19443
14881 24226
14893 15175
14893 15605
14919 15274
14920 7026
14920 9957
14920 13481
14920 15787
14920 15788
14920 15847
14927 6124
14927 8598
14948 24710
14969 1140
14969 10948
14969 12683
14969 13212
14969 15267
14969 15464
14969 15682
14969 15854
14969 15920
14969 18602
14969 22210
14969 24404
15014 12248
15020 5633
15024 14483
15068 15758
15071 2831
15071 15858
15107 15635
15117 642
15117 1582
15117 8586
15117 8879
15117 9177
15117 10343
15117 11929
15117 12683
15117 13754
15117 14415
15117 15374
15117 15450
15117 15624
15117 15646
15117 15670
15117 15682
15117 15709
15117 15765
15117 15806
15117 15857
15117 22911
15137 12894
15147 496
15147 15769
15149 15347
15161 7838
15161 9957
15161 12282
15161 14219
15161 15742
15161 15758
15175 1119
15175 13094
15187 19080
15229 6095
15286 18602
15299 8132
15299 15520
15321 15759
15346 15165
15347 337
15347 496
15347 714
15347 5115
15347 7874
15347 8031
15347 8182
15347 8664
15347 8996
15347 10012
15347 10469
15347 12248
15347 12874
15347 14812
15347 15000
15347 15374
15347 15607
15347 15609
15347 15665
15347 15866
15347 15869
15347 15972
15347 17262
15347 22742
15347 23707
15368 2318
15374 23707
15382 11056
15420 18619
15447 496
15447 763
15447 6047
15450 9239
15450 17157
15450 19554
15466 15592
15471 3692
15491 10343
15511 15551
15526 20015
15534 13134
15547 15387
15561 13150
15565 24195
15598 11727
15601 14325
15605 18619
15605 23203
15610 15596
15611 22598
15622 23707
15632 23348
15636 7342
15640 15692
15643 15965
15644 5299
15648 2490
15648 2849
15648 5105
15648 9853
15648 13326
15665 9690
15665 20992
15669 15117
15671 6937
15679 20
15686 14275
15689 7258
15696 23348
15702 17299
15706 10385
15706 17262
15712 10008
15712 15412
15723 14976
15726 3343
15739 14387
15748 2713
15750 15709
15756 14591
15758 1018
15758 15817
15759 2939
15759 13639
15759 14358
15759 15327
15759 15665
15759 15972
15759 19698
15762 4808
15768 14528
15770 7244
15770 8961
15770 15778
15770 15787
15781 18034
15782 21336
15791 12411
15795 15804
15802 18602
15803 1181
15808 22517
15809 22517
15812 7082
15814 287
15814 4920
15814 6278
15814 7082
15814 12163
15814 15565
15814 15759
15814 17262
15814 18602
15814 20883
15814 23707
15814 24266
15814 24354
15826 2043
15826 3528
15826 3814
15826 6497
15826 12960
15826 15028
15830 6492
15830 15831
15834 18401
15840 15831
15842 24354
15851 18602
15852 18602
15853 10021
15859 8310
15861 4675
15862 6547
15865 23272
15866 7082
15866 9845
15866 10948
15866 12079
15866 13481
15866 13502
15866 15619
15866 15682
15866 15952
15866 15992
15866 21336
15866 22598
15873 15874
15881 15866
15882 3123
15882 6935
15882 12727
15893 10429
15893 15883
15904 12059
15906 7234
15910 5453
15920 18414
15922 3770
15922 4769
15922 8031
15922 11494
15922 14387
15922 15434
15922 15972
15929 24195
15931 22598
15938 15937
15941 13699
15946 2361
15951 496
15951 15010
15951 15948
15951 23434
15954 1049
15958 1163
15964 12465
15969 15830
15970 13996
15971 15949
15971 15992
15974 15990
15982 3591
15985 13460
15986 11929
15988 15174
15994 24224
15997 5892
15997 8047
15997 10998
15997 11056
15997 13236
15997 16892
16005 961
16186 5325
16186 7082
16186 7225
16186 9275
16186 12057
16186 12903
16186 15600
16186 15737
16186 24354
16306 12419
16306 15742
16336 6547
16336 11101
16336 15799
16428 15582
16581 4730
16581 5430
16581 10414
16581 13354
16581 15767
16581 15793
16581 15943
16581 18771
16581 24695
16609 6198
16609 15900
16609 18602
17041 17840
17058 15347
17058 15650
17058 15891
17097 19554
17113 1520
17157 10343
17157 11378
17157 12789
17157 15575
17293 4928
17293 12683
17293 14744
17299 6009
17300 12604
17300 15807
17301 5055
17301 7514
17301 9239
17639 15882
17675 14564
17675 19080
17706 18602
17732 18242
17801 15511
17809 13460
17809 13518
17830 5677
18034 1049
18034 12734
18034 14550
18056 4021
18056 8132
18056 19554
18138 15613
18169 2700
18169 12903
18169 15655
18401 6497
18401 12419
18401 15643
18401 15919
18472 21954
18574 172
18574 4253
18574 7759
18574 7874
18574 8879
18574 12720
18574 13960
18574 15920
18574 15949
18574 18138
18574 18414
18574 21356
18574 24695
18602 3874
18602 10967
18602 13096
18602 13150
18602 13909
18602 15600
18602 15723
18602 15871
18619 8031
18619 12242
18619 15028
18619 15635
18619 15763
18619 15923
18619 15937
18619 24320
18650 15763
18650 24409
18689 4849
18689 11056
18689 12079
18689 12211
18689 13555
18689 14674
19059 90
19080 4694
19080 5658
19080 7475
19080 9461
19080 13121
19080 21509
19087 2043
19105 13383
19156 12529
19156 13150
19172 17749
19213 9957
19442 8447
19554 5155
19554 6547
19683 12163
19683 15299
19730 6095
19871 15943
19901 1665
19901 11735
19901 13460
19901 14581
19901 15010
19901 15920
19915 10410
19915 15930
19915 15937
20021 15245
20242 8852
20242 12533
20242 19172
20259 4920
20259 8879
20259 14301
20259 20817
20259 22598
20285 4928
20285 14820
20285 15889
20387 14325
20424 7082
20429 17880
20554 23348
20817 6247
20817 13504
20817 13960
20817 14583
20817 15450
20817 15786
20817 15877
20817 15916
20817 15931
20817 15934
20817 24206
20883 10707
20883 15649
20883 15651
20883 15753
20883 24320
20904 9057
20904 22906
20917 18169
21079 7258
21079 15675
21110 9055
21240 15790
21336 876
21336 1137
21336 5115
21336 9696
21336 13270
21336 13502
21336 14920
21336 15931
21336 20904
21584 19437
21699 34
21699 1137
21699 5089
21699 5523
21699 7026
21699 9834
21699 11064
21699 11735
21699 11885
21699 12079
21699 12248
21699 14406
21699 14902
21699 15338
21699 15511
21699 15560
21699 17801
21699 18619
21702 287
21739 13332
21786 7874
21786 15028
21786 19901
21800 12059
21878 11717
21913 17050
21926 8531
21954 1861
21954 8996
21954 13322
22217 13191
22283 642
22283 6547
22283 13361
22283 13969
22283 15742
22452 15544
22513 642
22513 1741
22513 5311
22513 6087
22513 9541
22513 10133
22513 12282
22513 13639
22513 14370
22513 15782
22513 19442
22592 12903
22598 8879
22598 8935
22598 11157
22598 12326
22598 12720
22598 12789
22598 14415
22598 14583
22598 15613
22598 15666
22598 15786
22598 15830
22598 24206
22598 24365
22906 15705
23203 24259
23235 4496
23235 12685
23235 13150
23235 15866
23348 320
23348 596
23348 1140
23348 2924
23348 7172
23348 7874
23348 10008
23348 14664
23348 15709
23348 15900
23348 15908
23348 24265
23360 15705
23424 19087
23472 231
23473 15801
23707 596
23707 4407
23707 15677
24133 12903
24133 15718
24133 16186
24133 16348
24133 22210
24133 24707
24183 3206
24195 9752
24195 14677
24206 1665
24206 15927
24224 13166
24226 1049
24226 1312
24226 9275
24226 9957
24226 10948
24226 13094
24226 15561
24226 15605
24226 15928
24226 23203
24226 24183
24252 4396
24252 11184
24252 12365
24252 13699
24259 24226
24265 15656
24265 15705
24266 15900
24322 8993
24365 2920
24393 642
24393 8659
24393 9177
24393 11717
24393 15836
24393 15895
24393 15909
24393 15943
24393 16348
24393 21356
24404 10948
24409 9026
24448 10008
24448 15784
24448 15915
24452 1913
24460 2591
24460 15751
24472 7258
24474 2424
24483 16895
24517 503
24518 12163
24518 13150
24519 983
24555 13518
24568 6547
24568 8664
24568 10948
24579 2184
24579 24404
24588 804
24601 12419
24601 15078
24601 15858
24668 1318
24695 15784
24707 673
24707 1140
24707 4127
24707 5448
24707 12330
24707 12797
24707 14878
24710 13121
