24740 8483
0 6088
0 6923
0 7259
0 7306
0 7430
0 7698
0 9005
0 11722
0 13786
20 9842
20 14034
21 231
21 2416
21 4444
21 4952
21 7415
21 7595
21 15814
21 17568
21 19901
21 20355
21 23298
44 4208
44 4452
44 7672
44 24682
54 2134
54 5887
54 7719
54 23744
105 5677
115 1520
115 1846
115 1899
115 2215
115 2936
115 3736
115 3988
115 4482
115 4537
115 7055
115 7427
115 7432
115 7482
115 7574
115 18919
115 22513
115 24722
117 255
125 309
125 16601
155 20
155 6054
155 6125
155 7368
155 13141
155 20355
155 22234
155 24693
172 4242
213 7548
215 2566
215 6098
230 21177
231 642
231 1013
231 2397
231 5899
231 6599
231 7472
231 7511
231 7540
231 7587
231 7602
231 7608
231 7628
231 9025
231 13763
231 14496
231 15361
231 15610
231 16976
231 19870
231 24133
231 24722
252 906
252 2831
252 3897
252 7470
252 7531
252 7664
252 15814
252 18169
252 18619
255 54
255 503
255 642
255 843
255 1015
255 2387
255 2931
255 3714
255 4086
255 5409
255 6478
255 7478
255 7575
255 7648
255 7664
255 8353
255 9177
255 9682
255 10121
255 11929
255 12135
255 13141
255 13969
255 15447
255 16186
255 21177
255 23223
255 23933
255 24033
260 255
269 446
285 7549
285 7633
285 9025
285 10811
285 14835
285 15332
285 16601
285 24442
287 255
287 2194
287 2819
287 3657
287 4491
287 4572
287 4920
287 6478
287 6610
287 7244
287 7420
287 7434
287 7546
287 7583
287 7633
287 7678
287 8996
287 9025
287 20512
287 21922
287 23223
287 24220
292 17706
309 19871
320 3921
320 18709
348 255
348 596
348 7497
348 7615
349 14034
349 24385
386 4928
395 7461
395 19901
401 1105
405 2194
405 4583
405 7233
412 5949
412 9524
451 1312
454 4913
454 7454
454 7685
465 1133
465 2091
465 5364
465 7529
503 2397
503 5409
503 5519
503 6478
503 6961
503 7082
503 11684
503 11929
503 14835
503 16186
503 20892
503 21699
524 833
524 11313
525 7440
525 23458
540 3231
540 7609
540 12375
540 19149
556 16018
560 5677
560 24409
572 6524
574 3021
574 7467
593 24313
596 7497
596 7573
596 7615
596 7659
596 7671
596 7716
596 18449
596 18602
596 21876
596 24448
597 13969
601 503
601 14806
601 17276
613 642
613 1846
613 2997
613 4196
613 5946
613 24710
623 642
623 5697
623 6478
623 6586
623 7298
623 7387
623 7468
623 7512
623 7517
623 8939
623 13337
623 16880
623 20721
623 21618
623 23320
623 24707
633 6437
642 20
642 596
642 1846
642 1913
642 1934
642 1951
642 2388
642 2831
642 3275
642 3897
642 4208
642 4237
642 4343
642 5307
642 5539
642 5677
642 5697
642 6124
642 6333
642 6735
642 7225
642 7244
642 7387
642 7406
642 7427
642 7431
642 7436
642 7462
642 7473
642 7517
642 7634
642 7660
642 7689
642 9177
642 9239
642 16581
642 18602
642 24695
643 2091
726 2307
726 2416
726 5639
726 5677
726 7530
726 7716
728 2048
737 7471
776 3172
776 6450
776 14920
804 7637
804 8491
804 11929
814 1632
814 16976
830 525
830 843
830 1842
830 2384
830 3208
830 3471
830 5127
830 6172
830 6610
830 7055
830 7305
830 7364
830 7583
830 11313
830 13065
830 17935
830 20904
830 21240
831 21786
833 5677
833 9016
833 15251
866 1013
866 7540
866 21089
876 830
876 990
876 2819
876 3736
876 5811
876 7710
890 11722
906 2361
906 5311
906 7640
906 11779
906 12123
906 20355
929 7649
929 16880
935 7703
935 23707
984 18602
988 24555
1013 115
1013 285
1013 2491
1013 2591
1013 5899
1013 7431
1013 7608
1013 7716
1013 10811
1013 11698
1013 21089
1018 255
1018 4928
1018 6450
1018 6489
1018 6961
1018 7258
1018 13383
1018 13717
1018 14295
1045 4242
1063 5887
1097 255
1097 2207
1105 255
1105 503
1105 4491
1105 5274
1105 6478
1105 6524
1105 6754
1105 7370
1105 7445
1105 7484
1105 7508
1105 7529
1105 7604
1105 8353
1105 8996
1105 11835
1105 14920
1105 17675
1105 19149
1105 24435
1110 6489
1110 7508
1116 7504
1133 5677
1133 8102
1137 0
1137 115
1137 525
1137 642
1137 2748
1137 3657
1137 4343
1137 5311
1137 5516
1137 6098
1137 6524
1137 6610
1137 6915
1137 7082
1137 7440
1137 7631
1137 7633
1137 7680
1137 13191
1137 17935
1137 18602
1137 24710
1140 1934
1140 4491
1140 7195
1140 11157
1140 16581
1141 7592
1141 7648
1141 19178
1165 7014
1214 6478
1220 255
1221 115
1221 2134
1221 2497
1221 2936
1221 6845
1221 7574
1221 7575
1221 7610
1221 8353
1221 11460
1221 13270
1221 24555
1230 14920
1235 13337
1244 968
1244 19149
1312 255
1312 503
1312 4491
1312 6961
1312 11157
1312 12135
1312 14920
1312 24409
1384 18602
1403 1140
1403 2158
1403 7451
1403 7642
1403 7712
1430 2207
1430 4920
1430 5146
1430 5930
1430 7423
1430 7454
1430 7520
1430 7551
1430 7638
1430 7649
1430 7691
1430 7713
1430 21899
1430 24033
1430 24365
1462 255
1520 3221
1520 6961
1520 7462
1538 7430
1538 7463
1542 7283
1542 14361
1547 8996
1547 9239
1547 18169
1551 230
1551 1121
1551 3657
1551 5544
1551 7633
1551 7679
1551 7710
1551 9007
1551 12789
1551 13786
1551 24537
1581 2819
1582 16880
1585 6073
1631 19023
1632 2091
1632 3659
1632 6961
1632 7555
1632 9177
1632 9461
1632 11698
1632 11929
1632 16976
1632 17342
1632 18449
1632 20517
1632 21064
1632 23223
1632 24033
1633 5887
1658 613
1658 1632
1658 1740
1658 4547
1658 6688
1658 7485
1658 7591
1658 9239
1658 13181
1658 13684
1658 13969
1676 6592
1692 902
1692 2134
1692 2997
1692 3428
1692 4186
1692 4452
1692 5411
1692 5887
1692 5892
1692 6478
1692 7241
1692 7283
1692 7370
1692 7640
1692 7645
1692 7675
1692 7711
1692 12894
1692 13383
1692 14595
1708 7258
1734 2384
1740 1165
1740 1822
1740 2583
1740 4208
1740 4242
1740 4928
1740 6790
1740 7241
1740 7402
1740 7443
1740 7524
1740 7529
1740 7555
1740 7611
1740 7665
1740 7704
1740 7720
1740 8996
1740 9007
1740 11657
1740 12677
1740 14034
1740 14691
1740 15688
1740 16067
1740 16420
1740 16900
1740 18381
1740 21240
1740 21913
1740 24385
1740 24682
1740 24722
1741 7704
1822 4567
1822 9239
1822 18574
1822 24707
1846 2361
1846 2497
1846 2938
1846 4021
1846 4343
1846 5429
1846 5519
1846 7401
1846 7436
1846 7524
1846 7529
1846 7542
1846 7574
1846 7700
1846 9025
1846 13320
1846 16976
1846 17468
1846 18602
1846 24393
1861 90
1861 990
1887 255
1899 503
1899 1842
1899 2411
1899 3921
1899 7410
1899 7612
1899 7674
1899 8921
1899 8984
1899 9025
1899 18684
1899 20783
1899 20877
1899 20904
1901 255
1901 3411
1901 7478
1901 17472
1913 2939
1913 7586
1934 8984
1934 22276
1934 24252
1951 3756
1951 4482
1951 4765
1951 6124
1951 7258
1951 7411
1951 7470
1951 7504
1951 7533
1951 7536
1951 7556
1951 7565
1951 7585
1951 7586
1951 7589
1951 7675
1951 10811
1951 11835
1951 11929
1951 13756
1951 21786
1951 22276
1951 24169
1951 24695
1951 24721
1971 1109
2014 6450
2022 21699
2036 6002
2048 1244
2048 3021
2048 6610
2048 7195
2048 7673
2053 19871
2053 24442
2080 6437
2126 2819
2134 2388
2134 2961
2134 3428
2134 3705
2134 7628
2134 7657
2134 7681
2148 13027
2151 4572
2151 6148
2151 7413
2194 255
2194 608
2194 1899
2194 2497
2194 2831
2194 3562
2194 4537
2194 4829
2194 5311
2194 5544
2194 6508
2194 6524
2194 7478
2194 8996
2194 9025
2194 11579
2194 11929
2194 12977
2194 14806
2194 14835
2194 16843
2194 20550
2194 21954
2194 24519
2197 115
2197 597
2197 934
2197 1846
2197 2134
2197 4567
2197 5519
2197 5946
2197 6413
2197 7509
2197 7574
2197 7628
2197 7648
2197 7682
2197 8996
2197 9025
2197 13969
2197 16976
2197 17736
2197 20512
2197 21876
2199 4343
2207 4920
2207 7494
2207 24365
2239 5677
2239 6915
2239 7633
2242 255
2304 7512
2304 7609
2307 503
2307 5639
2307 7703
2307 9177
2324 18602
2329 2886
2343 7528
2361 285
2361 320
2361 4343
2361 5279
2361 5692
2361 6911
2361 7454
2361 7524
2361 7595
2361 7640
2361 7719
2361 13089
2361 17475
2361 18602
2361 21702
2361 24187
2361 24266
2361 24451
2384 213
2384 1165
2384 4343
2384 4572
2384 5331
2384 5538
2384 6098
2384 6450
2384 6524
2384 7055
2384 7548
2384 7633
2384 11313
2384 13786
2384 17349
2384 18602
2384 20904
2387 231
2387 623
2387 1632
2387 3946
2387 5435
2387 7269
2387 7462
2387 7698
2387 9025
2387 11819
2387 11929
2387 13089
2387 13969
2387 20355
2387 23223
2387 23320
2392 7367
2411 255
2411 287
2411 407
2411 1842
2411 2591
2411 3130
2411 5274
2411 6478
2411 7370
2411 7515
2411 17041
2411 22990
2411 24133
2411 24252
2424 7561
2442 7215
2442 7343
2442 7634
2484 4829
2487 115
2487 5152
2487 5274
2487 5409
2487 5429
2487 5435
2487 5519
2487 5660
2487 5677
2487 7225
2487 7509
2487 9025
2487 17840
2487 20355
2491 4183
2491 7460
2491 7490
2491 8289
2491 11698
2497 287
2497 1316
2497 1340
2497 1551
2497 1901
2497 3335
2497 3449
2497 4343
2497 4837
2497 7367
2497 7447
2497 7633
2497 7662
2497 7700
2497 10566
2497 11684
2497 16892
2497 17468
2497 18428
2508 255
2549 8921
2569 5408
2569 7422
2569 7486
2569 19915
2581 13784
2591 3219
2591 5677
2591 7370
2591 11313
2591 20783
2592 54
2592 260
2592 1116
2592 1786
2592 2307
2592 2591
2592 2819
2592 4242
2592 4255
2592 4765
2592 6489
2592 6557
2592 6995
2592 7014
2592 7567
2592 7634
2592 7697
2592 9177
2592 12135
2592 14920
2592 23744
2622 4343
2622 20861
2629 255
2629 2819
2629 3777
2629 6285
2629 20817
2633 642
2636 1015
2636 4183
2655 2819
2687 6435
2687 8993
2700 4343
2748 3219
2748 5854
2748 15848
2794 16591
2794 24037
2811 3293
2811 7472
2811 7643
2815 4186
2819 223
2819 3271
2819 3403
2819 3563
2819 3591
2819 4920
2819 5152
2819 6478
2819 7284
2819 9025
2819 11577
2819 13786
2819 14713
2819 19901
2819 20817
2831 6666
2831 7664
2831 13370
2851 13969
2866 503
2872 1133
2872 4343
2872 7529
2872 16892
2886 3591
2914 7020
2931 626
2931 7580
2931 7596
2931 9177
2931 12135
2931 18602
2931 20355
2931 21618
2934 20355
2966 4606
2997 231
2997 934
2997 2387
2997 3657
2997 3968
2997 4242
2997 4583
2997 5539
2997 6666
2997 7565
2997 7587
2997 7689
2997 8939
2997 9025
2997 11929
2997 21089
2997 23348
2997 24721
2998 7255
2998 8993
3021 4208
3021 9682
3021 17472
3023 24226
3049 1846
3049 2487
3049 7620
3049 9025
3049 10121
3049 15698
3113 255
3113 7497
3113 11929
3113 16877
3113 24442
3130 6478
3130 7480
3130 14920
3145 14414
3162 21786
3172 3563
3172 4343
3172 5677
3172 5769
3172 7413
3172 7427
3172 7633
3172 7673
3172 9025
3172 15450
3172 20355
3221 4920
3227 858
3227 3988
3227 6232
3227 6478
3227 6869
3227 7427
3231 24680
3275 7436
3288 1430
3288 24519
3293 13969
3330 2361
3379 7213
3403 3053
3422 7593
3439 18602
3449 7633
3463 1951
3528 5435
3528 6524
3528 7430
3561 7324
3562 4928
3562 15602
3570 7055
3570 11861
3591 1822
3591 2329
3591 3219
3591 3659
3591 4280
3591 4920
3591 5811
3591 7324
3591 7326
3591 7599
3591 11929
3591 12720
3591 14901
3591 17695
3591 20817
3591 24365
3609 130
3609 525
3609 11861
3609 12789
3609 15277
3609 19160
3620 4355
3620 5601
3620 6125
3620 16900
3627 255
3627 5677
3627 18602
3627 21786
3652 18401
3656 4685
3656 7486
3657 726
3657 11657
3667 2361
3679 7259
3692 1946
3692 7682
3699 5795
3705 9239
3709 4343
3716 2566
3733 9177
3756 6478
3757 7172
3757 15814
3760 22882
3760 24660
3824 7042
3824 7575
3843 1018
3843 7612
3843 7690
3843 7723
3843 12789
3843 14034
3874 7512
3928 18449
3946 1740
3946 4343
3946 6413
3946 7388
3946 7705
3946 18602
3946 20721
3946 21194
3946 23320
3986 7567
4048 9842
4086 7716
4126 4160
4154 24226
4158 16775
4160 2151
4160 7413
4173 5274
4183 5311
4183 5946
4183 14010
4186 987
4186 7657
4186 8102
4196 0
4208 4242
4208 14469
4237 1846
4237 2194
4237 5946
4237 13181
4237 16892
4237 16976
4237 19355
4242 115
4242 503
4242 596
4242 830
4242 858
4242 1431
4242 1507
4242 1632
4242 1899
4242 2760
4242 2831
4242 4343
4242 4617
4242 4685
4242 4721
4242 5411
4242 6309
4242 6483
4242 6714
4242 6790
4242 7326
4242 7368
4242 7431
4242 7433
4242 7460
4242 7472
4242 7504
4242 7508
4242 7517
4242 7535
4242 7569
4242 7643
4242 7651
4242 7665
4242 7702
4242 8321
4242 8996
4242 9025
4242 9842
4242 11779
4242 13089
4242 13099
4242 13717
4242 13756
4242 13969
4242 14034
4242 14691
4242 16067
4242 16613
4242 16843
4242 16892
4242 17290
4242 17966
4242 18381
4242 18602
4242 19427
4242 19901
4242 20355
4242 21913
4242 22513
4242 23298
4242 23744
4242 24187
4242 24275
4242 24518
4242 24519
4253 19650
4255 255
4255 4685
4255 7413
4255 7514
4255 10566
4255 17342
4255 17977
4282 20992
4324 642
4330 2794
4330 7562
4330 7570
4330 7612
4331 1899
4331 2411
4331 5274
4331 5677
4331 6478
4331 7485
4331 9025
4331 13763
4331 14806
4331 14888
4331 18709
4331 22990
4340 1899
4340 5887
4340 6478
4343 833
4343 2831
4343 5052
4343 5274
4343 5311
4343 6591
4343 11929
4343 13343
4343 15447
4343 18602
4343 24033
4388 16018
4407 503
4407 7470
4440 3756
4440 4572
4440 5325
4440 5697
4440 7444
4440 7537
4440 7556
4444 18764
4444 21089
4567 7617
4567 9239
4567 24707
4617 9239
4685 255
4685 503
4685 1951
4685 2091
4685 6124
4685 6483
4685 7176
4685 7287
4685 13969
4685 17840
4685 17977
4685 19426
4685 23933
4704 11936
4721 20567
4781 24721
4785 5539
4802 7556
4811 5420
4829 3714
4829 11929
4869 7633
4879 21079
4879 21800
4920 4491
4920 5409
4920 6544
4920 7438
4920 7599
4920 9969
4920 11929
4920 19901
4920 24365
4926 7042
4926 7577
4926 7684
4926 20517
4928 6478
4928 7511
4928 14386
4928 22506
4928 24252
4928 24393
4952 5748
4952 7492
4952 7522
4952 7575
5052 2387
5052 13969
5052 18602
5107 1899
5112 13003
5127 12135
5140 9057
5143 13786
5146 24707
5152 5429
5152 6478
5152 7283
5152 11313
5152 11861
5152 16018
5160 3145
5178 2819
5178 4343
5178 7461
5178 7599
5178 7649
5178 20817
5196 14386
5238 833
5261 5697
5261 7582
5274 255
5274 5127
5274 6478
5274 11835
5274 19149
5279 6666
5282 11313
5284 1018
5284 16998
5284 19554
5296 6047
5311 285
5311 3335
5311 3657
5311 3714
5311 4274
5311 5364
5311 6450
5311 6591
5311 7074
5311 7343
5311 7486
5311 7681
5311 9553
5312 3777
5329 525
5329 6478
5329 7259
5338 7604
5345 11929
5345 17076
5345 19355
5408 5697
5408 6478
5408 7464
5408 7537
5408 16513
5409 1015
5409 1551
5409 3335
5409 7633
5409 11698
5409 11929
5409 21786
5411 2361
5411 7283
5411 15361
5427 7577
5427 17675
5429 1316
5429 20355
5435 7470
5435 20355
5435 24252
5477 1431
5477 12677
5485 2819
5489 20783
5519 255
5519 613
5519 642
5519 1899
5519 2048
5519 2324
5519 2361
5519 3335
5519 5429
5519 5753
5519 6002
5519 6124
5519 6437
5519 6450
5519 6478
5519 6666
5519 7225
5519 7295
5519 7392
5519 7528
5519 11698
5519 11929
5519 11967
5519 13131
5519 14387
5519 16976
5519 18602
5519 18709
5519 18919
5519 20292
5519 20817
5519 21786
5519 21876
5519 22513
5519 24252
5519 24451
5539 726
5539 11979
5544 20550
5547 3506
5625 9026
5639 155
5639 5279
5639 6351
5639 7471
5639 7550
5639 15361
5639 23707
5644 1639
5644 7428
5645 3657
5645 5311
5659 24310
5677 1221
5677 2134
5677 7225
5677 8102
5677 10121
5677 14806
5677 18764
5677 19827
5677 24404
5677 24409
5730 608
5748 7450
5753 54
5753 606
5753 2361
5753 5539
5753 5887
5753 7478
5753 7681
5753 7696
5753 16843
5753 18602
5769 1951
5769 7387
5769 7547
5769 9524
5769 19421
5769 20550
5769 21786
5793 503
5795 255
5795 7223
5795 11700
5795 16898
5801 830
5801 2134
5801 2361
5801 7681
5801 7719
5801 18602
5811 5274
5829 642
5829 7427
5866 7283
5887 1105
5887 1951
5887 5536
5887 12123
5887 13141
5887 19105
5892 7283
5892 13684
5892 15688
5892 24033
5895 2831
5899 255
5899 24393
5915 17675
5930 255
5930 2569
5930 6450
5946 44
5946 642
5946 1692
5946 2361
5946 2388
5946 2497
5946 5311
5946 5409
5946 5429
5946 5997
5946 6002
5946 7478
5946 7509
5946 7524
5946 7672
5946 7704
5946 9025
5946 14010
5946 18602
5946 20292
5946 22513
5949 6437
5969 7556
5969 7695
5969 21064
5997 7672
6033 1901
6033 6478
6033 6666
6047 1757
6047 6971
6047 7531
6047 7550
6047 7592
6047 15361
6047 19871
6063 7508
6066 5677
6095 1899
6103 9553
6113 1133
6124 831
6124 2411
6124 7512
6124 8870
6124 17977
6125 5427
6125 12123
6125 17675
6172 7305
6201 7690
6201 16900
6210 6589
6213 21356
6218 1846
6226 9239
6226 24226
6232 503
6232 4340
6240 6247
6240 6666
6247 5178
6247 7432
6278 1105
6278 2158
6278 7648
6285 7502
6285 9969
6312 7688
6312 13485
6333 24224
6346 11929
6354 1551
6354 3562
6354 4928
6354 9695
6354 17824
6354 24722
6382 18602
6417 2134
6442 1235
6442 2831
6442 7244
6476 230
6478 269
6478 2569
6478 7664
6478 7723
6478 15174
6478 15617
6478 20812
6483 18698
6483 23348
6490 3219
6496 6591
6496 7560
6497 9553
6520 18619
6524 8995
6527 255
6557 255
6557 3244
6557 7411
6557 7672
6557 7694
6557 13578
6557 17824
6591 7529
6591 16591
6592 11657
6611 7518
6611 13027
6638 3968
6638 20812
6651 7415
6652 623
6666 4086
6666 6054
6666 7413
6666 7442
6666 11929
6666 12123
6666 20550
6687 1784
6687 7542
6687 7685
6736 3227
6736 7223
6736 7664
6740 6747
6750 6100
6755 5312
6755 24519
6763 9026
6769 6961
6769 16581
6780 188
6780 503
6780 2384
6780 4343
6780 4617
6780 4920
6780 5331
6780 7413
6780 9524
6780 9724
6780 11899
6780 13485
6780 18602
6780 19421
6780 21064
6780 23744
6780 24226
6780 24310
6790 21913
6845 7704
6845 11698
6850 2497
6850 5854
6917 13196
6930 11157
6955 16976
6960 7438
6961 9239
6961 9524
6961 11698
6961 13459
6961 23223
6961 24033
6975 5435
6975 6098
6999 9626
7006 255
7038 2091
7045 7567
7055 11861
7133 7648
7133 16976
7139 7622
7139 9026
7139 24033
7172 7415
7172 15814
7176 19426
7188 1757
7214 503
7219 137
7239 1899
7258 255
7258 7413
7258 11779
7283 5539
7283 7424
7283 7466
7283 7540
7283 15024
7283 21240
7284 6351
7284 7648
7305 14386
7324 7439
7326 18764
7336 18602
7341 1096
7343 24033
7345 5915
7345 20355
7365 11872
7366 4242
7368 6290
7368 18689
7370 7702
7370 13684
7370 14806
7370 18764
7370 19355
7385 285
7385 6478
7404 2361
7407 8996
7409 21786
7410 623
7410 7387
7411 3219
7412 12198
7416 5677
7418 7479
7421 7420
7422 3563
7422 5697
7422 7526
7422 23936
7423 7295
7427 16976
7427 19938
7427 20355
7428 20355
7432 13270
7434 6532
7434 7144
7437 968
7438 19901
7442 3227
7442 22807
7444 5075
7444 17977
7445 18602
7448 11835
7449 11835
7455 22634
7461 19685
7462 19901
7469 7569
7470 1584
7470 7434
7470 7504
7470 7540
7470 7634
7470 16581
7473 11684
7474 9524
7477 24224
7478 6098
7478 7504
7478 14387
7478 16843
7478 18056
7478 20517
7480 22990
7483 19149
7486 1585
7488 7485
7490 13763
7490 22990
7491 3993
7493 255
7495 3921
7501 255
7503 7497
7507 7447
7509 4452
7513 24707
7515 255
7519 4384
7521 10932
7525 7172
7525 24670
7529 19355
7538 2361
7538 4343
7538 7501
7538 13027
7538 18428
7540 14920
7541 15319
7543 24531
7544 9177
7550 18619
7551 111
7552 7658
7555 7622
7555 11488
7555 24682
7556 2922
7557 5051
7559 3760
7559 7140
7559 10260
7566 16018
7567 9239
7568 626
7572 3403
7575 269
7575 503
7576 19683
7579 7648
7580 24226
7584 255
7586 9239
7589 7585
7590 18602
7591 13181
7593 4660
7593 7605
7594 6478
7595 22882
7595 24033
7596 7580
7596 23904
7599 19143
7601 18602
7601 23744
7607 2184
7609 503
7609 6478
7610 22513
7611 21240
7619 24722
7621 13027
7623 12135
7624 8321
7625 7621
7626 20883
7629 6478
7630 2400
7630 7648
7630 7693
7630 11929
7631 15277
7632 1476
7635 23348
7636 22882
7641 14876
7646 11698
7647 24180
7648 285
7648 7691
7648 15332
7648 16900
7648 16976
7648 19938
7650 503
7653 18917
7663 7497
7664 6868
7664 16581
7664 19138
7671 23707
7671 23921
7674 19172
7674 24722
7677 2467
7681 13003
7681 18689
7683 15229
7692 14386
7693 19882
7694 6489
7695 21089
7702 11779
7702 24518
7708 8939
7713 4920
7713 9113
7778 4343
7778 4982
7778 5677
7778 7430
7778 13553
7778 21786
7816 503
8049 16976
8102 7292
8102 22990
8107 18056
8199 7415
8321 4920
8321 22276
8353 11460
8353 12539
8353 20512
8363 5519
8436 9239
8638 199
8984 115
8984 125
8984 2794
8984 4331
8984 16601
8984 20783
8995 1221
8995 6478
8995 16018
8996 230
8996 613
8996 830
8996 1351
8996 1887
8996 2819
8996 3227
8996 4920
8996 5311
8996 5409
8996 6066
8996 6098
8996 6478
8996 6524
8996 7555
8996 7609
8996 7703
8996 11929
8996 12394
8996 12789
8996 13204
8996 14806
8996 14888
8996 17290
8996 24033
8996 24233
8996 24252
9005 11076
9005 24728
9011 231
9011 1520
9011 2239
9011 2794
9011 4160
9011 4928
9011 6063
9011 7082
9011 7508
9011 7509
9011 7511
9011 8289
9011 8984
9011 15848
9011 24409
9025 255
9025 260
9025 503
9025 596
9025 1140
9025 1520
9025 1632
9025 3403
9025 3657
9025 4343
9025 4601
9025 5112
9025 5279
9025 5411
9025 5517
9025 5539
9025 5949
9025 6098
9025 6483
9025 6524
9025 7292
9025 7318
9025 7547
9025 7570
9025 7575
9025 7649
9025 7659
9025 8289
9025 8820
9025 9724
9025 11929
9025 13637
9025 15688
9025 16581
9025 16601
9025 16976
9025 17306
9025 17966
9025 23223
9025 23298
9025 24226
9025 24693
9025 24722
9025 24728
9026 24033
9177 155
9177 285
9177 503
9177 1018
9177 2273
9177 3506
9177 4617
9177 5158
9177 5307
9177 6589
9177 6771
9177 7131
9177 7225
9177 7269
9177 7420
9177 7429
9177 7497
9177 7512
9177 7533
9177 7563
9177 7615
9177 7688
9177 7702
9177 7703
9177 11779
9177 12135
9177 13141
9177 13637
9177 18449
9177 21699
9177 24169
9177 24226
9239 287
9239 814
9239 1632
9239 1740
9239 2307
9239 7478
9239 7722
9239 11722
9239 16047
9239 16976
9239 16998
9239 17290
9239 17306
9239 18764
9239 21786
9239 23223
9239 23744
9239 24033
9239 24707
9524 5949
9724 7547
9842 255
9842 642
9842 1235
9842 2819
9842 3113
9842 5677
9842 17298
9842 24033
10121 1165
10168 830
10168 1784
10421 7692
10434 613
10566 1209
10566 2416
10566 4781
10769 255
10811 3428
10811 3479
10811 7258
10811 7659
10811 7706
10844 13726
11062 1520
11062 2748
11076 7672
11076 17472
11120 18689
11120 24442
11157 11929
11276 4343
11313 2819
11313 5538
11313 6714
11313 11861
11313 15251
11313 16018
11313 16843
11313 17675
11313 19730
11405 15848
11460 6098
11460 7680
11460 11835
11460 13191
11460 13270
11488 4021
11577 5152
11577 5409
11579 285
11579 503
11579 1899
11579 5274
11579 8984
11579 10811
11657 3227
11657 3988
11657 4343
11657 4802
11657 5409
11657 7241
11657 7665
11657 9007
11657 11722
11684 1846
11684 4491
11684 18602
11698 613
11698 3384
11698 4340
11698 6520
11698 7436
11698 16998
11698 17675
11700 7223
11700 7444
11700 17840
11700 23298
11722 12209
11722 15848
11725 8289
11725 11698
11725 17675
11725 21208
11727 1313
11727 19926
11779 1097
11779 1312
11779 1708
11779 1951
11779 2819
11779 6437
11779 7131
11779 7214
11779 7427
11779 7451
11779 7464
11779 7520
11779 7532
11779 7590
11779 7596
11779 7673
11779 11698
11779 14920
11779 18602
11779 20355
11779 21786
11779 24226
11779 24518
11817 2091
11819 7269
11819 7462
11819 7560
11819 13141
11819 23320
11861 213
11861 3145
11861 4343
11861 7633
11899 5854
12053 5430
12053 7370
12135 1013
12135 1140
12135 1235
12135 2015
12135 2416
12135 2629
12135 3627
12135 4491
12135 6489
12135 7195
12135 7258
12135 7431
12135 7532
12135 7580
12135 7638
12135 7697
12135 7706
12135 8921
12135 15447
12135 16583
12135 22651
12135 23744
12135 24226
12198 1507
12198 3415
12209 2384
12375 17935
12394 2350
12482 21699
12519 7427
12519 16583
12539 1105
12539 2636
12539 5149
12539 17675
12670 24220
12789 19901
12855 465
12870 830
12870 833
12870 2384
12870 2936
12870 11313
12870 11488
12870 15251
12874 255
12900 115
12900 1221
12900 7463
12900 15259
12964 18602
12977 4572
12977 12789
12977 13786
12977 16998
13027 7451
13027 7675
13027 12123
13065 7701
13099 830
13099 4920
13131 7125
13131 22730
13141 13337
13155 20883
13181 231
13181 814
13181 3293
13181 5730
13181 7553
13181 7560
13181 15161
13181 24393
13191 15251
13191 15688
13191 22513
13191 22708
13270 7082
13270 7370
13270 7680
13270 17675
13323 7467
13343 2215
13343 4572
13343 13969
13370 9239
13383 44
13383 255
13383 6478
13383 7283
13383 24682
13431 14034
13466 7413
13466 14034
13485 19901
13684 7463
13684 15940
13684 18764
13694 7014
13694 7472
13694 15259
13786 255
13786 1209
13786 2194
13786 2239
13786 2397
13786 2591
13786 2622
13786 3935
13786 4617
13786 4837
13786 4913
13786 4920
13786 6098
13786 6478
13786 7633
13786 7634
13786 7674
13786 7680
13786 7710
13786 8995
13786 9025
13786 9239
13786 11313
13786 12394
13786 12789
13786 13485
13786 16018
13786 17675
13786 17840
13786 19059
13786 19901
13786 20292
13786 20517
13786 24033
13796 7562
13969 642
13969 1165
13969 1740
13969 1851
13969 2811
13969 4583
13969 5284
13969 5769
13969 7133
13969 7472
13969 7478
13969 7479
13969 7511
13969 7547
13969 7705
13969 9025
13969 15848
13969 16976
13969 17097
13969 19421
13969 24065
13969 24722
13969 24728
13989 17276
14010 1221
14034 7638
14054 3835
14094 255
14142 2497
14224 2591
14224 24657
14295 1822
14295 4928
14295 15688
14387 2242
14387 2384
14387 3335
14387 7286
14387 7598
14387 8996
14387 11861
14414 13786
14496 19870
14595 3609
14691 15688
14713 5274
14806 1018
14806 1899
14806 7082
14806 7678
14835 255
14835 5519
14888 16018
14920 866
14920 1786
14920 3468
14920 3760
14920 4343
14920 5127
14920 5279
14920 5677
14920 5949
14920 6478
14920 7413
14920 12646
14920 23298
15116 7259
15229 1740
15251 2384
15251 5538
15259 7014
15277 1901
15282 4952
15360 9682
15406 24555
15447 642
15447 18602
15610 21208
15617 7529
15688 3627
15688 5677
15688 7014
15688 7508
15688 7703
15688 13099
15698 7693
15698 24722
15755 5677
15814 7484
15935 1031
15935 1899
15935 6450
15935 7370
16018 2819
16018 4343
16018 4572
16018 6098
16018 7940
16018 13181
16018 17349
16018 19023
16186 7529
16186 16892
16348 4928
16348 7511
16548 8996
16591 3657
16609 7370
16609 7679
16613 642
16613 3162
16613 3562
16775 19059
16843 9239
16843 14232
16843 14835
16859 4183
16859 4208
16859 7656
16880 255
16880 10811
16880 19901
16892 21213
16895 17966
16976 115
16976 7478
16976 13191
16976 20512
16976 23223
16976 24722
17041 6478
17050 19160
17058 1623
17058 2411
17058 3627
17058 8321
17058 17977
17058 18602
17058 19901
17058 23348
17058 23744
17066 7415
17097 8353
17290 4343
17293 7690
17298 255
17299 11698
17299 24393
17333 4086
17338 255
17338 503
17338 7214
17338 7650
17338 23608
17518 6478
17675 2384
17675 7478
17675 18764
17675 20355
17732 2831
17801 7432
17801 24435
17809 13141
17830 24707
17840 5274
17966 1403
17966 3785
17977 255
18034 231
18034 7225
18034 13181
18034 18602
18034 23298
18242 1430
18293 6747
18401 255
18401 7597
18401 13485
18401 24266
18438 11926
18449 680
18449 1430
18449 2036
18449 3293
18449 6589
18449 18602
18449 24252
18574 172
18574 3591
18574 6478
18574 7461
18574 20817
18602 255
18602 503
18602 623
18602 2424
18602 4455
18602 6478
18602 7413
18602 7561
18602 7660
18602 19149
18602 21786
18602 23744
18602 24029
18602 24252
18619 728
18619 2361
18619 5279
18619 6812
18619 7420
18619 7435
18619 7652
18619 7691
18619 11929
18619 18449
18619 21064
18619 24033
18634 5892
18689 642
18689 1692
18689 1951
18689 2091
18689 2388
18689 2872
18689 3428
18689 5296
18689 5892
18689 6047
18689 7244
18689 7326
18689 7417
18689 7463
18689 7486
18689 7592
18689 7593
18689 7620
18689 7640
18689 7687
18689 7711
18689 14806
18689 24033
18764 2591
18764 6489
18764 7695
18764 16583
18764 24693
18855 11835
18917 7538
18919 22513
18940 503
19059 230
19059 2819
19059 4340
19059 14888
19059 19901
19087 503
19087 4928
19087 4952
19087 7577
19087 7684
19105 7704
19149 503
19172 2194
19172 8991
19293 255
19293 6478
19293 6850
19355 44
19355 1692
19355 2194
19355 2197
19355 3055
19355 4343
19355 6591
19355 7442
19355 7639
19355 7704
19355 17675
19355 20038
19379 4679
19379 7577
19379 24435
19426 4173
19426 7287
19426 11700
19426 19698
19426 22807
19426 22990
19426 23348
19426 24300
19437 17736
19438 115
19438 255
19438 5519
19438 5677
19438 7195
19438 7258
19438 7370
19438 7466
19438 14806
19438 24033
19441 255
19441 17675
19445 3468
19445 10811
19454 1018
19454 6450
19454 6478
19454 13383
19454 17306
19498 21786
19554 255
19554 2936
19683 2384
19683 5311
19685 2629
19698 4765
19698 18449
19712 7633
19730 1165
19730 2384
19730 4183
19730 7014
19730 7055
19730 7538
19730 7574
19730 20355
19730 21876
19870 8993
19871 1235
19871 2397
19871 4407
19890 12123
19896 6285
19901 172
19901 2387
19901 2629
19901 2914
19901 3403
19901 3591
19901 4343
19901 4388
19901 6714
19901 6995
19901 7082
19901 7295
19901 7439
19901 7565
19901 7569
19901 7710
19901 9239
19901 11929
19901 16892
19901 19023
19901 21064
19901 22521
19901 23298
19904 642
19915 1312
19915 18709
19938 3988
19938 4583
19938 7606
19938 7682
19938 15688
20058 6124
20355 5516
20355 5601
20355 6002
20355 7509
20355 7560
20355 7618
20355 7664
20355 13141
20355 15698
20512 231
20512 255
20512 4242
20512 5411
20512 6610
20512 7225
20512 7432
20512 7682
20512 8996
20512 9695
20512 11929
20512 14806
20512 21110
20512 24721
20517 2936
20517 6478
20517 7648
20517 19554
20517 24657
20550 19160
20681 18439
20808 5632
20817 503
20817 3561
20817 4920
20817 7284
20817 7326
20817 23298
20871 24133
20883 5296
20883 6103
20883 7523
20883 7526
20884 831
20892 6478
20892 6591
20897 3005
20950 7687
20950 7714
21079 24313
21089 231
21089 3219
21089 5639
21089 14920
21089 22651
21177 503
21177 3609
21177 11929
21177 24555
21208 231
21213 2239
21213 5677
21213 7575
21213 20783
21233 7326
21240 642
21240 1842
21240 7524
21240 7654
21240 24385
21240 24682
21336 13191
21356 2819
21356 7320
21356 20567
21394 9026
21402 503
21584 7577
21699 117
21699 255
21699 642
21699 2936
21699 4160
21699 4343
21699 4765
21699 4829
21699 5409
21699 5435
21699 5677
21699 6971
21699 7082
21699 7368
21699 7413
21699 7430
21699 7432
21699 7504
21699 7673
21699 11929
21699 21954
21699 24435
21739 6002
21786 1133
21786 3219
21786 3468
21786 4237
21786 4407
21786 4491
21786 5677
21786 7575
21786 17675
21786 22882
21823 1140
21823 11157
21872 7671
21878 6621
21878 12135
21878 24409
21881 503
21899 3591
21899 7649
21899 18574
22092 5697
22092 7504
22214 18602
22228 24588
22276 6589
22283 13969
22341 213
22410 8540
22412 503
22412 4567
22412 18449
22412 24707
22513 2215
22513 2636
22513 5311
22513 5854
22513 6524
22513 7259
22513 7576
22513 7633
22513 11861
22521 4920
22592 7697
22598 4920
22598 7494
22598 7599
22598 19059
22708 5435
22708 5660
22708 7577
22708 13181
22708 24393
22882 2815
22882 3968
22882 6478
22882 7523
22882 7629
22882 7711
22882 11422
22983 7688
23130 13141
23348 866
23348 3411
23348 5311
23348 7298
23348 7413
23348 7537
23348 7543
23348 14806
23458 19742
23473 1822
23473 7684
23473 7778
23535 1230
23535 4160
23535 6666
23535 8098
23535 11657
23535 14920
23535 20512
23608 503
23707 7497
23707 23956
23711 24518
23744 6961
23921 18602
23927 642
23927 7478
23927 7704
23933 7434
23933 7535
23935 3921
23966 1623
23996 20021
24033 1133
24033 1951
24033 3130
24033 3652
24033 5274
24033 5692
24033 6124
24033 6478
24033 6722
24033 7664
24033 11929
24033 18602
24033 24252
24108 2384
24108 2748
24108 5854
24133 255
24191 7258
24224 285
24224 3652
24224 3897
24224 5408
24224 7368
24224 7644
24225 7660
24225 18602
24226 6812
24226 7381
24226 7533
24226 7569
24226 7609
24226 7712
24226 9239
24226 18602
24226 20355
24250 4617
24252 255
24252 1105
24252 1235
24252 1851
24252 1901
24252 2091
24252 2194
24252 3219
24252 3627
24252 4242
24252 4343
24252 5274
24252 5677
24252 6478
24252 6508
24252 6666
24252 7014
24252 7258
24252 7370
24252 7411
24252 7413
24252 7427
24252 7463
24252 7575
24252 7656
24252 7664
24252 7673
24252 9239
24252 11779
24252 12135
24252 13141
24252 14920
24252 20355
24252 21699
24275 3792
24276 285
24276 7618
24308 7478
24365 7295
24365 7599
24393 3219
24393 17283
24404 5748
24404 20783
24409 596
24409 7258
24409 7586
24409 18449
24442 11929
24451 7704
24452 6283
24452 7415
24452 7445
24452 14806
24460 3244
24460 3657
24460 7689
24460 24555
24472 7292
24472 7681
24492 1819
24492 5677
24492 12670
24517 6586
24519 503
24519 3130
24519 4920
24526 597
24526 833
24526 4274
24526 7305
24531 7223
24555 1692
24555 7672
24568 255
24568 2361
24568 2648
24568 7298
24568 7531
24568 15361
24579 13191
24588 6961
24591 4567
24591 17736
24657 24682
24676 11657
24682 7283
24682 7509
24682 7654
24682 7665
24682 7679
24707 7617
24707 7874
24710 5311
24710 21922
24722 2467
24722 6714
24722 7665
24722 7678
24722 14034
20 2497
20 7961
20 9113
21 2837
21 7935
21 10090
44 5856
44 6557
44 7809
44 12670
44 24367
54 4186
54 6047
54 7136
54 9025
54 18602
54 18689
90 18169
105 8036
115 20
115 1430
115 5311
115 5544
115 7540
115 7784
115 7809
115 7831
115 7857
115 7929
115 18401
115 19901
125 1110
155 13191
156 1520
156 3172
156 6124
156 8321
156 14034
156 21194
194 6113
215 12789
231 255
231 1110
231 7370
231 7786
231 7825
231 14029
245 14029
252 6226
252 7144
252 7925
252 19181
255 276
255 814
255 1215
255 1716
255 2514
255 2997
255 3172
255 3946
255 4242
255 6346
255 7294
255 7422
255 7427
255 7779
255 7961
255 9239
255 13337
255 14034
255 17675
255 19421
255 24368
255 24588
260 24246
276 1632
280 7563
285 1018
285 2467
285 4343
285 6780
285 16163
287 2036
287 3523
287 6041
287 6322
287 6514
287 6589
287 6780
287 7159
287 7950
287 8034
287 11657
320 1462
320 7920
320 11835
335 24368
348 4556
348 5014
349 1740
349 4208
375 7702
438 155
438 6747
438 13191
438 15450
438 19379
438 23535
465 3588
465 15056
491 17090
503 3101
503 6747
503 7838
503 11725
524 2008
540 929
556 7055
560 847
560 4343
560 8020
572 858
601 1403
601 6832
601 7731
601 7821
601 10811
601 12789
601 16163
601 18602
601 18619
601 22559
610 4121
610 6589
610 22513
622 5572
623 23138
626 6961
633 4343
633 7949
642 728
642 976
642 1001
642 1013
642 1221
642 1377
642 1403
642 1851
642 2036
642 2084
642 2134
642 3162
642 3729
642 3874
642 3951
642 3993
642 4234
642 4255
642 4685
642 4769
642 5105
642 5120
642 5158
642 5362
642 5377
642 5400
642 5448
642 5694
642 6478
642 6770
642 6832
642 6836
642 7037
642 7294
642 7318
642 7616
642 7716
642 7722
642 7723
642 7724
642 7725
642 7730
642 7749
642 7783
642 7790
642 7793
642 7809
642 7821
642 7823
642 7837
642 7855
642 7869
642 7871
642 7875
642 7878
642 7879
642 7906
642 7925
642 7933
642 7948
642 7950
642 7976
642 8015
642 8045
642 9325
642 10121
642 11698
642 13003
642 13027
642 13131
642 14224
642 14920
642 16087
642 16781
642 17068
642 18619
642 19087
642 19683
642 21786
642 21919
642 22075
642 22188
642 22225
642 23138
642 23348
642 24226
642 24252
642 24545
684 23711
701 3714
701 7037
701 7864
701 8010
701 22882
726 1951
726 4113
726 6836
726 7171
726 7869
726 19498
726 22381
726 22513
728 5311
737 3192
763 2831
776 23138
804 583
804 1430
804 2361
804 6514
804 14029
814 3172
814 4021
814 6095
830 115
830 2512
830 3523
830 6353
830 6485
830 7818
830 15493
830 16018
830 16601
830 19059
830 21336
833 5331
847 7759
858 11657
866 7759
876 3778
876 5115
876 8019
876 9057
876 19059
895 1234
895 7956
906 3820
906 6770
906 18602
906 21079
909 9025
929 5178
929 7922
929 12874
929 20817
934 24483
947 503
947 6074
947 16892
976 7815
976 8040
979 6811
988 21768
1001 2497
1001 7798
1001 22341
1013 3777
1013 5946
1013 7793
1013 7871
1013 7911
1013 7958
1013 7980
1013 7997
1013 14029
1013 16163
1018 6201
1018 22506
1050 11522
1063 14387
1063 20999
1092 2837
1092 7681
1105 2794
1105 3777
1105 4837
1105 5625
1105 7720
1105 7748
1105 7781
1105 7838
1105 7935
1105 8043
1105 9002
1105 9239
1105 14386
1105 24126
1109 6747
1109 9239
1110 1264
1110 2794
1110 5899
1116 7918
1116 7948
1133 1221
1133 1384
1133 6832
1133 20907
1137 7
1137 40
1137 1221
1137 1547
1137 1658
1137 6041
1137 6232
1137 6514
1137 7849
1137 7857
1137 11725
1137 13786
1137 23711
1139 13969
1141 285
1141 3523
1158 6569
1173 255
1215 4920
1215 18602
1220 13518
1221 285
1221 2384
1221 6027
1221 6638
1221 24381
1233 2307
1235 20108
1244 6478
1244 7961
1264 11657
1264 15688
1280 11889
1312 6205
1312 6487
1312 10811
1312 24226
1346 8996
1346 16018
1368 1951
1384 7680
1384 15024
1384 20242
1384 20892
1384 24152
1396 4769
1403 7775
1403 7920
1403 9239
1407 11669
1407 22990
1422 7159
1422 19901
1430 929
1430 4141
1430 5115
1430 5447
1430 5694
1430 6104
1430 6124
1430 6755
1430 7781
1430 7827
1430 7898
1430 7922
1430 7989
1430 8005
1430 8321
1430 9057
1430 12658
1430 24498
1430 24657
1459 2307
1459 14920
1503 3523
1503 5311
1503 6589
1520 7863
1538 619
1538 7294
1538 7621
1538 7636
1538 7887
1538 7899
1547 213
1547 5152
1551 6917
1581 5178
1581 6104
1632 1951
1632 2036
1632 3143
1632 5694
1632 7478
1632 8005
1632 8008
1632 11881
1632 20512
1658 2794
1658 7857
1658 7956
1658 8007
1658 11779
1658 16047
1667 503
1667 6027
1692 2166
1692 2911
1692 3388
1692 7529
1692 7744
1692 7796
1716 6346
1716 17675
1740 1110
1740 1307
1740 1473
1740 3843
1740 6039
1740 6201
1740 6232
1740 6557
1740 7656
1740 7744
1740 7794
1740 7800
1740 7831
1740 7870
1740 7921
1740 7935
1740 7946
1740 11669
1740 13383
1740 13518
1740 14224
1740 14595
1740 15056
1740 16591
1740 19059
1740 20285
1740 24313
1740 24367
1741 1904
1741 9113
1763 3562
1780 642
1780 1001
1780 7793
1846 503
1846 1001
1846 1377
1846 5409
1846 6027
1846 7976
1846 11698
1846 14224
1846 14835
1846 15056
1846 17675
1846 18169
1846 20907
1861 3778
1887 19901
1899 255
1899 285
1899 1384
1899 2413
1899 2491
1899 4343
1899 4638
1899 6201
1899 6610
1899 6869
1899 17290
1899 17830
1899 19803
1899 20674
1899 22410
1913 728
1921 4556
1921 24033
1934 11756
1934 19138
1949 6201
1951 287
1951 976
1951 4837
1951 5014
1951 5311
1951 5489
1951 6047
1951 6836
1951 7159
1951 7294
1951 7318
1951 7444
1951 7635
1951 7655
1951 7723
1951 7731
1951 7749
1951 7773
1951 7834
1951 7903
1951 7920
1951 7931
1951 7952
1951 7990
1951 8001
1951 8003
1951 8020
1951 22238
1951 24226
1952 633
1952 7904
1971 3591
1971 4920
1971 5746
1971 21899
1998 14386
2008 19059
2014 3736
2053 6201
2053 7738
2134 1001
2134 2486
2134 2911
2134 2924
2134 3738
2134 4234
2134 5311
2134 5377
2134 7478
2134 7724
2134 7759
2134 7764
2134 7765
2134 7905
2134 8038
2134 11698
2134 20517
2134 22882
2148 1221
2148 5311
2158 7759
2194 1001
2194 1523
2194 1716
2194 2742
2194 5539
2194 6027
2194 6346
2194 7037
2194 7055
2194 7198
2194 7720
2194 7724
2194 7755
2194 7784
2194 7796
2194 7815
2194 7844
2194 7950
2194 7959
2194 8939
2194 9239
2194 15450
2194 16601
2194 20512
2194 20892
2194 24568
2197 54
2197 1221
2197 3049
2197 6121
2197 6354
2197 7427
2197 7797
2197 7917
2197 7976
2197 8017
2197 12012
2197 15056
2197 19437
2197 20355
2197 23223
2197 23320
2239 495
2239 7583
2239 24722
2304 7954
2304 14224
2304 19298
2307 6589
2307 7879
2307 7912
2307 7969
2307 18602
2343 7400
2349 2811
2349 3523
2349 7744
2349 18401
2349 23711
2352 20280
2361 503
2361 2617
2361 3736
2361 5023
2361 6961
2361 7295
2361 7338
2361 7529
2361 14835
2361 19683
2361 24518
2384 3762
2384 7478
2384 7913
2384 11522
2384 13191
2387 642
2387 1215
2387 4154
2387 6652
2387 7427
2387 7751
2387 7786
2387 7961
2387 7967
2387 8013
2387 14920
2387 16163
2392 2687
2392 7902
2392 7936
2392 12012
2392 19437
2392 24451
2411 6104
2411 7742
2411 7759
2411 18619
2413 1708
2413 4683
2413 7833
2413 13969
2413 22708
2416 3055
2416 5311
2486 7478
2487 642
2487 1520
2487 3172
2487 6232
2487 6489
2487 7338
2487 7855
2487 7950
2487 14034
2487 19437
2487 22513
2487 23223
2491 2997
2491 5504
2497 503
2497 2384
2497 3049
2497 3736
2497 5152
2497 5377
2497 5409
2497 6027
2497 7961
2497 8001
2497 9553
2497 11522
2497 14224
2497 14806
2497 18602
2497 21919
2497 22225
2497 24442
2499 7682
2508 3415
2549 9842
2583 7909
2583 24379
2592 642
2592 1951
2592 5105
2592 6836
2592 7616
2592 7737
2592 7780
2592 7815
2592 7830
2592 7860
2592 7982
2592 7995
2592 8996
2592 11149
2592 15447
2592 17843
2592 22075
2622 934
2622 1375
2622 7874
2628 6747
2629 4920
2629 5178
2629 8019
2633 3192
2633 7848
2655 8321
2700 18602
2700 20280
2701 9842
2713 5856
2720 7759
2748 4343
2748 8984
2748 15056
2787 24707
2794 4242
2794 12962
2811 7478
2819 6232
2831 5448
2837 935
2837 4113
2837 6736
2837 22882
2854 16608
2872 54
2872 4186
2872 7636
2872 7760
2906 22412
2924 9025
2931 7860
2961 642
2961 4242
2961 6226
2961 24169
2984 6917
2997 285
2997 701
2997 1039
2997 5504
2997 6589
2997 7731
2997 7780
2997 7918
2997 8001
2997 10910
2997 11779
2997 11817
2997 14029
2997 17794
2998 7720
2998 11313
3049 3736
3049 6027
3049 18917
3055 1001
3101 7759
3111 13969
3113 6478
3113 7401
3113 18602
3143 4578
3143 5600
3172 2036
3172 2194
3172 3452
3172 3946
3172 4459
3172 5115
3172 5178
3172 5311
3172 5519
3172 6027
3172 6780
3172 7197
3172 7751
3172 7838
3172 7844
3172 7857
3172 7934
3172 7961
3172 9057
3172 9177
3172 11569
3172 13969
3172 14034
3172 14501
3172 18169
3172 19437
3172 20878
3172 23223
3172 24381
3192 215
3203 6780
3218 6832
3225 6772
3227 4154
3231 7748
3233 7422
3256 12870
3275 6283
3302 5645
3330 2194
3330 8939
3330 13191
3405 5539
3415 19105
3425 13184
3437 5409
3437 11899
3439 7826
3439 7961
3483 22882
3506 5435
3506 6761
3506 7625
3515 4343
3515 9113
3555 6917
3561 12789
3570 1001
3579 24252
3588 11599
3591 929
3591 1430
3591 5394
3591 7082
3591 7731
3591 7741
3591 7748
3591 7827
3591 9549
3591 17675
3591 24657
3620 12588
3657 7493
3657 7961
3657 21240
3729 4854
3733 4769
3736 9713
3736 19730
3756 3729
3756 4242
3756 6124
3757 7294
3757 22381
3760 4113
3760 7636
3777 866
3777 1951
3777 7171
3777 7920
3777 7948
3777 21079
3777 21233
3777 22238
3777 24252
3777 24409
3782 4343
3782 8102
3824 2491
3824 5489
3824 17262
3843 287
3843 503
3843 1264
3843 1422
3843 1613
3843 1676
3843 1763
3843 4399
3843 5311
3843 5600
3843 5856
3843 6201
3843 6232
3843 6514
3843 6557
3843 6917
3843 7656
3843 7794
3843 7870
3843 7929
3843 7935
3843 7946
3843 8993
3843 9325
3843 11657
3843 17794
3843 17843
3843 20285
3843 24313
3843 24657
3843 24722
3874 4735
3874 7422
3874 13337
3946 156
3946 209
3946 642
3946 1547
3946 2549
3946 4154
3946 4242
3946 7427
3946 7715
3946 14034
3946 19866
3946 24265
3946 24381
3957 7778
3986 7504
3986 24033
3986 24518
4021 8995
4066 7540
4086 726
4113 10308
4121 2947
4121 6104
4121 6322
4121 6740
4121 7295
4121 7904
4121 21079
4125 7755
4127 619
4154 5544
4154 7818
4154 17935
4158 976
4158 7815
4158 8008
4158 24313
4186 2961
4186 5539
4186 6332
4186 7979
4186 20907
4196 4459
4196 6496
4237 40
4242 44
4242 285
4242 728
4242 979
4242 1013
4242 1137
4242 1221
4242 2166
4242 2361
4242 2387
4242 2742
4242 3101
4242 3262
4242 3384
4242 3610
4242 3835
4242 4308
4242 4399
4242 4567
4242 4735
4242 5014
4242 5692
4242 5899
4242 6232
4242 6497
4242 6557
4242 6917
4242 7014
4242 7427
4242 7656
4242 7715
4242 7759
4242 7793
4242 7796
4242 7797
4242 7825
4242 7878
4242 7898
4242 7902
4242 7912
4242 7959
4242 7980
4242 7989
4242 7998
4242 8033
4242 8039
4242 9239
4242 11725
4242 12670
4242 13184
4242 13196
4242 13684
4242 19866
4242 21079
4242 21233
4242 22075
4242 22188
4242 23226
4242 23927
4242 24169
4242 24313
4242 24568
4255 4343
4255 5105
4255 6589
4255 7865
4255 9842
4255 18602
4255 20907
4274 13786
4324 11698
4331 7761
4331 22210
4340 6354
4340 9239
4340 11313
4340 12977
4340 13969
4343 5409
4343 5769
4343 7171
4343 7529
4343 7759
4343 7801
4343 7815
4343 9177
4343 9553
4343 12415
4343 22276
4343 23226
4356 22256
4406 7055
4406 7770
4440 3777
4440 4343
4440 5014
4440 5261
4440 5393
4440 7554
4440 7775
4440 7926
4440 7933
4440 7938
4440 7949
4440 22238
4459 255
4462 1221
4482 7936
4556 21899
4567 22506
4577 3736
4598 5324
4664 5447
4666 13684
4681 24707
4683 7778
4685 3729
4685 7238
4685 7422
4685 7887
4685 24169
4712 4255
4712 18602
4719 572
4719 858
4735 6747
4735 7025
4735 7427
4737 320
4737 7996
4769 9025
4805 2384
4829 6478
4903 7759
4920 642
4920 729
4920 2947
4920 3192
4920 4255
4920 5394
4920 5447
4920 6435
4920 7741
4920 7827
4920 7934
4920 7943
4920 7985
4920 8019
4920 9239
4920 18602
4920 21899
4926 4113
4926 10308
4952 1368
4952 6638
4952 7724
4960 6589
4967 726
5014 9232
5079 13337
5084 4331
5084 7761
5107 11579
5115 19554
5125 3951
5125 6971
5125 11779
5127 1523
5147 6832
5147 7823
5147 7941
5152 1221
5152 2361
5152 2655
5152 3523
5152 7926
5152 11698
5152 22513
5178 1430
5178 1971
5178 3777
5178 4735
5178 4920
5178 5311
5178 6104
5178 7370
5178 8277
5178 12789
5178 18169
5178 22598
5178 24657
5189 7752
5189 17568
5192 8321
5203 13969
5204 3820
5261 503
5261 4343
5261 6589
5261 7748
5261 7899
5284 6487
5310 19901
5311 1221
5311 2924
5311 7144
5311 7159
5311 7734
5311 7815
5311 11835
5311 12123
5311 13027
5311 15024
5311 15056
5338 5946
5345 9025
5345 11861
5345 17977
5345 22513
5377 13518
5386 6569
5409 1658
5409 3523
5409 4021
5409 6489
5409 7716
5409 7815
5409 21919
5409 22513
5411 4160
5411 6124
5411 13786
5411 20058
5430 2831
5430 9275
5430 18602
5447 21899
5448 6780
5504 8984
5504 19650
5519 115
5519 1658
5519 3736
5519 3777
5519 3782
5519 4343
5519 6120
5519 6283
5519 6780
5519 7037
5519 7357
5519 7720
5519 7844
5519 7867
5519 9177
5519 15056
5519 24545
5531 18602
5534 4
5534 4331
5534 17840
5544 44
5544 7809
5544 11657
5544 24367
5583 7680
5583 13786
5604 6964
5604 7970
5622 18602
5625 7982
5625 8039
5625 16601
5639 935
5639 6047
5639 6638
5639 6666
5639 6747
5639 8031
5639 14920
5677 7680
5753 1001
5753 6027
5753 7811
5753 19866
5769 21699
5795 7671
5795 13323
5795 23707
5801 1001
5801 1109
5801 7773
5801 9177
5801 17053
5801 20108
5801 22238
5829 285
5855 2961
5865 7815
5865 21786
5892 7636
5946 194
5946 1846
5946 2487
5946 3049
5946 5519
5946 5539
5946 6811
5946 7037
5946 7725
5946 7759
5946 7793
5946 7811
5946 7844
5946 7855
5946 7876
5946 7976
5946 19683
5946 21919
5946 23223
5946 24693
6047 20
6047 6638
6047 6765
6047 6770
6047 7238
6047 7732
6047 7821
6047 7829
6047 7897
6047 7920
6047 22882
6054 3934
6095 9365
6098 5178
6098 12242
6104 255
6104 21899
6113 1221
6113 5311
6113 5993
6113 12123
6121 12012
6124 2652
6124 3192
6124 5692
6124 7371
6124 7765
6124 7916
6124 7920
6124 8026
6124 9025
6124 19901
6124 23348
6125 5120
6125 24265
6176 20355
6210 2194
6210 3162
6210 9177
6232 830
6232 13684
6232 18169
6247 3777
6247 7787
6247 21079
6264 3523
6264 11835
6278 7996
6285 8321
6318 7818
6322 701
6328 7554
6346 9239
6354 1613
6354 2794
6354 4242
6354 5107
6354 6201
6354 7797
6354 7838
6354 7870
6354 7946
6354 9239
6354 11313
6354 13969
6442 17568
6478 1708
6478 6487
6478 7750
6478 15447
6478 17053
6483 5311
6487 10811
6496 4459
6497 935
6497 6836
6497 7753
6497 7928
6497 7929
6557 4158
6557 4208
6557 6201
6557 7037
6557 7239
6557 7815
6557 7958
6557 7963
6557 7972
6557 13518
6557 17843
6569 18619
6589 1520
6589 3162
6589 5178
6589 6124
6589 6647
6589 7780
6589 7836
6589 7908
6589 8030
6589 8864
6589 9842
6589 17090
6606 8102
6653 6780
6660 642
6660 2497
6660 7961
6662 22513
6666 1846
6666 5310
6666 7753
6666 7823
6666 7998
6666 8031
6666 17675
6666 19087
6666 19901
6666 22882
6687 24518
6714 3439
6736 1951
6747 6247
6747 6497
6747 7990
6747 7999
6747 18619
6761 7992
6761 8005
6780 255
6780 320
6780 619
6780 737
6780 847
6780 1846
6780 4396
6780 4482
6780 6961
6780 7648
6780 7774
6780 7908
6780 7961
6780 9025
6780 9057
6780 9842
6780 11835
6780 12012
6780 13379
6780 18169
6780 19498
6794 285
6811 255
6811 1547
6811 1658
6811 4242
6811 7656
6811 7794
6811 7849
6811 7855
6811 7857
6811 7929
6811 14927
6869 19328
6874 7948
6917 5031
6931 22882
6944 4735
6953 23138
6961 502
6961 1913
6961 7556
6961 18602
6964 2491
6975 8102
6975 13379
7026 2938
7045 1137
7045 7826
7050 1658
7055 4343
7055 7499
7055 13786
7055 23138
7144 4952
7188 1585
7188 7625
7188 7747
7188 20812
7197 2947
7197 13066
7197 18169
7211 2811
7211 8002
7211 13969
7239 1462
7239 1473
7239 7959
7239 8033
7262 3228
7283 8005
7294 9177
7352 7798
7370 18088
7371 23348
7401 255
7410 285
7410 1110
7410 5899
7410 7763
7421 22381
7422 54
7422 3729
7422 3860
7422 4735
7422 6124
7422 7294
7422 7421
7422 7810
7422 7823
7422 7881
7422 7898
7422 22381
7427 24579
7442 115
7442 209
7442 4343
7452 5856
7470 4113
7470 6226
7470 7625
7470 7779
7470 10308
7470 17568
7478 12977
7478 19554
7493 7961
7514 9177
7529 9025
7540 7751
7558 7752
7575 17966
7583 12789
7596 255
7598 10811
7601 7950
7616 15935
7625 7759
7625 18619
7630 7478
7630 7684
7630 7978
7630 20512
7648 1632
7648 2549
7648 6478
7648 21899
7656 597
7656 7794
7656 7799
7656 8993
7656 9113
7656 13518
7656 14927
7656 18169
7656 19469
7664 24169
7666 7728
7680 3225
7680 4343
7680 6772
7680 7744
7680 7779
7680 8939
7680 11881
7680 17066
7681 3384
7681 3523
7681 5120
7681 5428
7681 7799
7681 7872
7695 11779
7720 11313
7720 16047
7720 21177
7727 7744
7731 24226
7733 7728
7735 18784
7737 18602
7739 7730
7741 22598
7745 14500
7745 18602
7751 19901
7753 19087
7759 371
7759 495
7759 503
7759 701
7759 791
7759 1039
7759 1314
7759 2992
7759 3523
7759 3777
7759 3975
7759 5120
7759 5880
7759 5883
7759 6027
7759 6124
7759 6390
7759 7028
7759 7352
7759 7357
7759 7540
7759 7821
7759 7826
7759 7990
7759 8034
7759 9113
7759 9239
7759 10308
7759 11698
7759 11894
7759 12123
7759 14386
7759 15181
7759 16588
7759 16843
7759 17066
7759 17306
7759 18034
7759 18169
7759 18619
7759 19498
7759 21233
7759 21746
7759 22188
7759 22651
7759 22990
7759 23511
7759 24246
7759 24303
7759 24707
7759 24730
7761 24393
7763 17840
7764 8102
7764 18689
7765 3523
7765 18169
7767 6478
7767 6589
7768 11657
7770 2491
7770 9057
7770 12789
7770 16018
7772 22075
7774 9177
7774 13370
7778 6226
7778 14920
7778 19087
7778 22603
7779 20512
7781 255
7788 7742
7789 2361
7791 7773
7796 14595
7798 6027
7799 12774
7805 6937
7806 9177
7809 11779
7809 22276
7810 24252
7812 22238
7814 9177
7814 24226
7815 714
7815 1951
7815 2022
7815 7882
7815 7950
7815 8921
7815 13027
7815 18619
7815 19087
7816 18169
7818 24492
7819 9005
7820 19498
7823 22092
7823 24224
7823 24226
7829 22882
7831 19938
7839 3777
7841 6806
7842 22882
7849 15698
7853 5051
7857 13786
7859 16892
7861 9619
7863 3946
7863 6007
7868 18619
7869 9025
7872 18619
7874 1462
7874 15617
7874 20799
7879 9177
7883 9002
7884 7882
7885 7882
7886 8102
7889 9695
7891 269
7893 6780
7894 4242
7894 7929
7894 12670
7896 4343
7898 9177
7898 11700
7900 20512
7906 18602
7909 15116
7914 1221
7922 17157
7927 22135
7930 22214
7933 18602
7941 6832
7942 9177
7944 13726
7945 6780
7951 7682
7952 7920
7954 11835
7956 21954
7963 6124
7963 7961
7968 2831
7969 11779
7971 13066
7973 2467
7973 3083
7974 18088
7975 7400
7976 18919
7979 23917
7988 8000
7990 20
7990 2491
7990 5120
7990 15814
7998 24252
8000 23348
8005 3192
8005 4196
8005 7979
8022 16186
8024 2491
8027 14232
8028 24518
8029 17330
8034 19901
8035 13379
8043 6027
8102 6124
8102 6747
8102 7028
8102 20892
8127 7616
8305 7681
8305 22513
8321 1581
8321 2194
8921 255
8921 4578
8921 8037
8939 16018
8975 2134
8984 7763
8984 13969
8984 14295
8993 3620
8995 2384
8995 6489
8995 7912
8995 11313
8995 11881
8995 14806
9002 15447
9002 24252
9005 4242
9005 4928
9005 11657
9011 1899
9011 7656
9011 22990
9016 8995
9025 40
9025 502
9025 810
9025 976
9025 1215
9025 1221
9025 2134
9025 2794
9025 2947
9025 3162
9025 5105
9025 5115
9025 5623
9025 6027
9025 6747
9025 7055
9025 7198
9025 7295
9025 7478
9025 7724
9025 7755
9025 7759
9025 7770
9025 7775
9025 7793
9025 7815
9025 7878
9025 7936
9025 7982
9025 8939
9025 9057
9025 9239
9025 13003
9025 15056
9025 17262
9025 18602
9025 21919
9025 24313
9027 1109
9030 847
9030 14224
9030 18602
9057 545
9057 1105
9057 1375
9057 1581
9057 1922
9057 2384
9057 2831
9057 3101
9057 3113
9057 4121
9057 6232
9057 7609
9057 7871
9057 7961
9057 8034
9057 9392
9057 10844
9057 12394
9057 13379
9057 16018
9057 18169
9057 19023
9057 22089
9057 24393
9177 1001
9177 1403
9177 1846
9177 1913
9177 1951
9177 2633
9177 2961
9177 3113
9177 3523
9177 4920
9177 5428
9177 6124
9177 6770
9177 7037
9177 7371
9177 7529
9177 7731
9177 7757
9177 7775
9177 7776
9177 7777
9177 7834
9177 7848
9177 7873
9177 7881
9177 7903
9177 7908
9177 7933
9177 7936
9177 7939
9177 7958
9177 8026
9177 10121
9177 13370
9177 14267
9177 17809
9177 18602
9177 18619
9177 21233
9177 23348
9177 24568
9177 24670
9239 1899
9239 2387
9239 2549
9239 2592
9239 2947
9239 3415
9239 4737
9239 6569
9239 6836
9239 7715
9239 7995
9239 8068
9239 11657
9239 12977
9239 13518
9239 15450
9239 19871
9325 4123
9325 18955
9365 13066
9549 7326
9553 13184
9553 20512
9555 20280
9611 1951
9724 7961
9842 14806
9969 11725
10121 7855
10121 11698
10121 14224
10168 3736
10168 8036
10168 13191
10227 7586
10648 20108
10811 2622
10811 7625
10811 7907
10811 7950
10811 7982
10811 9239
10811 19087
10811 19498
10811 23934
10910 11076
11062 8017
11076 285
11076 1899
11076 3610
11076 7370
11076 8033
11130 1740
11149 3523
11149 7926
11149 16163
11157 4920
11157 7294
11157 9177
11157 24252
11313 6961
11313 7055
11313 19328
11412 3591
11460 17013
11460 17180
11488 1716
11488 7956
11488 7991
11488 21954
11503 858
11503 7946
11577 4343
11579 9239
11657 1899
11657 7720
11657 7915
11657 24167
11657 24367
11684 5393
11684 7253
11698 1904
11698 7739
11698 15024
11698 22341
11700 4343
11700 7651
11700 8102
11700 9553
11700 12090
11715 7755
11725 1312
11729 21899
11779 287
11779 642
11779 1523
11779 1934
11779 2036
11779 2307
11779 2617
11779 2622
11779 2633
11779 2831
11779 3162
11779 3172
11779 3192
11779 3523
11779 3874
11779 4343
11779 5270
11779 5448
11779 5604
11779 5893
11779 6478
11779 7514
11779 7748
11779 7777
11779 7848
11779 7865
11779 7883
11779 7912
11779 7926
11779 7936
11779 7938
11779 9025
11779 10121
11779 12090
11779 17742
11779 22276
11779 24568
11779 24670
11796 17809
11861 830
11861 833
11861 1221
11861 1346
11861 8996
11861 16018
11872 12874
11881 3736
11899 40
11899 5409
11967 7338
12012 20355
12090 14920
12123 7864
12123 18619
12123 22882
12135 502
12135 1899
12135 2413
12135 2622
12135 4343
12135 4967
12135 6569
12135 6589
12135 7171
12135 7772
12135 7809
12135 7815
12135 7865
12135 7869
12135 7882
12135 7926
12135 7936
12135 8321
12135 19138
12135 22238
12198 1763
12198 7656
12198 8993
12198 13684
12209 22513
12415 5331
12658 2633
12658 5769
12658 7793
12658 11889
12670 6806
12670 7841
12670 8037
12670 8039
12774 7784
12789 830
12789 6232
12789 9057
12789 16018
12789 18169
12789 19685
12870 6662
12870 7055
12870 7478
12870 11522
12874 24657
12878 6063
12894 7338
12894 7857
12900 255
12900 7680
12977 2384
12977 13969
12977 20108
13003 7478
13003 7837
13003 17675
13027 2416
13027 4343
13027 7732
13027 23226
13065 7540
13066 3172
13066 7478
13066 9025
13066 21079
13112 10057
13112 17157
13131 1276
13131 14224
13155 2416
13181 1613
13181 5600
13184 23711
13191 1221
13196 7818
13196 8008
13196 12670
13270 17180
13270 23535
13343 13191
13370 7908
13379 7751
13383 7794
13383 18602
13466 3820
13518 14595
13662 4920
13684 503
13684 2134
13684 6201
13684 7794
13684 23927
13786 2008
13786 2014
13786 5394
13786 7338
13786 7750
13786 7776
13786 7811
13786 7860
13786 7934
13786 7974
13786 8939
13786 9057
13786 10121
13786 11881
13786 13066
13786 17013
13786 17157
13786 19454
13786 20817
13786 22210
13786 24169
13934 18169
13969 814
13969 1215
13969 4735
13969 4928
13969 5115
13969 5414
13969 5600
13969 6041
13969 7014
13969 7427
13969 7797
13969 7917
13969 7991
13969 8002
13969 8993
13969 9239
13969 10121
13969 19554
14029 7370
14029 11579
14029 12834
14029 15145
14189 7338
14211 21919
14224 1581
14224 1899
14224 2794
14224 4343
14224 5362
14224 6569
14224 7690
14224 7854
14224 8939
14224 11313
14224 17843
14224 21888
14232 4141
14232 7783
14232 21746
14295 7014
14355 7804
14355 8037
14387 1001
14387 6074
14387 8102
14387 15450
14387 18619
14401 3523
14496 2997
14592 7815
14595 814
14595 6497
14595 7742
14595 8014
14595 8039
14595 21177
14595 24313
14595 24367
14738 1097
14805 503
14805 5539
14805 6832
14920 619
14920 5120
14920 5428
14920 5694
14920 6569
14920 7950
14920 16163
14920 23511
15056 5409
15057 3424
15057 7371
15057 7757
15057 24409
15117 7752
15161 3946
15277 8014
15447 285
15447 6569
15447 20907
15447 21233
15450 560
15450 1396
15450 7037
15450 7837
15450 15056
15450 18401
15450 18602
15450 24381
15472 7037
15617 1133
15617 1221
15617 1384
15617 13027
15645 9113
15688 3384
15688 4208
15688 7744
15688 7915
15688 7963
15698 14375
15698 18472
15698 23320
15814 4343
15814 6885
15814 21699
15888 21878
15935 1235
15989 8993
16018 3330
16018 7295
16018 8277
16018 19059
16047 23711
16087 1708
16087 16163
16163 2947
16163 7911
16163 7950
16163 9842
16163 24478
16186 642
16186 3469
16186 8026
16186 18602
16186 23841
16282 13431
16336 5694
16581 23934
16581 24265
16591 1001
16591 1899
16591 7915
16591 8008
16591 9239
16591 11657
16591 20674
16591 24657
16601 20512
16613 1613
16613 7742
16781 6780
16856 4242
16859 1658
16859 1740
16895 3946
16976 276
16976 13184
17013 5539
17041 8008
17095 5745
17157 929
17157 12789
17180 20021
17283 18917
17291 11669
17293 3610
17293 7763
17293 8033
17299 1110
17299 7929
17338 642
17338 1971
17338 7896
17338 12135
17338 12658
17675 209
17675 814
17675 3523
17675 6489
17675 6638
17675 7759
17675 7830
17675 7950
17675 8995
17675 11894
17675 12977
17675 13191
17675 18855
17675 21954
17675 22238
17695 4920
17695 5641
17695 19894
17706 8016
17840 7756
17966 4952
17977 3523
18034 6322
18034 7873
18169 0
18169 726
18169 1422
18169 1708
18169 2008
18169 3782
18169 7171
18169 7871
18169 8005
18169 13379
18169 15814
18169 19328
18169 19901
18169 21336
18169 22256
18293 7432
18401 1846
18401 6124
18401 7929
18401 7996
18428 9177
18449 4343
18472 11698
18574 642
18574 4920
18574 13065
18574 19901
18574 24252
18602 810
18602 2617
18602 2831
18602 5261
18602 16087
18602 17742
18602 21888
18619 1850
18619 2622
18619 7504
18619 7869
18619 7908
18619 7938
18619 7962
18689 194
18689 2134
18689 2361
18689 2670
18689 4186
18689 5132
18689 5311
18689 5428
18689 6113
18689 6124
18689 7821
18689 7822
18689 7842
18689 7897
18689 7992
18689 8038
18689 15989
18689 20108
18689 20892
18698 23348
18764 285
18764 7867
18917 1846
18917 7529
18917 9177
18917 14267
18917 14835
18940 642
18940 8984
19059 4343
19059 6232
19059 7744
19059 11569
19087 155
19087 619
19087 3617
19087 5311
19087 18602
19105 4160
19105 15024
19293 1384
19328 2384
19355 2134
19355 5519
19355 6417
19355 6666
19355 7759
19379 3172
19421 2497
19426 1396
19426 2194
19426 2491
19426 7533
19426 18169
19426 23171
19446 1220
19454 1422
19454 2742
19454 3515
19454 7405
19454 7478
19454 22882
19498 22381
19498 23348
19554 7815
19554 7899
19554 24722
19683 11967
19685 4960
19730 7427
19730 22513
19802 9177
19870 7821
19870 7871
19870 17794
19870 22882
19871 285
19871 6478
19871 9025
19901 255
19901 285
19901 642
19901 1430
19901 1581
19901 2487
19901 2947
19901 6104
19901 6435
19901 6569
19901 7338
19901 7625
19901 7759
19901 7809
19901 7827
19901 7871
19901 7899
19901 7904
19901 7906
19901 7929
19901 7934
19901 20817
19901 21954
19901 23318
19901 24657
19938 4242
19938 7804
19938 8008
19938 19038
20058 15989
20242 642
20280 24252
20355 4683
20355 6121
20355 7878
20355 19437
20355 23223
20355 23348
20387 255
20387 2742
20387 3218
20387 7771
20429 7478
20512 2924
20512 7730
20512 7796
20512 7870
20517 6354
20517 6811
20517 7037
20517 13066
20517 13181
20517 21786
20517 21954
20817 4076
20883 7897
20884 7777
20892 7197
20892 13066
20897 7055
20907 22513
21079 1158
21079 1403
21079 7819
21082 16513
21089 5051
21089 7759
21089 21233
21177 13608
21213 2134
21213 5377
21213 6417
21233 4769
21240 7742
21356 1462
21356 3777
21356 4343
21356 6174
21356 7922
21356 8277
21356 11889
21356 20799
21584 4683
21699 287
21699 1982
21699 2036
21699 2084
21699 2134
21699 3506
21699 3782
21699 4113
21699 5178
21699 5623
21699 6736
21699 6747
21699 7540
21699 7625
21699 7684
21699 7728
21699 7738
21699 7823
21699 7833
21699 7834
21699 7838
21699 7871
21699 7893
21699 7934
21699 7952
21699 7961
21699 7978
21699 7997
21699 7998
21699 8040
21699 8102
21699 8993
21699 9057
21699 12123
21699 15450
21699 17262
21699 18169
21699 19087
21699 20038
21699 20512
21699 22513
21699 23535
21699 24265
21699 24393
21768 15406
21786 7529
21786 19901
21800 1899
21800 9325
21800 11503
21823 11149
21878 7775
21878 7903
21878 8012
21878 20907
21881 4343
21888 3523
21899 7787
21899 7904
21899 20817
21926 4242
21954 1716
21954 2134
21954 2514
21954 4343
21954 6850
21954 7815
21954 7857
21954 7926
21954 7960
21954 11149
21954 11835
21954 16047
21954 20512
22134 22210
22209 7783
22222 21240
22276 1913
22276 3162
22276 5448
22276 6961
22276 21233
22276 22238
22276 23348
22315 7695
22315 7963
22328 11657
22341 2497
22341 3736
22341 5152
22341 7941
22341 8036
22341 22513
22385 22513
22412 21786
22454 2819
22454 7730
22513 1001
22513 1092
22513 1221
22513 2361
22513 3762
22513 6124
22513 7784
22513 7901
22513 7913
22513 7929
22513 7941
22513 7976
22513 10168
22521 2349
22521 7295
22521 22315
22598 3101
22598 4076
22598 7827
22598 8019
22598 12789
22598 20817
22603 7925
22673 7926
22882 2961
22882 3506
22882 4186
22882 4837
22882 5539
22882 6589
22882 6611
22882 6638
22882 7721
22882 7950
22882 11706
23130 1520
23130 5311
23130 7025
23348 285
23348 701
23348 726
23348 2416
23348 3439
23348 4196
23348 5158
23348 5270
23348 5428
23348 5694
23348 6110
23348 6755
23348 7504
23348 7714
23348 7723
23348 7724
23348 7823
23348 7961
23348 7988
23348 7997
23348 11488
23348 18602
23348 22238
23348 24288
23535 19454
23707 597
23707 3820
23707 6780
23711 11756
23787 7055
23927 255
23927 3523
23927 4567
23927 6201
23927 24555
23933 6589
23933 7854
23933 7983
23933 8020
23933 8026
23946 1899
23946 7819
23946 7908
23946 7915
24029 7879
24033 2442
24033 8012
24033 22209
24126 11835
24133 560
24133 3820
24133 4769
24133 9025
24133 13969
24150 2411
24167 1547
24167 1899
24169 6801
24224 18602
24224 19871
24226 2633
24226 3231
24226 4141
24226 4556
24226 4578
24226 7774
24226 7776
24226 7809
24226 7882
24226 7912
24226 7969
24226 7996
24250 3946
24252 503
24252 1013
24252 1158
24252 1403
24252 1899
24252 2384
24252 2549
24252 2831
24252 3192
24252 3523
24252 4160
24252 4719
24252 4769
24252 4960
24252 5311
24252 6124
24252 6569
24252 6589
24252 6780
24252 7695
24252 7759
24252 7780
24252 7863
24252 7871
24252 7873
24252 7875
24252 7899
24252 7911
24252 7918
24252 7926
24252 7936
24252 7950
24252 7955
24252 7961
24252 7997
24252 8008
24252 9177
24252 9842
24252 10811
24252 11149
24252 13003
24252 13184
24252 16163
24252 18088
24252 18619
24252 19059
24252 19138
24252 19901
24252 21233
24252 22385
24259 7197
24266 1319
24304 7744
24322 8993
24367 823
24381 44
24392 4242
24392 7520
24409 3820
24409 7790
24409 7958
24442 503
24442 21919
24448 2411
24451 4183
24460 7744
24460 18689
24463 7958
24478 7171
24478 24252
24492 6318
24492 6483
24492 19038
24526 7370
24555 14224
24555 21768
24568 15447
24579 3946
24579 21185
24588 156
24588 1520
24601 24246
24676 13019
24707 5448
24707 7973
24707 9842
24707 18602
24722 188
24734 7478
24734 7682
0 6836
21 3153
21 4867
21 8031
21 8313
44 714
44 1976
44 3372
44 4521
44 4621
44 6806
44 7921
44 8101
44 8111
44 8404
44 11503
44 11657
44 11669
44 16856
44 19301
44 19866
44 21240
44 21927
97 7921
115 1976
115 2194
115 6027
115 7209
115 8089
115 11861
115 18291
117 2788
117 10253
119 11313
125 3610
125 8155
155 21702
156 255
156 2387
156 3620
156 7698
156 22283
194 8385
215 9025
252 642
252 804
252 935
252 3153
252 6008
252 8311
252 8345
252 8372
252 18401
255 1314
255 1551
255 1632
255 1672
255 1951
255 2413
255 3620
255 4092
255 6047
255 6959
255 6961
255 7176
255 7211
255 7813
255 7878
255 8136
255 8396
255 9551
255 10253
255 11715
255 12236
255 12860
255 13238
255 16976
255 17880
255 18764
255 19938
255 21457
255 21919
255 24579
260 8325
260 18619
275 21913
285 17801
285 23171
287 2549
287 2661
287 4556
287 5411
287 5600
287 5660
287 6049
287 6098
287 6694
287 7410
287 7478
287 8269
287 19946
320 3439
320 8062
320 8140
320 8234
320 8921
348 4683
348 6887
348 8061
348 9842
349 496
349 10408
349 13518
349 21079
349 21240
386 12900
394 13191
395 644
395 3591
427 2549
434 3950
434 20355
438 6959
465 8168
465 24555
491 2239
491 21913
496 2423
496 5969
496 8066
503 2134
503 8056
503 10566
540 252
540 3574
540 24710
545 6694
557 9025
560 6836
560 7315
560 8398
572 4482
572 5946
572 6589
572 8347
572 12473
572 24492
579 8277
596 4567
596 5120
596 5971
596 8066
596 8275
596 8377
596 8381
596 23707
601 21
601 642
601 7759
601 8229
601 11700
601 14171
601 14387
601 24373
610 8078
610 17830
610 18574
610 20817
623 2467
623 4242
623 7176
623 8134
623 8244
623 8336
623 8370
623 19951
640 3227
640 8031
642 277
642 597
642 701
642 830
642 1238
642 2361
642 2788
642 3541
642 3657
642 3738
642 3777
642 4556
642 4785
642 5506
642 5956
642 5971
642 5980
642 6047
642 6961
642 7635
642 7680
642 7872
642 7936
642 8017
642 8046
642 8061
642 8088
642 8153
642 8155
642 8157
642 8159
642 8163
642 8177
642 8180
642 8217
642 8356
642 8361
642 8377
642 10566
642 11700
642 12949
642 14976
642 16880
642 17053
642 18698
642 19534
642 20318
642 21607
642 22276
642 24150
642 24250
644 4920
644 5178
644 8151
673 7442
701 726
701 1018
701 3551
701 3921
701 4343
701 4361
701 6124
701 7186
701 7351
701 7424
701 8176
701 8216
701 8258
701 8264
701 8265
701 10566
701 18698
714 7709
714 8232
714 9020
714 14595
714 15433
714 16608
726 5120
726 7424
726 8313
726 24157
737 6836
737 7990
737 24409
763 17880
797 2384
800 833
830 124
830 3736
830 6811
830 8117
830 9516
830 18401
830 19730
830 23348
830 23933
830 24640
833 5152
833 8266
833 11840
833 12473
866 601
876 4667
876 6098
876 8031
876 8996
876 13184
876 17097
876 21926
896 6887
906 8262
906 24157
929 503
929 1822
929 6098
929 6167
929 8230
929 8303
929 8321
929 17349
929 19138
929 24018
934 10811
935 7872
935 18401
976 8106
979 1221
979 5265
984 8327
1001 3049
1001 5311
1001 7338
1001 16186
1013 2053
1013 3674
1013 6047
1013 6874
1013 7695
1013 8046
1013 8100
1013 8224
1013 11955
1013 12429
1018 8232
1018 17321
1018 19946
1038 7759
1086 1543
1105 1141
1105 5023
1105 6098
1105 6694
1105 7921
1105 8054
1105 8078
1105 8079
1105 8116
1105 8232
1105 8368
1105 8370
1105 12900
1109 8364
1110 1543
1110 2654
1110 3610
1110 7921
1110 8062
1110 8093
1110 13518
1110 14387
1116 1578
1116 7979
1116 8005
1116 8296
1116 8313
1116 20318
1137 119
1137 753
1137 833
1137 2491
1137 2549
1137 5147
1137 5152
1137 6485
1137 7424
1137 7478
1137 7872
1137 8087
1137 8089
1137 9057
1137 9516
1137 12415
1137 12473
1137 13184
1137 13383
1137 13694
1137 17013
1140 510
1141 5147
1141 5489
1141 7681
1141 9022
1141 15447
1190 8258
1190 8351
1190 9177
1215 1244
1221 814
1221 4482
1221 5265
1221 7680
1221 8116
1221 8168
1221 8253
1221 8285
1244 4092
1244 4255
1244 8078
1244 8349
1244 9177
1244 11779
1260 8326
1281 675
1286 8390
1312 124
1312 623
1312 714
1312 2467
1312 3874
1312 6124
1312 6249
1312 7616
1312 8134
1312 8244
1312 8260
1312 15935
1312 17321
1312 19087
1313 7186
1346 22513
1383 11819
1384 7779
1403 15688
1407 6589
1407 9511
1407 20355
1407 24520
1430 3098
1430 3221
1430 7393
1430 7809
1430 8154
1430 16880
1430 19138
1449 13027
1503 8232
1503 14221
1520 2920
1520 4343
1538 8123
1538 8178
1543 2592
1547 3765
1578 9177
1578 18401
1578 20318
1581 21899
1582 6278
1582 8224
1610 7680
1610 13786
1613 18056
1632 8059
1633 8285
1653 256
1653 8123
1658 1264
1658 4361
1658 7391
1658 8149
1658 18955
1667 5409
1667 15450
1692 1063
1692 1221
1692 3657
1692 5023
1692 7990
1692 8142
1692 12231
1692 24445
1716 11522
1716 24734
1740 44
1740 6049
1740 6917
1741 6694
1741 8096
1749 4459
1780 1846
1780 16998
1816 18602
1822 19138
1846 194
1846 255
1846 2264
1846 2487
1846 4450
1846 5702
1846 6817
1846 7176
1846 7209
1846 7392
1846 7698
1846 8157
1846 8168
1846 8315
1846 14267
1846 16892
1846 20355
1846 24150
1861 8996
1861 17349
1887 5506
1899 8294
1899 17880
1901 12473
1901 14267
1934 17801
1949 4331
1951 5120
1951 5980
1951 6954
1951 7664
1951 8076
1951 8095
1951 8220
1951 8278
1951 8312
1951 8340
1951 8351
1951 18698
1951 19439
1951 23348
1952 8224
1976 16856
2012 6638
2014 8141
2014 24445
2048 3101
2048 5506
2048 8152
2048 13297
2048 14267
2134 3009
2134 8124
2134 14882
2145 5887
2158 3172
2194 623
2194 1976
2194 3449
2194 6202
2194 7424
2194 7673
2194 8054
2194 8065
2194 8365
2194 9057
2194 10253
2194 11488
2194 15116
2194 16856
2197 1503
2197 2920
2197 7698
2197 7878
2197 12949
2197 13694
2197 20889
2207 124
2207 8303
2215 8073
2239 2549
2239 4638
2239 6278
2239 9057
2239 23744
2242 16601
2307 8031
2307 8401
2361 1063
2361 1728
2361 4785
2361 5506
2361 8096
2361 8292
2361 10121
2361 11408
2361 14267
2361 21607
2361 24150
2384 833
2384 8116
2384 8211
2384 8254
2384 8444
2384 22341
2387 1913
2387 8126
2387 12012
2387 13059
2387 24033
2387 24226
2392 2387
2411 24445
2413 814
2413 8368
2413 14224
2413 20889
2413 20970
2416 8232
2467 8134
2487 572
2487 763
2487 7392
2487 7878
2487 8007
2487 8232
2497 117
2497 642
2497 7362
2497 7878
2497 8116
2497 11899
2497 15450
2508 7921
2549 8050
2549 9057
2549 23744
2581 7868
2583 1312
2583 6589
2583 15450
2592 701
2592 763
2592 1018
2592 7936
2592 8066
2592 8072
2592 8076
2592 8216
2592 13181
2592 15935
2592 18940
2592 19946
2592 22276
2622 8031
2622 12473
2622 20355
2628 4920
2628 19901
2629 630
2629 5411
2629 5956
2629 6124
2629 7872
2629 8390
2633 6124
2633 8336
2654 3610
2654 4331
2654 11725
2655 929
2811 8107
2811 8993
2831 8177
2831 21786
2837 2324
2837 6589
2837 6836
2837 7664
2837 8179
2837 10090
2840 1865
2872 6047
2880 8208
2913 8168
2934 6991
2939 8218
2939 8345
2939 24452
2947 11929
2997 6850
2997 7531
2997 8090
2997 8229
2997 8377
3018 13059
3049 642
3049 1063
3049 1728
3049 7338
3049 7424
3049 8116
3049 12949
3049 20889
3049 24150
3055 4242
3055 7338
3055 7529
3055 8096
3078 22807
3101 13969
3113 1013
3113 3921
3113 8140
3113 8178
3113 8224
3113 8234
3113 12135
3130 2134
3130 2831
3143 7878
3143 8031
3162 8080
3168 4785
3172 3143
3172 5946
3172 6836
3172 7393
3172 7936
3172 8261
3172 8263
3172 14267
3172 16976
3172 17880
3172 19901
3172 22341
3172 24206
3203 8031
3212 7152
3225 18602
3227 7648
3227 8400
3227 15602
3231 8260
3271 5265
3275 9239
3309 7478
3309 8101
3336 18424
3405 24150
3439 7878
3439 8234
3452 8398
3468 44
3468 17801
3468 20429
3506 12231
3528 5311
3551 673
3555 9005
3555 12670
3555 24483
3562 4242
3579 4667
3591 503
3591 5178
3591 5278
3591 5506
3591 7403
3591 8031
3591 8095
3591 8151
3591 8154
3591 14920
3591 16345
3610 4331
3620 5278
3620 8119
3620 8158
3620 8257
3657 44
3657 8270
3657 14595
3674 19355
3679 16513
3704 31
3705 2654
3756 8308
3756 8350
3757 8070
3757 19426
3757 24029
3760 8296
3760 8313
3760 8326
3771 1312
3771 21881
3777 1952
3777 8224
3782 4242
3782 5971
3782 11522
3824 6047
3825 7424
3834 597
3834 13969
3843 1976
3843 3227
3843 3765
3843 4621
3843 6049
3843 7478
3843 7905
3843 7921
3843 8247
3843 12670
3843 13684
3843 16591
3843 16892
3843 19454
3874 8329
3921 20892
3947 1110
3947 14304
3950 11698
3950 22189
3986 6694
3986 8125
3986 9177
3986 18602
3987 7211
3987 13969
4082 14595
4089 9005
4092 287
4092 8293
4092 9025
4121 1430
4121 5375
4121 6747
4125 8367
4125 8396
4127 1063
4146 6047
4146 24150
4158 7921
4158 13518
4186 8185
4242 572
4242 642
4242 763
4242 2840
4242 3172
4242 3275
4242 4331
4242 4781
4242 6285
4242 6747
4242 7055
4242 7209
4242 7478
4242 7479
4242 7673
4242 7919
4242 7921
4242 8079
4242 8096
4242 8111
4242 8116
4242 8153
4242 8205
4242 8288
4242 8385
4242 8404
4242 9368
4242 11657
4242 12900
4242 13518
4242 14224
4331 115
4331 1998
4331 3452
4331 4802
4331 5107
4331 7410
4331 8221
4331 8236
4331 8389
4331 13601
4331 14224
4331 15394
4331 21194
4331 24393
4340 8232
4340 11725
4340 17880
4343 2788
4343 4785
4343 7403
4343 10811
4343 16581
4356 6836
4361 14595
4406 6811
4440 117
4440 1846
4440 1913
4440 8224
4440 8356
4450 14267
4457 14414
4459 7921
4459 8140
4482 15698
4521 13601
4556 20355
4567 642
4567 3083
4567 7055
4567 8082
4567 8356
4567 20288
4667 7424
4683 23707
4685 7680
4685 8106
4685 8165
4685 23348
4712 5506
4712 8066
4737 8059
4737 24518
4802 8087
4829 1221
4829 8047
4829 16892
4833 7993
4866 2184
4869 8248
4879 14595
4879 24313
4920 503
4920 630
4920 1109
4920 6747
4920 6887
4920 6960
4920 7202
4920 7403
4920 8031
4920 8224
4920 8267
4920 8330
4920 8364
4920 8383
4920 14583
4920 16345
4928 3610
4928 8331
4928 8389
4958 24445
5052 2788
5087 12572
5120 18619
5127 3921
5132 5516
5132 24224
5147 8287
5152 6098
5178 3221
5178 4667
5178 7664
5178 8303
5178 18574
5189 10090
5198 6098
5204 8218
5261 8224
5274 2831
5274 13184
5278 5448
5282 5265
5282 8294
5282 24640
5284 3610
5284 7921
5284 14355
5310 8341
5310 21899
5311 1313
5311 5375
5311 5887
5311 6497
5311 6566
5311 7186
5311 7979
5311 8096
5311 8116
5311 8292
5311 8368
5311 17801
5311 18619
5325 12572
5333 1230
5333 8370
5333 18619
5345 3101
5358 15688
5358 21786
5364 4242
5401 5887
5408 5144
5411 9911
5414 24033
5415 18602
5415 19498
5415 22807
5446 642
5448 4920
5448 8374
5463 503
5489 22209
5506 9177
5506 9842
5506 19181
5516 8391
5519 601
5519 2920
5519 5261
5519 5409
5519 7527
5519 7811
5519 8250
5519 12949
5519 18619
5519 21899
5523 1312
5523 4340
5523 8065
5523 14147
5523 17880
5523 20285
5523 22708
5523 24445
5531 642
5531 7936
5534 24393
5544 3468
5544 8074
5544 8270
5583 6589
5625 714
5625 3657
5625 8168
5639 4186
5639 7948
5639 8179
5639 8185
5639 8191
5639 8383
5639 14805
5651 16601
5753 601
5753 15450
5801 124
5801 903
5801 4707
5801 4920
5801 6959
5801 7664
5801 8031
5801 8444
5801 13336
5801 14267
5801 14583
5811 8321
5829 4343
5829 23320
5887 2442
5887 8364
5946 1063
5946 1728
5946 4127
5946 4343
5946 4683
5946 5506
5946 6817
5946 6887
5946 7878
5946 8007
5946 8017
5946 8180
5946 8262
5946 8377
5946 13099
5946 13383
5969 3162
5969 3206
5969 8066
5993 18689
6047 6124
6047 6761
6047 8084
6047 8106
6047 8123
6047 8214
6047 20892
6049 6999
6049 15688
6095 255
6098 8362
6114 117
6121 5946
6124 4967
6124 5506
6124 6780
6124 6961
6124 7265
6124 7709
6124 8005
6124 8031
6124 8086
6124 8106
6124 8134
6124 8155
6124 8279
6124 8321
6124 8329
6124 13181
6124 18619
6124 21607
6124 22276
6124 24445
6167 3950
6167 22598
6202 14595
6232 3736
6232 20021
6247 8151
6247 8154
6249 9239
6249 11579
6259 671
6259 3101
6259 3610
6259 6747
6259 16613
6278 3113
6278 7695
6278 8205
6278 8224
6278 16909
6278 22221
6278 23795
6322 15450
6344 2831
6346 16601
6354 13684
6354 21699
6369 16976
6413 19438
6485 5801
6496 1681
6496 21702
6497 2831
6497 8305
6522 9239
6522 11657
6528 4340
6528 4521
6528 6124
6528 6850
6528 17801
6528 21194
6528 24393
6557 124
6557 4743
6557 8232
6557 14267
6570 8350
6575 7933
6589 3101
6589 5629
6589 5660
6589 5881
6589 6047
6589 7751
6589 7921
6589 8269
6589 8357
6589 10121
6589 12670
6589 21079
6589 24033
6592 14595
6598 1934
6619 8175
6666 6887
6694 11779
6694 18602
6736 6850
6747 31
6755 8227
6780 642
6780 2008
6780 2239
6780 7547
6780 8074
6780 8349
6780 8367
6780 14221
6806 11503
6811 6694
6811 6845
6811 8095
6811 8096
6811 10910
6811 11861
6836 1296
6836 7664
6836 14551
6836 18940
6845 5409
6845 8073
6845 8129
6845 8315
6845 16892
6850 2384
6850 8116
6850 22513
6869 8174
6874 763
6874 5506
6874 8224
6874 12429
6896 10421
6907 2939
6907 5411
6907 8278
6907 8326
6917 349
6917 496
6917 2017
6917 4082
6917 8404
6917 10408
6917 13518
6917 24313
6955 7211
6955 8102
6961 4785
6961 5946
6961 7878
6961 7936
6961 8232
6961 8367
6961 23795
6961 24518
6975 255
6975 8261
6999 19554
7003 8205
7003 14267
7003 24445
7045 9724
7055 8076
7055 24108
7110 11536
7123 5299
7123 6817
7123 8061
7123 17840
7152 7680
7197 17349
7209 7003
7209 14361
7211 855
7211 3396
7211 7478
7211 14783
7211 22208
7211 22283
7211 24722
7265 23348
7276 3551
7315 5008
7315 6836
7338 16186
7338 22513
7393 8321
7410 1543
7410 4274
7410 4521
7410 7391
7410 9239
7410 13601
7410 16613
7410 24037
7424 7624
7442 23707
7442 23846
7470 7635
7470 7990
7470 8288
7514 9842
7527 18202
7529 642
7529 5518
7531 13027
7616 8222
7635 7813
7648 320
7648 763
7648 8216
7648 15602
7656 465
7656 2913
7656 4092
7656 5801
7656 7905
7664 935
7664 7993
7664 8114
7664 8218
7664 8278
7664 8324
7664 10253
7664 14387
7664 19426
7680 2486
7680 6896
7680 7403
7680 8067
7680 8096
7680 8116
7680 24304
7681 1105
7681 8053
7720 287
7720 8331
7720 9005
7720 12900
7720 13684
7751 10253
7759 753
7759 1913
7759 3439
7759 5956
7759 5980
7759 8101
7759 8280
7759 8296
7759 8313
7759 8352
7759 8363
7759 18602
7759 19534
7759 20292
7778 155
7778 642
7778 830
7778 5120
7778 7137
7778 7990
7778 8163
7778 8390
7778 14361
7778 18574
7778 18602
7798 8224
7798 18698
7856 15174
7856 20355
7857 9005
7872 22276
7894 3843
7919 16895
7921 11657
7933 24452
7935 24570
7942 24518
7965 20884
7990 215
7990 1681
7990 3950
7990 4343
7990 8031
7990 8048
7990 8078
7990 9553
7990 13270
7990 15450
7990 18602
7990 18619
7993 8218
8005 4343
8005 8123
8005 8265
8005 13155
8005 23221
8013 7698
8017 5660
8017 7111
8017 7529
8017 8180
8031 8303
8050 19426
8053 17830
8057 6614
8059 17055
8064 1520
8065 597
8065 766
8065 2264
8065 7211
8065 7878
8065 7894
8065 7921
8065 7935
8065 8017
8065 8079
8065 8540
8065 10811
8065 11722
8065 11819
8065 13059
8065 13694
8065 13969
8065 14783
8065 17880
8065 18396
8065 24722
8069 7833
8070 8061
8074 6652
8081 17323
8088 8061
8093 8087
8094 7898
8096 1296
8097 13969
8100 1407
8100 2831
8100 6836
8100 8232
8100 17880
8101 13383
8102 4092
8102 4183
8102 4683
8102 5311
8102 11881
8102 21457
8103 8272
8104 465
8104 2194
8104 4361
8104 13203
8104 18955
8106 23348
8107 19938
8116 22513
8116 24710
8117 19730
8118 5364
8122 16345
8126 11715
8127 3738
8128 2053
8128 17843
8141 19355
8144 8139
8145 6047
8150 13786
8151 20817
8153 18602
8155 4378
8155 8008
8157 24150
8167 510
8168 24555
8169 8008
8171 22208
8172 14361
8174 19328
8182 8231
8182 8323
8184 8367
8187 855
8192 5506
8194 8191
8194 10090
8201 21213
8204 24445
8206 4343
8208 8326
8208 8374
8209 11577
8224 8921
8224 11779
8226 5544
8227 3777
8230 7403
8232 3610
8232 8241
8232 15229
8232 17801
8232 17880
8233 4343
8234 18602
8234 24452
8236 8921
8240 6476
8243 9057
8243 13066
8248 701
8248 7351
8248 20355
8250 7351
8252 2939
8257 7556
8257 8279
8259 23933
8262 1003
8262 9020
8265 19165
8268 3820
8276 18955
8282 19498
8284 6640
8287 8253
8291 11819
8291 20355
8295 18169
8300 188
8305 671
8305 2384
8305 4340
8305 9025
8305 16601
8305 18602
8305 20355
8306 11819
8307 14595
8315 16892
8316 17568
8320 8975
8321 2239
8321 12572
8322 20512
8331 1
8331 1551
8331 5645
8331 6049
8331 11926
8331 13343
8331 15483
8334 14583
8335 22221
8339 19554
8341 17041
8345 24452
8346 14583
8354 3551
8355 3551
8359 17801
8364 7664
8364 8372
8374 194
8374 8372
8374 8383
8380 5463
8384 18602
8386 24026
8387 4343
8388 17342
8391 13930
8402 15116
8405 20355
8407 8389
8421 23535
8540 9057
8540 13969
8540 19730
8598 3618
8921 2467
8921 8076
8921 16775
8921 19901
8984 4274
8984 7410
8984 7648
8984 8331
8984 8368
8984 17840
8995 814
8995 1001
8995 8078
8995 11577
8995 14094
8995 21954
8996 2549
8996 7478
8996 7921
8996 9057
8996 16018
8996 21954
9005 44
9005 714
9005 8404
9005 16900
9011 766
9011 3782
9011 6027
9011 8065
9011 8079
9011 17880
9022 9025
9025 31
9025 671
9025 753
9025 766
9025 814
9025 1503
9025 2158
9025 2242
9025 3113
9025 5265
9025 5333
9025 5523
9025 6589
9025 6917
9025 7664
9025 7673
9025 7709
9025 7919
9025 8254
9025 8370
9025 8402
9025 12473
9025 12572
9025 20893
9025 21913
9030 1728
9057 929
9057 1407
9057 3143
9057 3452
9057 3765
9057 4343
9057 5311
9057 6027
9057 6098
9057 6167
9057 8008
9057 8031
9057 8037
9057 8059
9057 8112
9057 8155
9057 8170
9057 8174
9057 8224
9057 8250
9057 8277
9057 8365
9057 8368
9057 8374
9057 8400
9057 10253
9057 10910
9057 11779
9057 12135
9057 12473
9057 13065
9057 13066
9057 13184
9057 13191
9057 13535
9057 13873
9057 14920
9057 15450
9057 17880
9057 18291
9057 19059
9057 19355
9057 19730
9057 21899
9057 23744
9177 623
9177 701
9177 2008
9177 2581
9177 5639
9177 6614
9177 7111
9177 7351
9177 8061
9177 8094
9177 8179
9177 8224
9177 8250
9177 8258
9177 8259
9177 8327
9177 8390
9177 16895
9177 17801
9177 18689
9177 22189
9177 22221
9177 22276
9177 23933
9177 24029
9239 117
9239 277
9239 1846
9239 6845
9239 7209
9239 7698
9239 7936
9239 8061
9239 8065
9239 8076
9239 8087
9239 8100
9239 8325
9239 11725
9239 12135
9239 15005
9239 16880
9239 17880
9239 18202
9239 21699
9239 24520
9365 5506
9516 766
9549 21899
9551 24579
9553 255
9724 4743
9724 7478
9724 8205
9724 8339
9724 8360
9724 8402
9724 8993
9724 15116
9724 24393
9812 833
9812 3468
9842 16895
9911 7529
10121 7527
10121 8065
10121 12572
10121 14267
10121 17880
10121 18574
10121 18602
10121 20355
10168 601
10168 6811
10168 21884
10253 7673
10292 18602
10811 503
10811 2134
10811 3101
10811 5411
10811 7556
10811 8108
10811 8177
10811 8220
10811 12135
10811 13383
10811 17880
10811 21079
10811 23348
11062 5600
11062 9057
11076 124
11076 7921
11157 601
11157 5600
11361 4242
11460 8116
11488 3396
11503 0
11503 1740
11503 3227
11503 4879
11503 8284
11503 16900
11503 24570
11536 2361
11536 5946
11536 6278
11536 6409
11536 6694
11536 7403
11536 8234
11536 8306
11536 8329
11536 8335
11536 8384
11536 9177
11536 18602
11536 18940
11536 22221
11536 22276
11536 24226
11577 7598
11577 8211
11579 701
11579 1018
11579 3610
11579 20892
11657 3468
11657 4026
11657 8175
11657 8266
11657 8389
11657 11669
11657 12670
11657 16601
11657 19866
11669 21079
11684 3978
11684 6478
11684 7695
11684 7769
11684 8368
11684 8379
11684 17321
11698 601
11698 5956
11698 6480
11698 8313
11698 18602
11698 19901
11700 935
11700 4667
11700 5120
11700 5311
11700 6497
11700 7664
11700 8094
11700 9549
11700 18619
11700 21899
11704 7878
11715 8017
11722 6999
11725 3130
11725 13694
11725 13969
11725 17801
11725 17880
11779 124
11779 510
11779 701
11779 1140
11779 1846
11779 2467
11779 5506
11779 6027
11779 6247
11779 7878
11779 8031
11779 8055
11779 8065
11779 8066
11779 8154
11779 8155
11779 8200
11779 8216
11779 14267
11779 14387
11779 16775
11779 16880
11779 17880
11779 18449
11779 24156
11819 6027
11819 7209
11819 13059
11840 5506
11840 6098
11861 119
11861 800
11861 3765
11861 4482
11861 8089
11861 11577
11872 6098
11872 21699
12012 7878
12053 6047
12053 17321
12053 18449
12053 24445
12124 1403
12135 510
12135 1296
12135 3162
12135 5186
12135 6027
12135 6566
12135 7123
12135 7616
12135 7896
12135 8076
12135 8078
12135 8164
12135 8189
12135 8205
12135 8269
12135 8325
12135 8365
12135 12429
12135 13059
12135 21079
12198 11955
12209 8349
12242 5311
12368 23799
12394 8221
12482 21079
12670 3618
12670 4026
12670 4331
12670 6836
12670 9368
12670 13684
12720 22598
12774 3212
12870 3101
12870 6811
12870 11861
12870 22513
12874 4920
12874 8277
12874 22221
12894 3049
12900 7176
12900 7478
12900 8031
12900 8237
12900 8302
12964 21702
13003 8053
13027 1653
13027 3405
13027 4183
13027 6589
13027 16094
13065 2549
13065 6027
13065 6589
13065 7878
13065 8306
13065 8996
13065 11819
13065 13059
13065 13535
13066 31
13066 1215
13066 13184
13066 16976
13072 1739
13099 8007
13099 8078
13155 21607
13181 7176
13181 11899
13184 3452
13191 2242
13191 21884
13191 24675
13196 2423
13196 19301
13270 23085
13337 18602
13337 23744
13370 8177
13379 935
13379 8259
13379 19355
13383 5887
13383 17319
13466 3143
13466 23795
13662 8390
13684 1899
13684 5023
13684 8285
13684 16601
13684 16856
13694 8232
13694 9551
13694 13969
13786 830
13786 4340
13786 4667
13786 6589
13786 8209
13786 8232
13786 8248
13786 13694
13800 24460
13969 623
13969 2264
13969 3396
13969 5299
13969 9551
13969 21927
13969 24734
14010 16892
14055 8234
14224 8163
14224 17880
14232 8384
14267 18602
14333 6638
14355 15394
14355 21337
14355 24393
14361 1728
14361 2462
14361 4683
14361 5411
14361 7936
14361 8117
14361 8163
14361 8234
14361 8292
14361 8312
14361 18602
14361 21607
14361 21702
14361 24018
14387 9025
14387 12415
14387 18602
14401 8339
14414 556
14414 8116
14469 6049
14469 8072
14583 3591
14583 8417
14595 2194
14595 5963
14595 8237
14595 10408
14595 15433
14595 16591
14713 6098
14738 1822
14805 7948
14805 8185
14806 23904
14835 1013
14835 4340
14835 7424
14888 22256
14920 427
14920 1109
14920 1951
14920 2939
14920 6047
14920 6638
14920 6887
14920 6960
14920 7664
14920 7993
14920 8005
14920 8084
14920 8185
14920 8326
14920 8364
14920 11700
14920 16345
14920 16880
14920 19355
14920 22807
14976 13845
15024 601
15057 8159
15116 4154
15229 14224
15277 6845
15332 3765
15433 44
15447 31
15447 2361
15447 2467
15447 8108
15447 17880
15447 21079
15447 21919
15450 255
15450 2622
15450 3021
15450 5311
15450 5660
15450 6098
15450 8417
15450 16513
15450 21899
15450 22536
15450 23914
15483 4361
15570 6098
15594 8117
15617 3228
15688 671
15688 814
15688 2549
15688 8051
15688 8347
15688 13383
15698 1503
15698 4556
15698 9005
15698 24734
15755 11861
15814 6008
15814 7424
15935 8056
15935 9239
15935 19946
16018 579
16018 2549
16018 3736
16018 8230
16018 9025
16018 13184
16018 17097
16018 21954
16087 7878
16099 4785
16186 194
16186 1692
16186 2361
16186 5023
16336 16613
16548 9239
16548 24722
16581 8066
16581 18602
16591 3113
16591 5600
16591 19901
16601 4567
16613 4158
16613 13518
16781 8061
16859 3610
16859 4621
16859 6557
16859 7921
16859 8099
16859 8104
16859 12670
16880 20892
16909 24518
16976 4242
16976 7698
16976 8306
16976 16601
16976 17801
17041 5310
17058 124
17058 2194
17058 6373
17058 10121
17157 579
17157 8277
17283 5658
17291 3372
17299 17880
17301 6780
17312 8260
17333 2592
17333 2831
17338 763
17338 1913
17338 8182
17349 6098
17454 5971
17576 16892
17675 8224
17706 8361
17706 8381
17729 24445
17732 2549
17830 1503
17830 2486
17830 4242
17830 7211
17830 24722
17840 5299
17840 13019
17840 24037
17843 19946
17892 15450
18034 8262
18034 8370
18056 8339
18056 13969
18169 503
18169 7965
18169 8031
18169 8178
18169 8277
18169 8321
18169 9025
18169 14551
18169 17801
18396 11722
18401 1238
18401 6010
18401 8259
18401 18619
18434 14386
18449 5801
18449 8303
18574 434
18574 763
18574 6747
18574 6836
18574 8031
18574 8152
18574 8390
18574 10554
18574 12720
18602 320
18602 510
18602 814
18602 830
18602 1110
18602 5506
18602 7003
18602 8061
18602 8163
18602 8226
18602 24018
18619 2831
18619 5415
18619 6589
18619 7496
18619 8123
18619 8157
18619 8177
18619 8212
18619 8296
18619 8356
18619 8383
18619 18602
18619 22189
18619 22807
18634 714
18684 1578
18689 1001
18689 1063
18689 2997
18689 3405
18689 3978
18689 5411
18689 5887
18689 8084
18689 8123
18689 8130
18689 8216
18689 8218
18689 8377
18689 15450
18764 3101
18764 3610
18764 5971
18764 7878
18764 8248
18764 8351
19059 8995
19059 8996
19059 18619
19062 8175
19087 830
19087 1982
19087 6959
19135 9842
19138 992
19138 5428
19301 21240
19355 1221
19355 2462
19355 3777
19355 4242
19355 5299
19355 5311
19355 8991
19355 16601
19379 6747
19421 117
19426 4707
19426 5311
19426 6614
19426 8190
19426 14920
19438 1913
19438 6027
19438 6589
19438 7616
19438 8310
19438 9551
19438 19946
19454 3765
19454 20892
19498 6054
19554 3212
19554 6027
19554 24734
19683 12572
19685 6278
19698 1951
19698 4903
19698 8349
19730 7209
19827 642
19870 4242
19870 8305
19870 8393
19871 2831
19871 5980
19871 8178
19871 8540
19901 701
19901 3777
19901 3950
19901 4121
19901 4667
19901 5178
19901 5311
19901 5411
19901 6027
19901 8019
19901 8031
19901 8101
19901 8178
19901 8261
19901 8263
19901 8370
19901 9057
19901 12473
19901 16345
19901 18602
19901 22536
19901 22598
19901 22807
19901 23795
19904 5506
19915 3009
19938 4154
19938 7878
19938 8389
19938 18764
19961 5284
20058 6850
20242 833
20285 14355
20355 3452
20355 14267
20355 17321
20355 23707
20512 6811
20517 5506
20517 5600
20517 23085
20817 4242
20817 8031
20817 8263
20817 8303
20817 9549
20817 12720
20817 17880
20817 24018
20883 5881
20884 10253
20892 1728
20892 7936
20892 8298
20907 5120
21020 8130
21089 1318
21110 4743
21110 7176
21110 8293
21110 9025
21240 7794
21240 8104
21240 8232
21240 8241
21240 13518
21240 20288
21336 17349
21356 1430
21607 8257
21607 23348
21699 671
21699 701
21699 906
21699 2048
21699 3921
21699 3950
21699 4356
21699 4707
21699 5186
21699 5278
21699 5411
21699 5629
21699 6167
21699 7137
21699 7470
21699 7531
21699 7664
21699 8078
21699 8152
21699 8288
21699 8313
21699 8326
21699 9025
21699 11698
21699 13191
21699 13297
21699 14387
21699 18698
21699 19901
21699 20892
21699 22189
21699 22341
21699 23473
21699 24409
21699 24675
21786 2592
21786 4018
21786 4340
21786 6278
21786 7936
21786 8031
21786 8232
21800 19454
21876 2387
21878 19946
21878 22276
21881 24448
21899 5971
21899 6098
21913 7478
21926 24675
21954 2997
21954 5600
21954 6098
21954 7478
21954 8031
21954 8221
21954 8260
21954 12279
21954 12473
21954 15450
21954 19946
22134 6522
22208 8093
22214 5144
22276 2239
22276 5980
22276 6278
22276 12135
22276 18602
22276 22221
22283 2920
22283 6589
22283 8306
22283 18602
22513 3449
22513 4361
22513 4482
22513 7779
22513 7905
22513 8253
22513 12572
22513 15450
22513 18619
22513 24150
22513 24445
22536 7709
22592 7709
22598 644
22598 20355
22708 5414
22807 8370
22882 8048
22882 8123
22882 8130
22882 8370
23348 155
23348 966
23348 1312
23348 1846
23348 1865
23348 2467
23348 3101
23348 5333
23348 5414
23348 5600
23348 6027
23348 6896
23348 7238
23348 7872
23348 8086
23348 8311
23348 8370
23348 8385
23348 9025
23348 9911
23348 13930
23348 14361
23348 17321
23348 20318
23348 21089
23348 21110
23348 24033
23348 24518
23348 24568
23473 2736
23707 8381
23707 22807
23921 287
23921 935
23921 7664
23927 8270
23933 3153
23933 8278
23933 8311
23933 18401
23933 23348
23996 8113
24029 8061
24033 642
24033 1846
24033 5333
24033 5506
24033 7918
24033 8123
24033 19439
24108 833
24108 8116
24133 8268
24133 11955
24156 5506
24167 12670
24191 8368
24224 5516
24224 8058
24226 984
24226 6124
24226 7003
24226 22221
24250 5506
24250 8229
24252 701
24252 1296
24252 3782
24252 4340
24252 5600
24252 5971
24252 6047
24252 7878
24252 8066
24252 10566
24252 13383
24252 13535
24252 17321
24252 17880
24252 19355
24252 19871
24304 16892
24351 8292
24393 3101
24393 4785
24393 8065
24393 22276
24404 8275
24409 701
24409 1951
24409 7664
24409 8364
24409 18602
24442 5052
24442 5311
24448 5430
24448 8205
24448 8234
24474 3349
24474 9025
24483 714
24483 7921
24492 1740
24492 9368
24518 6694
24518 18602
24555 5162
24568 8172
24570 7656
24579 3143
24601 1951
24601 7137
24601 8095
24682 13518
24707 2592
24707 8031
24707 8066
24710 1221
