6809 782
64 5318
2399 28
24 2188
5315 64
24 2140
1 225
38 3323
24 2187
4788 64
2 92
24 2211
24 2186
2395 28
38 3318
3651 64
38 3327
38 466
4785 64
58 4846
41 3605
41 99
58 4847
40 3527
60 5130
5299 64
28 2429
28 2394
43 3806
54 4645
3260 37
31 2826
4632 54
2587 29
1 245
1 246
1 247
197 54
5519 65
53 4481
45 3984
31 1255
80 6374
31 2804
1040 45
31 2800
52 92
53 3215
4646 54
53 76
53 4483
5 691
2543 29
5 383
5 9
3656 42
3443 39
50 4195
30 2725
31 2827
1635 15
31 2828
45 3995
1256 13
71 5954
15 1658
82 6439
26 1592
50 4193
6719 86
29 2545
50 2187
29 61
19 92
7 868
7 869
31 2829
2369 27
45 3994
27 2359
45 3985
43 3795
53 4509
3996 45
6389 80
42 3661
42 92
2 407
13 1255
3444 39
95 3
27 2370
27 447
2407 29
52 4439
29 2573
82 2187
82 6440
29 2588
82 6442
6373 80
2562 29
85 99
26 99
4647 54
26 2273
15 1637
85 6267
3 99
42 3084
3 562
53 4005
9 383
4635 54
3688 42
80 2839
40 3532
235 80
37 3257
2547 29
838 7
43 3807
39 3429
64 5296
57 64
39 3436
3 190
39 3427
19 698
3434 39
2 395
11 92
4 668
50 4217
50 4203
2280 26
28 2472
29 2589
29 2590
29 2155
71 5946
29 2581
2570 29
29 2233
14 92
29 2551
4424 52
4648 54
3533 40
29 2591
4510 53
5 694
1 99
1 240
42 3693
5955 71
45 3522
41 3607
248 1
42 3091
4440 52
39 3431
7 848
7 842
26 1441
1159 11
71 5948
16 1720
53 3543
85 6684
3 16
408 2
1 192
9 92
9 694
28 2121
5 696
235 9
4218 50
29 2572
16 1722
7 849
2546 29
2541 29
38 115
2 409
15 1651
2 410
2 411
38 3328
85 6264
2542 29
1413 14
18 1861
2 399
2 400
1661 15
561 3
24 2201
16 92
14 1414
9 691
18 1871
18 1866
2212 24
18 1865
18 1867
18 1875
38 3329
24 2198
18 1868
38 442
64 5298
18 1876
18 1291
3 577
38 3330
18 1877
42 3687
42 3653
3997 45
4649 54
31 2805
43 92
43 3796
39 3426
31 2830
45 3998
45 3999
3445 39
2831 31
40 3526
2832 31
36 42
71 5956
53 99
53 4511
60 4840
3669 42
4503 53
31 33
80 2877
80 2834
53 4494
30 2712
58 4848
58 4859
54 32
15 1662
15 1663
15 1664
30 2726
50 4219
50 4220
50 4221
40 3524
60 5136
80 99
27 2368
31 80
13 1027
60 3434
29 2556
2592 29
6390 80
60 5131
16 1719
38 99
208 1
54 4650
26 2264
249 1
2986 39
50 4194
26 2283
42 3694
42 3674
42 3655
50 4222
3525 40
30 2711
870 7
42 3690
16 1743
235 40
23 2107
23 2111
45 4000
45 4001
2102 23
23 2101
7 142
473 9
1415 14
64 2986
50 4190
64 5287
5010 64
29 113
29 635
41 3608
17 372
50 4223
24 2190
71 1814
50 2797
50 4213
604 13
5200 61
14 1416
71 5957
2115 23
6727 86
14 99
50 4224
50 4216
2593 29
52 4431
50 4197
50 4199
28 2414
28 2474
28 2475
39 3446
15 2
2797 86
50 4226
5 705
5 693
4427 52
71 2187
38 3331
41 3612
38 3332
86 1815
28 2471
28 2473
28 2421
2360 27
6682 85
28 2476
27 2371
2 99
28 2122
86 6724
28 2415
5319 64
250 1
17 1809
16 1735
28 2406
2 412
13 1270
2559 29
38 3319
1665 15
13 1275
2558 29
2104 23
2404 28
1812 17
2213 24
23 2117
28 2398
1818 17
28 92
1 198
3322 38
28 2447
28 2416
28 2468
28 2477
2441 28
64 5320
28 2396
62 5271
62 5272
2478 28
30 2719
30 2710
235 53
6391 80
82 6443
3271 37
40 3530
5137 60
4512 53
4513 53
11 1146
2276 26
26 2270
80 5513
2561 29
80 1143
80 6392
39 3433
251 1
37 3258
27 2372
80 6393
252 1
42 3683
80 6394
15 1638
53 81
2373 27
25 2240
86 865
11 1165
53 80
53 2860
4228 50
42 3695
3696 42
52 4441
43 3809
43 3808
43 3798
23 2129
2594 29
5 92
23 2100
60 5132
30 99
23 2110
23 2130
43 3802
80 81
7 837
1147 11
30 2727
5195 61
59 64
50 4204
11 665
2553 29
2265 26
29 2560
29 2595
3671 42
29 2596
9 1088
2597 29
4229 50
42 3685
42 3652
2284 26
15 1666
80 2860
42 140
5 99
2 413
42 3679
18 1859
18 99
29 2598
16 113
17 1592
15 1640
16 1744
16 1745
65 99
61 5196
24 2199
24 2197
84 6600
2544 29
84 6614
84 6611
2131 23
2407 28
53 4514
84 6605
84 6615
1796 23
235 18
2420 28
65 5520
559 3
2 9
2132 23
11 1148
28 2480
2599 29
5521 65
9 99
6277 85
2120 23
2204 24
24 2192
50 4202
578 3
13 1261
15 1667
84 92
15 1094
625 15
41 3613
6 92
1926 19
84 6598
3333 38
84 874
28 1441
18 1864
1833 17
403 2
16 561
6 797
16 0
84 73
84 664
28 2481
28 2483
28 2412
28 2439
28 2426
2823 31
31 2801
2285 26
65 5522
2833 31
65 5523
1 230
1 196
3263 37
3697 42
29 2552
6 775
2834 31
40 99
6 778
5 701
5 706
6 798
17 1816
235 17
5206 61
2835 31
40 3522
80 3528
4651 54
14 1417
4 678
14 1387
5321 64
1166 11
25 2239
17 1823
6 781
41 3610
14 1418
14 1419
38 3334
5322 64
42 3682
82 594
3124 40
84 6595
2194 24
23 2122
14 1420
17 1834
50 4210
1271 13
53 4515
6685 85
6 799
71 5958
42 3692
14 1421
42 3698
6 800
1723 16
71 5959
71 5960
2433 28
71 3322
2397 28
64 5323
6 772
52 4442
16 1726
14 1422
2569 29
29 2601
52 1023
15 1668
1878 18
5208 61
1393 14
2602 29
4426 52
414 2
3336 38
28 2451
2603 29
2 415
5316 64
5209 61
6 688
405 3
18 1879
14 1423
194 1
1385 14
5306 64
23 1886
64 3607
80 3522
4652 54
4516 53
43 3810
871 7
39 3447
28 748
28 749
6 801
65 3
6 802
6 803
7 841
80 2815
53 4517
1167 11
82 2759
3699 42
80 33
579 3
15 1636
41 3614
39 3448
80 2804
80 2882
16 1626
65 5515
2836 31
29 2548
23 2133
380 53
3797 43
19 1927
473 5
13 473
2374 27
60 99
60 5138
4518 53
60 5139
3449 39
82 6433
53 4493
15 1639
6616 84
31 2837
4519 53
3272 37
28 2432
845 7
1 253
50 4225
42 3700
28 2402
6728 86
4520 53
4653 54
16 1746
40 3521
4521 53
1660 15
61 5191
416 2
26 2286
64 5165
64 625
64 5324
64 5325
417 2
1716 16
6 773
61 5210
85 6686
6687 85
2 418
2 419
64 2271
3273 37
5961 71
6273 85
2 420
3274 37
15 1643
2 385
1424 14
6 804
1835 17
17 1815
2123 23
29 2399
5524 65
1392 14
84 6596
38 3337
2 398
421 2
28 2427
31 39
7 872
7 873
54 4654
40 3534
4522 53
37 3261
40 3528
40 3529
42 3701
42 3654
40 49
2838 31
2808 31
50 4230
85 6278
3535 40
50 1760
82 6444
235 1
86 6729
6 805
2839 31
6445 82
13 1295
53 3005
18 13
76 3704
64 5300
84 6617
76 826
1 254
3542 41
28 2484
1168 11
28 2485
64 5303
64 5326
64 5327
64 5328
874 7
6395 80
64 5329
65 5525
64 4234
85 6688
54 4637
16 1747
3811 43
64 228
17 92
23 2103
3450 39
255 1
3275 37
80 6378
54 4636
3276 37
2604 29
19 1928
50 4231
2879 53
3277 37
42 3678
195 1
5192 61
52 4428
4640 54
4 669
76 6121
76 6122
16 1748
28 2428
6722 86
16 1742
42 3658
3278 37
