6809 863
4503 53
1 225
82 2187
65 99
71 5946
61 5203
29 2543
29 2541
84 6601
2542 29
235 85
4195 50
24 2199
64 5296
64 59
64 4785
38 99
29 2562
15 1639
24 2140
2360 27
84 6596
15 1637
84 6598
29 2581
14 99
14 1425
14 1426
14 1427
3 561
3 95
16 92
38 442
6615 84
15 1651
1636 15
9 5
6719 86
486 9
64 5329
28 2473
2 92
84 92
2 403
50 4193
28 2421
5299 64
9 2
6278 85
2 385
5328 64
2404 28
5315 64
466 38
85 99
61 2110
84 6605
37 3257
2486 28
53 4511
58 4847
3798 43
39 3451
4655 54
31 2804
4481 53
31 33
31 2830
3260 37
28 2487
28 2468
28 2477
4524 53
4492 53
53 81
39 3426
4639 54
43 92
43 3812
875 7
3258 37
13 1256
11 92
1146 11
4 670
11 1169
39 3434
42 3702
15 1635
5 383
3526 78
60 4840
60 3008
5 696
65 5525
34 140
80 2877
235 5
65 5526
86 92
86 865
3615 41
65 5527
39 3452
39 3427
5 691
80 6373
40 49
34 2990
6 806
6 807
4525 53
76 6123
1719 16
4075 47
772 6
27 2359
80 2815
34 2991
5 694
34 2923
50 4219
5 707
50 2187
53 99
5140 60
23 2102
11 1170
50 4231
78 99
3656 42
23 2118
17 1836
3 580
6279 78
13 1255
18 13
2 422
4216 50
2 423
4076 47
837 7
31 2829
31 2800
28 2399
34 2993
4077 47
65 5523
4078 47
47 1838
47 4079
80 33
43 3811
3802 43
76 4005
838 7
47 1843
836 80
62 5269
80 2839
23 2103
38 3325
2829 53
841 7
80 6396
80 3543
42 92
64 3794
16 3
3 99
38 3338
82 6444
5 386
25 2239
1 240
82 6433
64 5165
4636 54
3678 42
26 99
39 3433
4526 53
5330 64
54 99
2437 28
24 2198
24 2190
54 4640
1814 71
34 2994
54 4632
28 92
28 2427
42 3695
2 391
28 2407
60 5130
60 5131
11 1166
29 2576
29 2546
40 3521
2270 26
1 99
2 424
61 5202
78 6280
78 3084
2805 31
1165 11
2544 29
50 1988
28 2488
78 6281
6 92
50 1981
50 21
6616 84
688 6
4 679
78 4842
2561 29
23 2134
28 2428
2823 64
4 668
4 676
42 36
24 2187
42 3669
24 2188
24 2191
76 3704
76 3215
76 3716
2 379
69 5696
42 3123
17 1826
34 2992
4527 53
53 4517
7 100
4528 53
65 5528
42 3697
581 3
9 99
42 3680
52 4443
2 383
29 2545
50 4210
69 5695
85 6277
76 2187
28 2412
28 2394
14 1428
2 15
38 3318
14 1429
29 2547
23 2135
3 568
64 5331
28 2414
23 2101
3321 38
6121 76
38 3339
2399 29
582 3
3279 37
5332 64
2 398
39 3429
64 3651
7 876
18 1880
40 3536
28 2431
37 3270
37 3280
4081 47
877 7
4641 54
4082 47
42 3689
42 3703
40 3527
41 3616
2287 26
43 1760
698 19
54 4645
4 113
43 3810
67 99
282 42
5596 67
7 848
1296 13
40 3124
65 5521
16 1626
7 857
5529 65
30 670
34 2995
29 2605
1 256
17 1816
30 2728
30 2729
30 2730
30 2731
61 5211
61 2678
3034 65
54 4637
54 4635
65 5530
54 4656
1720 16
878 7
17 1812
4232 50
41 3605
50 4194
42 3687
43 3813
80 3522
31 2840
53 4529
85 6268
6264 85
42 3653
2 425
7 849
7 839
3 190
879 7
19 1928
3431 39
141 7
1929 19
3688 42
16 1723
38 3322
80 99
1297 13
60 826
577 3
67 2356
50 4233
40 99
4530 53
26 2280
2288 26
14 1430
880 7
54 4657
7 853
52 4444
4531 53
23 2136
52 4431
40 3537
53 1027
86 6720
19 92
41 3542
76 6052
2137 23
6725 86
212 1
17 1823
4209 50
41 99
2 386
13 1272
4262 85
23 2121
23 2138
17 1807
2139 23
17 1811
62 5270
17 1820
23 2140
34 2996
17 1592
23 2110
26 2263
15 1638
37 3261
1818 17
6730 86
37 3282
7 881
86 6731
6732 86
23 2123
16 93
2569 29
41 3613
235 2
25 2240
7 882
14 1431
7 842
28 2395
28 2489
76 826
257 1
13 1298
64 5303
84 6618
84 6619
3340 38
1 236
2397 28
6620 84
84 6603
28 2425
2490 28
28 2433
1089 9
84 6611
34 1378
80 6398
80 6397
53 4482
80 6399
58 4846
41 3617
64 5304
1432 14
64 5333
262 64
2986 39
53 4532
40 3524
883 7
52 92
31 2841
31 2842
1433 14
14 1395
1694 26
41 3608
14 92
57 4742
60 3434
47 4083
80 6400
2843 31
1 196
426 2
2 428
57 3651
53 2877
61 5196
53 2860
53 31
1 44
82 2759
50 4197
5531 65
429 2
427 2
50 4234
37 3259
57 3663
4486 53
78 3663
85 6682
61 5212
42 3655
39 3453
42 3692
42 3666
53 3543
1 199
64 2986
28 2398
60 5132
42 3671
9 697
1147 11
28 2402
42 3661
40 3013
40 3538
2839 31
28 2403
58 4852
11 1171
40 3539
69 5697
29 2568
23 2112
380 53
30 2710
47 4084
47 4085
40 3526
67 113
47 160
67 1803
49 67
3588 67
2 430
23 2141
23 2109
34 2997
34 2998
23 2104
9 92
42 3696
23 2142
1476 38
42 3659
2 432
47 4080
3737 67
567 3
374 2
42 826
61 5213
28 2491
93 3
16 660
1749 16
2492 28
42 3681
24 2214
71 5948
2201 24
76 6124
1750 16
1 202
5762 76
2 433
42 3704
28 2493
28 2417
28 2471
28 2392
4849 58
5532 65
43 3814
52 4424
28 2416
28 2447
2105 23
2194 24
574 3
2408 28
9 473
9 700
29 2570
28 2429
61 5197
23 2113
71 5952
17 92
5192 61
115 38
61 5214
61 5190
29 2425
38 3341
3 563
583 3
58 1714
24 2215
43 3815
2216 24
884 7
2844 31
2845 31
235 18
4533 53
2846 31
2847 31
2472 28
28 2494
80 2804
885 7
2848 31
886 7
4534 53
42 3679
39 3450
50 4236
60 5141
2054 50
29 2572
86 1815
1592 26
86 6733
50 4213
50 4199
50 4222
39 3455
2 389
26 1441
3800 43
26 2282
53 4535
3540 40
26 15
13 1027
13 1257
2849 31
4430 52
27 381
38 3323
13 1274
3816 43
23 2117
37 3283
14 1434
2548 29
23 2143
2552 29
23 2144
40 3541
29 2549
15 1669
1735 16
76 60
50 4212
50 4229
73 6053
50 4237
50 4238
3454 39
13 1276
26 2264
2268 26
5273 62
3542 40
3324 38
18 17
694 9
18 99
9 691
73 6054
2289 26
2465 28
4536 53
1398 14
42 3705
5334 64
42 3685
2100 23
42 3180
64 5335
40 2877
64 5336
64 449
64 5337
31 2850
3005 67
2217 24
24 2218
3 92
887 7
52 4445
6055 73
52 4439
4427 52
9 383
4426 52
3 584
5 19
559 3
28 2495
13 1299
50 4196
73 1424
2496 28
15 1424
15 1670
18 1860
2363 27
19 383
13 1300
2122 28
50 4239
888 7
2587 29
889 7
2497 28
73 186
585 3
42 1072
28 2498
2121 28
73 6056
6125 76
13 1301
2219 24
2108 23
890 7
18 1291
18 1859
6621 84
586 3
891 7
69 5698
73 92
28 2484
24 2195
4860 58
4848 58
24 2220
29 2186
2420 28
375 9
84 6606
4850 58
28 2418
42 3674
42 3706
6384 80
84 3334
2852 31
2853 31
42 3707
3090 42
43 3801
5 708
5 709
6 808
6 809
6 810
699 5
19 1930
7 892
7 893
67 5597
23 2145
5598 67
62 5274
62 5275
67 3004
67 5599
230 1
30 2732
14 1384
1810 17
31 2837
26 2290
5338 64
3543 40
3525 40
41 1257
76 6126
76 1627
76 6127
76 6128
14 1383
67 5600
5306 64
2146 23
30 2733
42 3114
42 3652
3618 41
30 2734
31 2854
31 2855
69 5699
235 9
1 192
76 3983
5958 71
3544 40
69 5700
62 5276
1731 16
54 4658
14 1435
2606 29
2192 24
239 1
43 3804
43 3805
43 3817
43 3795
43 3818
43 3819
39 3456
42 3120
53 4506
23 2115
23 2148
24 2221
4240 50
14 113
5 706
2415 28
41 3607
4241 50
2222 24
2607 29
2212 24
18 1861
28 2499
24 2205
64 5300
69 5701
28 2500
28 2501
69 5702
2405 28
28 2432
28 2434
28 2426
2393 28
28 2438
54 4659
4537 53
4660 54
60 5133
2856 31
2857 31
40 3545
11 1152
38 3333
54 4661
38 3342
4519 53
704 5
4662 54
6 811
53 4483
6 783
5601 67
6446 82
4565 67
1640 15
39 3436
39 3457
39 2801
42 3654
67 5176
434 2
2608 29
11 1172
11 1173
34 2999
3546 40
4446 52
67 5602
30 2715
11 1151
42 3708
6272 85
