6809 916
105 0
0 89
6604 84
9 5
2542 29
215 1
84 6641
345 1
2541 29
74 99
1244 12
42 3123
4728 56
11 1147
11 1146
71 5946
11 1175
46 4043
0 92
13 1270
0 16
16 1721
1246 12
79 6286
13 1271
13 1027
13 1301
57 3663
1247 12
15 1639
3 612
15 1636
0 118
29 2543
0 138
300 1
2629 29
5 727
15 1637
42 3659
50 4193
50 4293
46 4042
2661 29
18 1910
2331 26
3345 38
38 3346
46 4037
41 3629
29 2611
41 3542
46 4044
84 92
4041 46
76 6121
4847 58
13 1256
18 1899
18 1859
18 1291
4850 58
2 396
84 6598
262 39
84 6605
2 376
2 392
58 1631
58 4852
26 2268
47 1860
3427 39
33 2915
39 3429
33 2804
39 2801
39 3433
65 5540
57 4803
57 4804
57 4761
66 1
36 3151
36 3076
60 5134
74 6107
329 1
1935 19
79 99
6373 80
1936 19
60 5130
85 99
61 5190
42 3652
5539 65
42 3672
43 92
79 47
372 47
5132 60
22 2055
16 1720
2548 29
2552 29
346 1
2662 29
57 2834
20 1942
57 3609
736 9
43 3839
43 3795
82 6433
43 3808
50 4197
50 4199
15 1635
31 2902
16 1782
16 92
45 4024
45 4025
3073 36
45 8
404 82
31 2903
31 2904
50 4237
82 6468
698 19
347 1
45 3988
29 2562
50 4203
83 92
2559 29
83 757
33 99
5 92
5 2
50 4209
50 4217
36 3093
36 3104
4744 57
3656 42
66 99
66 5553
8 92
2556 29
1592 26
69 5706
5549 66
69 5708
2663 29
3403 38
42 3670
36 3069
0 110
2333 26
26 99
33 2829
6324 79
65 5541
319 1
2 390
24 2190
4163 48
66 5551
43 3798
19 113
4031 46
200 1
31 33
19 1925
24 2212
1937 19
4166 48
2664 29
4461 52
29 2553
2606 29
2665 29
13 1263
76 1027
76 6161
51 4366
6527 83
36 3074
1726 16
36 3085
2332 26
2334 26
7 838
2335 26
27 2359
1 99
2879 31
45 4026
2360 27
25 2248
45 3992
31 2900
50 4194
30 99
30 2711
3661 42
4462 52
44 773
772 44
50 4303
2 438
13 1255
36 3077
52 160
2 385
2140 24
5285 62
2243 25
13 1269
66 5575
66 5586
2186 24
46 4045
66 5559
2829 31
66 5555
31 2804
115 38
77 6219
2238 24
31 2800
3 571
83 764
3 568
83 6529
5304 64
13 1296
77 6218
25 99
64 5303
16 1718
17 92
29 2660
18 1911
18 1160
30 2769
30 2770
30 2771
38 3381
30 1800
8 1043
2596 29
18 1894
2926 33
7 842
65 5457
38 99
2357 80
66 222
36 2782
36 3191
36 3192
2914 33
36 3193
36 3194
36 3195
4849 58
20 1941
5 691
5556 66
36 3196
11 92
7 990
1719 16
7 0
1145 11
43 3840
43 3796
11 1149
3984 45
33 2916
64 5296
80 3528
83 6546
83 6547
83 6548
83 6549
83 6550
83 6551
46 4036
76 60
826 60
771 9
50 2187
262 64
3841 43
2554 29
2923 33
33 2977
4034 46
4007 45
15 1651
1938 19
76 6156
1727 16
1685 15
83 2348
83 6552
83 6553
405 33
5 375
64 5306
64 5300
83 6554
64 5299
57 3651
57 4751
13 1261
57 4802
41 99
1841 17
26 2336
76 826
3139 36
3467 39
2544 29
61 5192
61 5195
3990 45
53 4581
61 5232
66 5587
59 5070
4027 45
59 5049
2 92
2264 26
38 466
38 3404
72 6008
17 47
42 3671
559 3
42 3680
42 3681
20 1943
42 36
4805 57
43 3800
69 5696
77 6224
7 141
1152 11
1148 11
29 2560
7 951
2242 25
480 2
5588 66
31 2805
29 2601
64 3651
39 3436
42 3732
83 763
45 4023
1074 8
42 3519
42 3687
42 3678
42 3666
45 3985
5112 59
42 3692
2588 29
42 1072
8 1035
38 3395
85 6266
59 5040
5113 59
42 3660
42 3696
42 3667
56 99
58 4846
235 18
18 99
18 1901
5438 64
3071 36
5114 59
53 4482
53 4005
4481 53
3197 36
33 8
33 1040
34 3002
2990 34
60 5179
60 5180
53 99
4 669
60 3120
39 3426
60 5160
39 3506
43 690
39 3507
43 3842
33 1036
7 839
4304 50
1855 79
50 4195
50 4294
4497 53
82 2187
3004 34
79 6317
12 1225
490 14
4127 47
80 6402
2551 29
60 5181
72 5978
5962 71
3198 36
2549 29
2801 31
66 5589
60 4482
66 5590
66 5591
66 5592
52 4424
46 4035
8 1032
5439 64
66 218
34 3010
34 3027
5593 66
5182 60
34 3064
72 5969
1849 79
66 5548
1694 26
3065 34
636 3
9 1104
4743 57
60 5170
60 5163
17 1853
17 1810
490 85
2058 22
3508 39
85 6267
47 4124
27 2362
27 2385
8 1033
42 3689
2595 29
25 2239
3 99
3 95
19 92
294 1
83 755
59 99
79 6325
53 2877
57 3008
57 4749
59 2986
2655 29
47 4108
59 57
1 348
3124 40
83 1441
53 80
0 112
7 841
29 2545
66 5554
8 1037
1 334
5183 60
1 192
83 753
61 5233
8 1047
41 3605
5 19
158 5
76 3008
31 2905
76 3663
2906 31
76 6130
34 3003
31 2907
80 2877
31 2908
80 99
6768 88
4503 53
1159 11
20 1947
26 2337
29 2399
50 270
42 140
6613 84
41 3608
4435 52
41 1257
41 3649
768 83
296 1
79 6288
42 3655
11 665
52 4434
11 1200
9 698
76 4482
18 1912
12 1227
6513 83
59 5115
1 204
13 160
1 257
64 5434
76 4005
64 4788
3322 38
4450 52
61 5214
85 6710
6122 76
6270 85
42 92
64 5395
38 1028
2666 29
3405 38
51 4360
2 398
59 5116
59 5056
5184 60
60 5185
3321 38
3066 34
78 57
4128 47
72 5986
72 4546
4129 47
79 6309
72 5994
53 4486
53 81
6009 72
3260 37
39 3463
4 668
88 6769
2858 39
6081 73
43 3812
88 6770
14 99
35 39
4088 47
88 6772
33 2978
2979 33
4463 52
4464 52
72 6010
15 237
36 3199
4130 47
15 26
5967 72
2 391
12 1224
37 3258
1075 8
4 673
3406 38
60 3434
52 92
235 33
47 4105
2986 39
60 5131
12 1132
80 3522
4154 79
9 691
60 3008
17 1854
17 1819
29 2547
36 2355
6275 85
4712 56
3509 39
2354 36
34 2999
5186 60
7 915
39 3454
7 853
39 3452
1030 52
60 5187
4228 74
40 3600
5 692
20 92
16 93
6276 85
57 4778
991 7
1 301
4591 53
2815 80
13 1334
88 6773
50 4305
17 1823
37 3281
56 4715
59 55
7 848
36 1033
37 3261
5 693
4131 47
53 4511
69 5715
69 5714
6774 88
88 6775
33 2980
40 3526
40 3530
5558 84
37 3310
7 846
5440 64
88 6776
2935 33
2 374
47 4132
30 2728
30 2713
71 5948
77 92
4742 57
76 6146
6711 85
31 2839
15 2
2 99
69 5732
2056 22
1955 20
41 3640
451 2
1 236
2546 29
77 99
45 4003
42 3679
18 1884
64 5298
50 4210
2 388
37 3257
88 2187
61 5234
442 2
3 16
69 5699
76 6129
42 3711
64 5441
3650 41
4751 64
9 2
58 2786
64 266
14 1560
51 99
566 3
909 56
2923 41
5045 59
3200 36
85 1631
5442 64
36 3201
36 3202
3078 36
88 6777
3203 36
2386 27
72 6011
57 4775
64 57
34 2995
50 4306
40 3601
3204 36
40 3527
40 80
62 5270
39 3510
15 1686
62 5286
39 3438
3511 39
36 3084
53 4575
6162 76
34 3056
3311 37
34 3054
5117 59
3464 39
4 99
39 3501
76 4845
1813 17
42 3747
3205 36
76 485
1 349
76 6163
61 5227
76 6164
73 6082
73 6061
76 6165
76 188
3688 42
2667 29
53 635
40 3521
80 81
3526 80
76 6166
76 6167
45 4028
83 6528
2981 33
53 4483
3451 39
13 1335
4388 82
0 156
7 849
4050 46
837 7
1062 8
34 3031
34 3058
473 9
34 3043
8 1051
2071 22
62 5287
53 4592
5529 83
2951 52
1954 20
50 4307
5010 62
50 4191
43 3843
56 4729
79 6306
6168 76
4 684
6169 76
16 1783
1074 57
4039 46
16 672
60 67
3 190
2909 31
83 751
1561 14
76 3704
18 1913
6778 88
84 6603
84 6607
61 5206
84 3334
61 5218
84 6599
1723 16
3407 38
76 6132
76 6134
481 2
2910 31
7 857
46 2639
663 16
14 1562
8 1076
8 1077
57 4800
2651 46
42 3748
157 0
42 3749
3750 42
38 3368
6244 77
59 3090
64 5423
6272 85
2 454
45 4029
14 1563
3 563
14 1564
5443 64
14 1565
3408 38
5086 59
31 35
4737 58
562 3
84 6617
29 2668
64 2639
59 5080
5118 59
16 1784
2669 29
69 5733
5444 64
84 6657
84 113
84 6658
442 38
6285 79
33 2982
5349 64
72 5968
194 1
53 4487
36 3080
5445 64
1 311
60 3108
6012 72
3513 39
20 1949
79 256
6296 79
40 3602
2626 29
6003 72
3512 39
11 1201
33 826
11 1154
2983 33
57 2986
31 1255
13 1311
47 4133
74 6105
235 22
47 4134
22 99
22 2073
60 5188
39 3514
637 3
27 2387
5954 71
6326 79
3515 39
47 4135
84 74
36 3089
6621 84
19 1939
29 2581
1 44
18 1862
83 6502
30 670
