6809 607
3784 42
50 4193
3 99
52 4442
16 3
29 113
4481 53
2648 29
85 99
13 1270
13 1269
70 5914
53 99
64 5296
85 6702
2629 29
48 4163
1716 16
62 5278
46 4047
11 1186
758 83
77 6254
77 6240
15 1656
11 92
3652 42
85 6278
5822 70
44 362
29 2665
30 2712
29 2553
29 2664
3671 42
2710 30
3413 38
29 2691
46 4041
5209 61
46 4039
46 4036
64 5305
30 2724
29 2543
64 3651
50 4280
50 4338
58 4846
38 466
85 6267
85 6714
65 763
57 4753
36 3080
82 2187
82 6473
36 3074
4817 57
23 113
23 2171
30 2715
36 3075
3069 36
82 6486
20 1942
4818 57
57 4743
20 92
36 3122
1398 14
3104 36
2363 27
5 9
3093 36
3073 36
50 4197
50 2187
691 5
50 4339
50 4196
27 2360
20 1949
16 1773
29 2694
29 2542
25 2240
25 2254
23 2142
61 5243
4340 50
4202 50
4031 46
16 160
5897 70
25 99
44 3933
56 99
44 3934
3209 36
58 4849
42 3661
22 2060
235 13
29 2562
42 3705
1794 16
1256 13
14 1618
4616 53
77 6255
77 6256
46 4062
5231 61
61 5251
44 3935
61 5190
5 735
61 5252
61 5253
6244 77
5214 61
2384 27
77 92
70 5823
70 5778
61 5245
70 5783
6257 77
30 2789
61 5239
61 5246
5 732
5254 61
51 4412
61 5255
52 92
52 4447
0 89
61 5256
61 5238
73 6061
13 1350
72 5979
4478 52
5917 70
13 1316
13 1341
774 44
42 3792
42 3425
3656 42
2559 29
36 3242
46 4032
42 1072
36 3243
6258 77
5257 61
82 6487
2560 29
2556 29
72 5983
82 404
6259 77
50 4229
2693 29
235 73
51 4413
61 5226
15 1637
51 4366
51 4386
23 2109
4438 52
51 4411
4617 53
42 92
73 6101
13 1351
46 4035
13 1254
13 1253
6202 76
2541 29
77 6221
77 6224
3658 42
13 1327
44 3936
95 3
16 113
16 1795
653 3
3185 36
36 3244
3245 36
3246 36
3247 36
36 3085
10 1107
36 113
72 6030
0 173
5 694
4166 48
161 0
30 2790
70 5800
490 14
25 2247
5967 72
56 4712
25 2246
3663 57
27 2361
27 2390
4856 58
77 6260
20 1971
77 6261
4859 58
57 4751
13 1255
175 0
82 6488
82 6468
42 3735
6489 82
16 92
42 3703
42 3734
42 3692
15 1642
2561 29
4435 52
15 1635
1229 12
70 5266
42 3793
42 3666
76 6166
16 1720
838 7
51 99
42 3684
4044 46
2239 25
36 3095
772 44
5918 70
5919 70
36 3220
2596 29
42 3123
61 5259
3 618
0 176
4341 50
52 4424
4342 50
42 3519
42 3687
42 3679
77 99
82 6433
72 6022
50 4231
4194 50
6490 82
46 4052
841 7
72 6031
3 190
77 6219
61 5195
61 5258
29 2545
2552 29
4343 50
44 160
4618 53
4453 52
13 1352
50 4294
42 3678
4199 50
2549 29
23 2103
4737 58
70 5793
70 5769
70 5781
4619 53
13 1263
13 1353
13 1261
4620 53
13 1304
46 4063
38 3366
46 4042
1225 12
4064 46
50 4293
5920 70
72 6032
72 6033
2033 21
6034 72
61 5260
4767 57
13 1354
5261 61
61 113
4344 50
27 2359
1355 13
44 92
4061 46
44 3937
20 1941
1105 10
3938 44
6035 72
56 4734
4034 46
1356 13
64 5303
64 5488
1014 7
70 5774
1249 12
44 3939
44 3940
1806 38
50 4332
82 6491
15 1660
46 4043
5 736
61 5262
82 6492
50 4345
3416 38
7 1015
775 44
5020 58
76 6121
58 4848
1643 15
15 1639
15 1700
5698 69
4847 58
44 780
52 4425
4346 50
50 4324
50 4213
4205 50
85 6266
16 1735
29 2695
1719 16
51 4395
906 7
30 99
13 1349
15 1671
70 5779
64 5047
2544 29
13 1357
38 99
4283 50
5 737
13 1358
64 5466
38 3405
4621 53
44 3941
44 3942
44 3943
44 3944
1983 21
13 1359
64 5489
64 5490
57 4819
57 4820
57 3794
57 4821
57 76
0 170
61 5263
46 4065
64 5491
46 4066
46 4048
46 4067
46 4068
44 3945
3946 44
64 5492
70 5832
44 3947
44 3948
44 3949
5921 70
2 502
61 5264
1778 16
72 5978
76 6125
76 6203
47 372
5317 64
4822 57
7 958
44 3950
2243 25
4479 52
5306 64
0 92
64 5326
57 4775
64 5327
64 5328
70 5922
57 3097
503 2
57 4823
58 160
25 2249
50 4211
5265 61
12 1250
5235 61
504 2
505 2
2 506
2 507
2251 25
2 508
76 6204
25 2255
4347 50
1636 15
13 1288
37 3316
4348 50
16 1782
56 4735
509 2
1336 13
38 3381
510 2
16 1723
3 563
13 1360
46 4069
7 853
12 1228
64 5443
2696 29
2697 29
2698 29
6220 77
13 1361
70 5892
6218 77
13 1362
0 177
5923 70
5493 64
64 5399
70 5924
1016 7
115 38
5925 70
13 1363
3 633
7 907
7 1017
7 141
5926 70
21 2034
21 2035
21 2036
44 3951
654 3
70 5772
44 3952
44 3953
38 3346
511 2
512 2
513 2
514 2
515 2
516 2
517 2
21 1980
518 2
6205 76
6195 76
519 2
6200 76
57 4824
64 5494
2 520
58 5021
82 6438
58 4850
57 4825
69 5749
2647 29
4429 52
57 4826
15 1651
5747 72
6036 72
6206 76
70 1027
2588 29
4070 46
61 5240
72 6037
69 5696
16 1748
70 5915
1796 16
3 652
61 5232
178 0
38 3406
16 1728
5299 64
76 6207
1364 13
58 5022
29 2699
15 1647
15 1701
15 1702
1703 15
15 1696
0 179
0 180
46 4037
38 3373
46 4071
16 1721
69 5750
3954 44
1276 13
51 4414
5266 61
4179 48
30 2711
53 1712
4622 53
70 5927
1759 16
7 113
7 187
53 4517
1718 16
7 846
21 1999
521 2
4623 53
76 6208
76 6170
44 3955
3 606
522 2
72 6038
76 6197
72 6039
72 5968
523 2
2 524
2 525
72 6040
526 2
2256 25
25 2257
738 5
13 1365
57 4762
13 1366
4778 57
13 1367
58 5023
51 109
2700 29
384 2
61 5244
50 4349
14 1619
16 561
77 6229
77 6262
64 5467
61 5267
