6809 1058
13 1286
29 2547
4712 56
19 698
19 1930
45 3984
66 5549
5772 70
31 2830
74 99
31 2804
5837 70
31 2877
668 4
12 1225
12 1224
36 3152
50 4194
40 3572
40 3578
3431 39
7 842
7 841
39 3434
70 5778
611 3
1256 13
70 5848
7 860
79 6291
19 5
79 6301
79 4123
11 665
3796 43
34 2990
84 92
36 3093
5969 72
77 99
190 3
26 99
40 3521
1124 10
80 6373
67 99
61 5191
29 2553
67 3641
67 5618
82 2187
82 6433
18 99
29 2543
70 5820
4216 50
67 3005
67 3523
59 5060
59 5039
11 92
5 692
64 3651
29 2567
1720 16
40 99
29 2625
29 2645
31 2800
4565 67
2356 67
6105 74
24 2188
29 2562
16 1771
2561 29
79 6290
38 466
43 3798
1032 8
1772 16
20 1941
43 3802
43 3835
43 3824
36 2782
80 81
58 4847
2877 53
5773 70
36 160
51 4361
42 3655
42 3656
4489 53
70 5779
50 4212
6077 73
4373 51
4199 50
69 5697
69 5704
70 5838
41 160
33 2916
70 5843
69 5719
6756 86
70 5849
5780 70
79 6302
33 2915
67 3737
16 1773
67 836
5267 70
79 263
5061 59
2542 29
12 99
42 3687
1513 14
50 4193
4192 50
53 4481
36 3076
1074 57
71 5946
71 5963
5962 71
36 3074
14 1514
1147 11
20 1942
66 5559
4850 58
37 3257
66 222
84 6606
5062 59
25 2239
25 99
77 6218
4209 50
56 99
1 301
27 2361
52 92
83 92
83 767
83 769
84 6637
42 92
2626 29
42 3670
1 225
1 302
27 2360
15 1642
8 92
50 4213
2 399
4378 51
42 3692
42 3661
1195 11
16 92
16 93
83 6529
6641 84
51 113
3678 42
61 5223
14 1515
44 772
38 99
3 99
69 5696
1 300
38 3322
77 92
42 1072
42 3125
3857 44
42 3734
2 376
42 3732
64 5394
64 5300
3 93
42 3680
59 99
64 2639
59 5040
2656 64
31 2801
5396 64
67 5600
8 1049
70 5785
5397 64
64 5299
3215 53
79 99
20 1949
4571 53
41 3467
80 2815
41 3640
2359 27
80 6378
45 3522
40 3124
40 3526
2858 33
1 99
1 192
2950 33
197 1
39 3484
39 3485
36 3077
67 3042
50 4195
78 57
1 303
67 5176
2834 80
3298 37
3299 37
41 3629
57 3663
6121 76
80 2839
681 4
50 2187
20 92
15 1637
15 1645
33 2942
53 4519
13 1255
5045 59
13 1311
36 1653
34 3049
34 3045
50 4285
36 3084
4743 57
33 2804
36 3071
41 3605
72 6002
57 59
67 35
57 3123
757 83
67 5170
43 3812
1051 8
9 383
53 3005
66 99
53 4572
13 18
59 5063
66 5548
66 5551
4753 57
39 3467
10 1110
17 1818
45 3992
59 187
76 6151
30 2752
30 2753
82 404
24 2195
36 3092
36 3069
36 825
0 92
2 9
2 5
2 382
34 3010
53 4511
31 2883
31 2884
42 3735
3704 76
16 1743
41 3542
6723 86
2829 33
37 3260
36 3091
0 89
33 80
105 0
73 6066
83 6530
83 756
83 764
2923 41
83 6531
83 743
30 99
42 3697
73 6063
83 6501
83 6505
83 6526
5057 59
3333 38
19 1923
83 747
3085 36
6532 83
86 6721
0 93
0 90
57 4778
59 5064
746 83
2548 29
13 1263
1320 13
11 113
83 6533
74 6114
36 3073
65 5457
41 3608
5196 61
4173 48
4779 57
26 15
14 92
64 59
83 6515
64 3582
64 5063
26 2311
0 98
15 237
5398 64
26 2306
15 1639
3875 44
64 5303
0 122
44 3876
44 3877
44 3878
44 3879
5065 59
44 3880
44 3881
29 2646
29 2647
17 1816
53 99
77 6235
52 4435
77 6236
4785 64
3070 59
76 4005
76 3716
42 3688
147 0
148 0
70 5800
70 5806
17 1823
5201 61
149 0
6650 84
1884 18
29 2649
744 83
18 1894
9 1096
5850 70
64 5296
85 6264
85 99
5066 59
2 400
2 383
9 691
5067 59
59 113
5811 70
622 3
623 3
17 1815
2 385
84 6605
2885 31
2926 33
34 3050
2886 33
3427 39
1105 10
33 2951
4113 47
33 2952
39 3487
6719 86
37 3270
37 3258
5068 59
59 635
661 59
2886 31
41 3610
57 2986
57 64
67 2984
3882 44
39 3426
57 4780
3300 37
6237 77
1694 26
79 6303
2545 29
6757 86
79 6304
76 60
76 5604
14 99
36 3096
72 6003
5967 72
57 4781
7 113
7 979
6534 83
36 3153
4005 45
4424 52
16 1728
30 2754
1719 16
39 3488
4114 47
2312 26
4713 56
31 2887
6535 83
77 6238
39 3438
6536 83
77 6221
42 3689
86 6724
86 6740
86 6609
29 2560
6537 83
4106 47
29 2541
2650 29
4432 52
9 694
3461 39
16 1747
6758 86
79 6306
2 462
79 4139
41 3622
45 4004
16 44
1860 47
53 4573
9 709
4574 53
42 3703
2804 80
0 103
42 3711
379 2
64 5399
64 5384
3329 38
40 3579
41 99
79 47
372 47
40 3527
34 3014
34 3051
34 3052
34 3053
43 92
43 3797
58 4846
58 5009
40 3523
39 3433
5328 64
2994 34
6296 79
64 5333
48 4163
43 3795
48 4166
64 5400
43 3806
64 5401
4576 53
64 5402
700 9
26 1628
84 6627
84 6651
2268 26
40 3580
84 6598
6503 83
53 4577
66 347
10 1130
66 5554
36 3139
16 1725
86 1143
8 1048
8 1036
86 6731
66 5572
69 5720
5726 69
3486 39
2556 29
9 92
235 9
1155 11
17 1840
70 5851
5831 70
5010 58
30 2755
30 2756
15 1651
29 2639
6603 84
85 6270
16 3
17 47
3 567
2651 29
5852 70
38 1476
2 459
3393 38
14 1516
29 2580
110 0
14 1385
83 762
42 3700
6277 85
61 5190
1 305
1 257
62 5278
61 5192
42 113
6500 83
61 5195
0 150
59 5069
38 3346
59 5070
2 99
306 1
2 92
2 442
5403 64
41 3623
41 3614
1033 36
5404 64
2313 26
6078 73
73 6068
18 1859
40 3581
33 2953
79 6286
53 113
39 3463
53 4578
53 3619
39 3451
33 2919
4030 46
34 1653
57 4749
3609 41
57 4782
3582 40
5 92
70 5788
1109 10
36 3089
788 47
70 5823
57 3651
45 3988
13 1283
4503 53
6468 82
73 6079
24 2190
50 4190
40 3558
3583 40
5405 64
3584 40
4031 46
52 4448
76 3008
3585 40
6759 86
1716 16
4115 47
36 3154
52 4447
4032 46
40 3586
30 2757
61 5224
50 4191
53 4579
50 4286
464 2
57 4748
40 3587
45 1051
45 4011
34 3054
5574 66
76 113
20 160
39 3489
3575 40
4106 79
3261 37
40 3588
14 1517
4033 46
84 6602
6152 76
36 3070
1849 17
14 1518
14 1519
76 6153
14 1520
24 2201
76 6154
76 6155
76 3153
465 2
40 3589
70 5853
2140 24
30 2758
57 4783
70 5854
30 2759
61 5225
79 6307
4580 53
5816 70
44 832
2954 33
1440 14
6538 83
83 755
2576 29
9 5
5071 59
466 2
5555 66
50 4201
61 5226
80 99
2375 27
4363 51
4 678
26 2264
5054 59
80 6416
80 6417
80 6418
6308 79
2914 33
5 691
1723 16
84 6649
84 6652
2193 24
194 1
4433 52
76 4482
5306 64
5406 64
2 451
5 695
5 718
83 760
83 6539
14 1521
59 5035
8 91
8 0
82 6445
8 1041
8 1061
16 0
51 4379
2280 26
80 6419
52 449
25 2240
33 2955
25 2243
14 1522
9 99
51 4360
51 99
2559 29
17 1812
2623 29
5794 70
5072 59
66 5575
83 740
2192 24
42 3669
2 467
79 6287
3394 38
3301 37
909 56
307 1
0 3
1 205
3535 59
85 6266
5073 59
1 200
14 1424
6122 76
1555 29
2568 29
6653 84
84 6596
84 6621
42 189
38 3318
69 5727
59 5074
5075 59
85 6269
74 921
6648 84
84 664
74 6115
2838 31
1030 26
65 763
4076 47
10 1111
36 3155
36 3156
36 3157
2879 31
80 6420
36 3158
10 12
74 3827
46 4035
5 719
80 6421
80 6422
10 1132
1921 19
80 6423
2314 26
33 2956
4116 47
33 2922
3302 37
50 4203
53 4581
4082 47
57 4777
3104 36
2315 26
720 5
57 4751
43 3808
4744 57
30 2760
7 857
4080 47
7 980
7 861
7 859
2055 22
20 1952
33 99
60 5130
7 844
5407 64
2 389
468 2
4287 50
70 5784
39 3492
60 5134
64 5408
30 266
30 113
51 4380
42 3666
6080 73
51 4381
5 721
3736 42
76 3215
19 92
375 9
5535 65
1718 16
1759 16
31 2888
1269 13
82 6455
42 3658
16 1735
59 5050
59 5076
398 2
19 383
4238 50
1945 20
1953 20
41 3642
95 3
22 2056
7 838
57 4773
3493 39
70 5855
16 1774
1 239
3137 36
57 4784
57 4754
1 202
4382 51
66 1836
51 4383
1 204
1 265
13 1264
10 1133
2 392
1 236
745 83
42 3695
4751 59
42 3654
1 227
70 2763
3494 39
50 113
39 3495
4211 50
25 2244
44 3883
44 3884
2618 29
51 4384
56 3982
2 469
15 1635
18 1900
59 5077
58 4852
70 5821
4385 51
5818 70
5078 59
13 1274
42 3737
83 6540
70 5822
39 113
4371 51
64 5409
13 14
18 1862
5793 70
563 3
2206 24
70 5795
59 55
3319 38
17 1850
17 1841
69 5699
29 2551
1 308
1 309
5856 70
70 5776
22 2057
18 1291
38 3395
38 3353
38 3366
34 2993
46 4037
0 106
66 5573
45 4012
3031 34
50 4197
34 3055
34 3056
41 3643
41 3606
4785 57
1677 15
34 3026
4117 47
60 3459
1 230
60 5164
207 1
1678 15
34 3002
64 2986
1 223
60 5165
60 5166
85 6267
72 5976
30 2761
235 5
3057 34
310 1
3985 45
83 758
83 753
5 712
31 1255
2800 33
53 4483
42 3659
3490 39
235 1
53 4559
53 33
1 311
53 2829
1636 15
9 693
5978 72
33 2957
82 6463
65 5536
22 2058
33 2913
5576 66
3436 39
31 2889
3682 42
14 1523
19 1101
2 470
16 1732
13 1308
76 3056
30 2749
39 3491
14 1524
3303 37
52 4437
76 3679
66 5577
717 5
11 1146
5410 64
38 442
44 1
18 1901
44 3885
15 1643
76 6156
1679 15
41 3644
17 1851
59 5079
34 3058
3645 41
624 3
14 1525
5 722
13 1316
1680 15
1 312
1 313
50 4210
4457 52
11 1196
818 44
5 723
1 315
64 5411
1752 16
61 5214
16 1717
83 751
8 1055
0 99
50 4280
85 6684
1270 13
12 1238
14 1526
42 140
2549 29
316 1
42 1748
1742 42
38 3345
5857 70
53 4582
42 3681
4034 46
67 4482
31 2872
60 3642
60 5167
5168 60
