6809 1063
9 5
4193 50
16 1735
16 1723
3629 41
26 2296
34 3046
85 6267
33 2915
39 3467
2308 26
45 3992
31 2805
33 2804
1 225
286 1
79 99
33 2916
1256 13
5382 64
50 4194
64 5333
80 2877
4743 57
86 6719
57 3663
2140 24
20 1941
79 6286
83 768
2879 53
1053 8
20 1942
57 78
64 5299
29 2543
79 6292
59 5038
1032 8
59 99
67 99
59 5039
93 0
37 3257
67 5176
71 5946
56 99
1225 12
24 2188
5383 64
2 99
2242 25
71 5962
76 5323
2926 33
76 6135
76 6146
52 92
76 6136
52 4435
56 4712
67 3641
112 0
25 99
85 6682
5827 70
45 3984
38 99
53 4481
59 5040
29 2562
2636 29
2637 29
14 99
69 5696
6519 83
6520 83
4373 51
85 99
764 83
29 2542
84 92
18 1592
18 1862
18 1888
84 6641
61 5223
85 6272
70 5818
85 6266
64 2986
2 442
5799 70
15 1651
15 1639
50 4196
50 4195
1 16
6605 84
27 2359
18 1884
18 1885
5041 59
14 92
466 38
6598 84
14 1499
76 4482
15 1637
14 1500
1 3
38 92
761 83
38 3322
5006 58
64 5384
52 4452
17 1823
38 3318
85 6681
762 83
69 5721
69 5697
29 2546
4849 58
772 44
5784 70
51 4360
17 1815
64 3651
235 18
458 2
3856 44
6698 85
38 442
40 3124
4805 64
2804 31
84 6595
36 3069
6699 85
80 6373
11 1180
36 3104
67 2356
5385 64
67 5638
58 4847
1385 14
73 6076
65 5457
36 3077
40 3571
34 2995
6293 79
79 6294
82 6446
72 5990
73 38
40 3527
53 99
80 53
4565 67
31 2808
31 2878
4566 53
2800 31
67 1803
661 67
66 5554
4 668
61 82
12 625
82 2187
36 3098
72 5991
36 3074
3434 39
3110 36
72 5992
72 5993
72 5994
72 5995
4103 47
2559 29
30 2750
36 3073
56 4715
72 5967
72 5977
5996 72
34 2990
80 81
4483 53
40 3521
34 2992
73 6068
1159 11
31 33
6414 80
13 1255
3857 44
37 3258
2399 29
5042 59
5549 66
61 5205
3479 39
5954 71
36 3114
36 3090
18 1890
36 3093
36 3084
36 3091
65 5531
454 2
37 3270
3263 37
1 270
18 1861
3005 67
20 92
31 2829
1 269
65 5534
31 2839
31 2860
1845 17
2101 23
50 2181
2102 23
5823 70
17 1807
30 2751
24 2200
2834 80
67 5618
14 1501
14 1502
64 57
80 2357
8 92
3 617
3 190
1950 20
13 18
1074 57
1 288
235 80
33 99
41 3609
53 4511
39 3426
4503 53
4170 48
1 289
64 5303
1 257
51 4361
5317 64
37 3260
2544 29
1 192
47 4104
67 4839
66 5559
6744 86
45 4004
50 4216
1 193
3 99
5800 70
16 92
16 3
1 290
50 4213
3 618
50 4280
2541 29
3 222
2994 34
235 40
50 4281
72 5969
38 3382
235 53
4005 45
5722 69
69 5704
69 5701
6464 82
26 2301
14 1503
26 2306
26 113
26 160
38 858
38 431
70 5779
3 95
26 2264
3139 36
14 1504
70 5828
26 1441
20 1948
2 74
70 5829
235 66
23 2156
1277 13
23 2103
3297 37
1 291
18 1891
39 3436
19 698
26 2309
29 2545
1 274
14 1505
48 4166
48 113
12 1227
6745 86
3704 76
83 6503
3335 38
17 1846
11 1190
17 1847
11 1186
1281 13
52 4424
292 1
64 5296
9 383
2547 29
2109 23
17 219
16 1741
5812 70
2551 29
29 2623
17 1812
758 83
2 373
5783 70
57 4749
58 4846
5806 70
5830 70
14 1506
29 2638
29 2580
59 5043
3078 36
5349 64
36 3089
6121 76
3 619
1296 13
2 388
2 459
38 3346
59 57
5044 59
69 5719
40 3572
3071 36
2939 33
40 3255
36 3086
3141 36
40 3526
5386 64
53 81
39 3427
5174 67
57 4772
57 3651
57 4751
57 2986
36 3081
20 1949
20 1943
34 3006
80 2815
80 99
43 690
67 5170
43 3830
43 3831
31 2801
33 2829
2279 26
50 4199
145 0
2280 26
2949 53
40 3559
40 3573
79 1849
79 47
372 47
0 146
4567 53
26 99
3832 43
40 99
76 3663
6295 79
74 6112
15 1676
45 4006
45 3988
80 6384
36 3142
72 5997
5045 59
1 293
82 404
1 99
2882 33
33 2913
43 92
43 3795
5778 70
37 3259
6746 86
41 3542
51 99
3527 53
5639 67
40 3558
3430 39
294 1
34 3047
67 3737
33 2940
66 5553
1191 11
33 2941
76 3607
43 3833
53 4568
67 5640
3574 40
67 5641
67 5642
3480 39
67 5643
67 5644
67 5645
5560 66
235 33
5831 70
76 6147
3321 38
69 5723
1810 17
29 2556
1476 38
83 746
70 5832
3481 39
38 3383
2104 23
6296 79
6148 76
76 2893
40 3575
79 6297
2169 23
36 3143
73 6056
39 113
1393 14
3433 39
5646 67
5046 59
3144 36
6720 86
73 1641
58 5007
1507 14
57 4752
36 3145
36 3146
2877 67
36 3147
31 2837
2858 39
70 5833
6747 86
3576 40
4741 57
2310 26
6643 84
29 2639
4716 56
18 1892
38 3384
38 3329
2640 29
45 3991
13 1263
83 6521
2568 29
61 5190
17 92
17 1592
16 1767
52 4453
5 691
50 4197
6748 86
23 2170
86 92
86 6749
4 676
2 15
48 4164
67 5603
1 295
25 2239
6522 83
38 3350
34 3014
34 3003
70 5834
6105 74
76 6149
5794 70
18 99
50 2187
2171 23
59 5047
18 1893
2172 23
86 1815
5835 70
18 1894
29 113
18 1889
74 99
18 1291
2108 23
59 55
1 296
58 4848
83 767
17 1808
62 5270
13 1027
23 2173
58 5008
38 3319
38 3385
70 5822
5788 70
6700 85
3467 41
41 3623
41 3622
2943 33
41 99
2858 31
33 2922
7 929
47 4076
7 838
47 4090
4493 53
36 3088
2839 80
53 33
53 2877
6726 86
53 4548
33 2944
4746 57
82 113
1848 17
3482 39
57 4773
82 6465
4774 57
5280 62
5 696
30 99
7 842
7 841
1051 45
19 1921
4007 45
2552 29
33 2945
41 3640
19 1922
1719 16
7 848
976 7
67 5647
1951 20
39 3431
67 5648
5649 67
24 2187
5650 67
5836 70
5 717
2201 24
31 2864
83 92
83 757
82 6466
50 4222
4106 47
53 4490
4569 53
2946 33
57 4775
70 5781
70 5793
43 2443
83 753
4212 50
1 297
5192 61
24 2190
85 6278
69 5708
53 4489
3834 43
73 92
44 3858
44 3859
44 3860
41 2923
4748 57
38 3333
70 5785
38 3341
5773 70
33 2937
66 1823
83 755
45 3522
40 3552
3085 36
50 4203
50 4238
235 31
5838 70
33 2914
33 2919
69 5718
33 2947
5837 70
38 3368
3386 38
694 9
235 69
67 5614
36 3087
5564 66
18 1859
1 213
70 5772
18 1881
6066 73
826 76
27 2361
4358 67
2 387
38 3387
38 3388
57 4776
69 5706
69 5698
4737 58
1895 18
6723 86
11 1165
2363 27
13 14
18 1896
13 1316
1 265
61 5196
745 83
70 5839
70 113
77 99
5840 70
70 5771
23 2174
5387 64
2 385
2175 23
58 5009
77 6230
41 113
5841 70
77 6218
59 5048
59 5049
2 389
6231 77
6277 85
2641 29
69 5724
23 2154
69 5725
69 5717
23 2117
66 5565
5566 66
5567 66
70 5842
70 5843
85 6271
59 5050
70 5844
84 6644
70 5845
2 379
59 5051
1824 48
52 4455
1759 16
1424 14
5847 70
69 5699
18 1897
85 6701
1898 18
53 1027
398 2
38 3389
53 1301
38 1381
23 2163
4171 48
11 1147
1146 11
663 16
5846 70
2549 29
83 6507
83 766
16 561
1718 16
13 1269
13 1305
5786 70
5388 64
5389 64
3 562
3 558
3 563
405 64
23 2159
23 2123
23 2176
6500 83
14 1508
64 2639
6645 84
80 6415
2656 64
85 6274
30 2715
3429 39
2823 31
30 2746
6103 74
34 3002
31 2880
2 5
36 3148
19 1923
83 6524
74 6104
4107 47
47 4080
12 1237
5651 67
67 5602
14 1509
1036 33
1054 8
48 4172
2 460
2232 24
39 3454
66 5568
77 6232
39 3456
77 1131
77 6219
39 3452
79 6298
79 6299
2 461
1720 16
5 383
5052 59
752 83
3535 80
4484 53
1716 16
5 692
5 709
5 19
44 3861
43 3802
43 3797
44 3862
44 3863
44 3864
44 3865
44 3866
8 1055
8 1056
1043 8
43 3798
5652 67
43 3806
83 6525
43 3835
8 1057
6233 77
66 99
5 694
2 376
34 3020
395 2
84 6622
30 113
3605 41
84 6621
23 2107
4570 53
2 9
83 743
83 6526
83 6505
83 740
38 3390
27 2371
47 4108
30 2724
31 2881
31 450
52 4433
77 6234
83 6508
15 1644
1768 16
14 1510
38 3391
41 635
1856 65
1769 16
665 11
661 41
64 5165
5569 66
50 4244
9 692
85 6689
50 160
38 1630
23 2164
25 2243
83 760
38 2745
2311 26
6646 84
2642 29
23 2177
2601 29
50 4231
50 4282
8 1058
20 1944
1 194
59 64
2124 23
44 2923
5390 64
44 688
36 3149
44 1
44 775
44 92
44 3867
4109 47
40 80
3641 41
3150 36
763 65
19 1930
4110 47
3080 36
31 2882
1074 67
6113 74
3483 39
4088 47
40 3577
72 5998
72 5999
67 5624
6750 86
6751 86
1192 11
44 3868
3869 44
50 4202
33 2948
1193 11
76 3716
3048 34
42 3662
4283 50
77 6224
4008 45
7 908
52 4456
7 956
16 1770
6752 86
45 4009
10 1121
6467 82
1833 33
977 7
79 4123
7 978
33 2929
50 4191
79 92
50 4228
67 5653
67 2639
6150 76
5654 67
69 5714
4239 50
8 1033
51 1802
43 3796
1194 11
2935 80
3102 36
2 462
6753 86
6379 80
33 2949
490 18
5570 66
66 5563
42 3654
1 298
42 3657
60 67
11 92
51 4374
51 4375
1157 11
5391 64
4010 45
5571 66
13 1261
85 6268
47 4111
47 4112
5191 61
8 1059
8 1060
1037 8
85 6270
6754 86
3392 38
14 1440
6725 86
559 3
1 299
3 620
71 5948
197 1
71 5952
2118 23
621 3
50 4284
2142 23
5214 61
14 1511
44 3870
44 3871
2643 29
14 1512
4376 51
76 3008
42 92
42 3656
76 3002
42 3678
13 1323
6647 84
6696 85
2 399
65 99
84 6648
59 3070
5053 59
83 6528
1095 9
59 5054
5055 59
84 6649
59 5057
59 5058
59 3651
5059 59
5304 64
4850 58
72 5983
44 832
5392 64
5393 64
3836 43
51 4377
51 3172
3535 40
36 3151
31 1255
4 113
70 5820
80 4606
27 51
2858 33
43 3812
2 463
57 4753
2 450
2 92
5848 70
50 4198
72 6000
44 3872
44 3873
6001 72
72 5981
44 3874
86 6721
6755 86
2553 29
1 300
