6809 973
40 3522
67 5602
2815 80
14 1383
40 3524
262 1
60 5144
36 3069
23 2109
36 825
55 67
67 5170
42 92
5696 69
234 1
11 1179
5608 67
5609 67
3605 41
13 1027
13 18
24 2140
6722 86
39 3433
2543 29
61 5190
61 5201
1719 16
37 3257
9 5
37 3260
27 2359
1 192
1 225
1 194
61 5218
36 3074
50 4222
42 3720
13 1255
13 1286
36 3085
69 5709
24 2187
39 3429
50 4217
6689 85
3462 39
42 3659
50 4231
38 3318
9 2
80 2935
29 2559
82 61
2858 39
5 691
29 2581
5 694
26 2270
909 56
29 1441
15 1637
23 2102
69 5708
24 2227
14 1455
5610 67
14 1395
4493 53
76 60
2556 29
1716 16
116 0
40 3526
17 1837
15 1651
6219 77
80 6404
764 83
36 3084
28 2421
50 4194
36 3070
3 44
28 2399
53 4481
2228 24
61 5203
61 5220
61 5204
61 5216
38 99
61 5196
2344 54
61 5221
6719 86
441 2
84 6623
4 668
385 2
64 4785
36 3077
33 31
28 2487
762 83
3 6
60 5145
598 3
1175 11
818 6
442 38
54 4645
3527 67
3629 41
5354 64
60 5146
9 691
53 4543
466 38
34 3013
60 5147
11 1147
60 5148
11 1146
28 2397
6503 83
34 3006
76 3008
28 2404
2225 24
6433 82
5192 61
29 2562
29 2601
6 819
6 820
5205 61
64 5299
774 6
80 6373
31 2862
31 2863
76 3716
7 838
76 4757
76 5604
76 3704
31 2839
64 5300
64 5306
69 5706
34 3014
54 4678
50 2187
54 4632
50 4203
76 5762
1813 17
76 3663
76 6133
76 5058
76 5639
50 4193
76 4842
50 4195
16 1726
95 3
1720 16
9 696
76 6124
76 3679
3 190
53 4506
53 4544
42 3688
2 92
6500 83
2395 28
17 1812
76 6134
76 6129
15 1635
745 83
6121 76
4788 64
0 90
1 220
50 4197
50 4202
83 752
5303 64
13 1306
13 1256
27 2364
105 0
688 6
36 3089
84 92
38 3320
23 2101
30 2712
36 3075
398 2
3651 64
6504 83
2152 23
83 92
2541 29
5355 64
64 57
14 99
14 1456
74 0
1672 15
14 1397
0 92
28 2398
0 112
86 92
3 0
28 2471
28 2420
84 6598
28 2436
41 3630
3461 39
39 3451
40 3550
2429 28
39 3463
39 3426
34 2992
5356 64
34 3002
34 3004
53 99
72 5971
41 667
36 3090
42 3654
37 3258
80 2839
13 1307
36 3073
53 1497
34 2995
20 1942
235 40
39 3427
60 5149
42 3655
42 3665
60 5150
15 1673
3015 34
263 1
66 5547
30 99
30 670
80 188
4252 50
31 2804
4253 50
67 5176
31 2800
29 2553
3215 76
7 841
2877 80
1743 16
1725 16
4424 52
40 3255
4503 53
6 772
67 99
67 5611
34 3016
80 2834
34 2999
3464 39
3017 34
54 99
39 3465
20 1941
56 4715
4255 50
50 4191
6505 83
36 3091
72 5969
72 5967
4545 53
911 7
4192 50
42 3656
39 3456
3018 34
40 3551
40 3552
41 99
64 5296
43 92
3802 43
43 3823
43 3824
80 3522
40 3535
157 16
53 81
69 5704
29 2542
29 2588
34 2990
59 64
56 4712
15 1636
50 4256
39 3436
66 5548
67 2356
34 3019
50 4215
4482 76
7 846
2994 34
2561 29
23 2103
4257 50
6736 86
117 0
34 2993
34 3010
29 2399
2142 23
86 6735
26 2264
26 2263
29 2549
72 5972
29 2548
60 5130
66 5549
66 5550
2105 23
66 222
93 16
66 5551
66 5552
66 5553
66 233
42 36
66 5554
66 312
60 826
66 5555
42 3680
16 44
17 1811
6626 84
2104 23
1820 17
50 4258
4259 50
5209 61
16 6
23 2124
29 2425
6 821
30 1027
822 6
6122 76
786 6
58 4847
58 4846
58 4862
6506 83
13 1266
13 1272
6277 85
85 99
28 2412
28 2424
38 3321
386 9
77 92
38 3353
5357 64
591 3
58 4852
1 99
41 635
69 5699
28 2445
77 6218
30 2744
3 596
74 6103
74 6104
5358 64
28 2431
28 92
5359 64
3290 37
36 1653
3291 37
6105 74
30 2743
57 3663
34 3020
5360 64
72 5973
16 672
16 1626
57 4744
30 2710
57 4755
3080 36
2554 29
43 3812
80 6403
1457 14
282 42
2295 26
80 625
4743 57
57 3651
197 1
235 76
76 4005
53 4511
31 1255
16 1
31 80
7 912
50 4260
5974 72
850 7
38 1476
2 373
36 3093
36 3094
36 1805
31 2801
2829 31
80 6405
40 3553
3466 39
67 3641
67 3005
80 99
42 3686
4261 50
80 6406
39 3452
85 6682
52 92
66 99
66 5556
5557 66
26 99
23 2155
66 259
1857 50
66 5558
76 2893
28 2517
57 4753
28 2507
26 2296
3631 41
52 4442
28 2518
2297 26
76 6135
76 6136
76 6137
913 7
2224 24
1 202
76 6138
4679 54
26 1441
1 193
50 4211
666 26
3292 37
82 2187
82 6446
57 4756
24 2188
64 5333
25 2241
37 3293
66 5559
29 2545
29 2616
1735 16
17 1838
83 746
83 3820
83 1027
2156 23
24 2196
83 758
0 89
29 2544
23 2123
1755 16
3 587
52 4435
3 16
4 676
5215 61
28 2394
15 1639
3 567
2193 24
2206 24
2418 28
6 157
9 698
2 420
2157 23
14 1458
14 1459
599 3
14 1460
84 6622
28 2433
235 18
4805 64
40 99
3294 37
47 4087
56 99
74 388
3434 39
43 3806
53 4546
64 5361
36 3096
57 4751
40 3124
2986 39
34 3021
57 2986
4716 56
53 489
42 3657
57 4749
34 3022
34 3023
4497 53
34 564
17 1823
34 3012
34 3024
34 3025
4262 50
600 3
42 3125
40 80
5975 72
20 92
3097 36
67 5597
5604 67
36 3098
914 7
16 92
40 3554
3005 53
67 140
57 4742
4263 50
4642 54
39 3467
57 4748
2678 61
4680 54
42 3661
73 99
58 3129
31 2864
73 92
42 3123
42 3084
42 3666
73 6063
4264 50
1808 17
3181 69
50 4230
4206 50
54 4635
64 5329
5151 60
9 1091
4265 50
47 372
473 9
29 2617
2877 67
67 4839
2986 64
11 1149
34 3026
77 6220
64 266
706 9
40 3555
54 4636
28 2489
563 3
60 3716
7 842
28 2511
67 836
50 4199
54 4663
14 92
3 99
14 1461
4520 53
3 21
3 562
74 6106
3 585
3 601
3 602
3538 69
67 5601
67 4565
3 93
3 603
50 4266
604 3
2618 29
3 569
3 558
6 92
58 4863
58 4864
11 665
6266 85
67 1803
14 1462
14 1463
65 3
29 2547
2201 24
29 2568
1464 14
2194 24
22 0
13 1308
3798 43
54 4637
7 853
118 0
29 2546
4432 52
0 94
76 6132
61 5214
4681 54
570 3
1385 14
52 4426
77 99
77 6221
28 2476
2425 28
93 0
6222 77
2 403
38 3322
28 2427
9 694
13 1309
16 1729
16 1756
16 1730
5362 64
16 1718
16 1757
85 6267
190 1
28 2414
5 2
16 0
16 1741
2406 28
442 2
18 1884
3 605
29 2551
28 2447
28 2479
27 2377
28 2519
69 5710
69 5711
38 3350
2 374
28 2438
2 443
28 2470
2416 28
3722 42
2520 28
39 3468
5363 64
39 2921
3027 34
39 3469
39 3470
67 5612
3295 37
3078 36
42 3723
17 92
36 1222
1105 10
235 41
4483 53
31 2865
42 3708
4088 47
42 3702
50 4210
42 670
36 3092
23 2158
13 1310
39 2801
4267 50
67 5613
42 3724
42 1072
35 39
7 848
41 3632
60 5152
60 3008
69 5712
7 857
60 5131
67 5614
82 404
235 53
4 99
34 3028
34 3029
36 3099
43 3811
4089 47
119 0
4 672
10 1107
3678 42
57 4757
13 1271
13 1311
47 1380
74 99
41 3255
41 3542
41 1257
4547 53
3 606
2560 29
380 14
3523 67
42 3687
47 4083
10 1109
10 1113
19 698
61 5195
14 1465
62 5270
1108 10
3588 67
14 1466
20 1944
13 1267
41 3613
1282 13
85 6693
26 1592
43 3800
52 160
2596 29
4268 50
2 444
14 1467
85 6272
6627 84
6139 76
13 1276
13 1312
23 2116
85 6264
85 6278
23 2159
9 92
2 392
2 376
401 2
115 38
29 2574
84 6628
6737 86
23 2160
4509 53
64 5327
64 5328
6615 84
36 3100
36 3101
36 3023
80 3529
67 35
3471 39
3472 39
60 67
60 5133
60 3434
5153 60
31 2866
18 99
6431 82
4758 57
37 3263
60 4840
2867 31
31 187
5154 60
80 81
80 6379
57 4759
4682 54
76 3794
42 3007
54 4683
2279 26
86 1815
74 92
6451 82
4209 50
40 3556
13 1283
4548 53
80 6407
15 1653
53 4549
6408 80
52 4448
30 2714
14 1468
61 5222
13 1313
14 1469
3679 42
29 2619
1945 20
3473 39
36 3103
907 7
3624 41
39 825
14 1389
42 3696
4550 53
73 2901
42 3690
1694 26
73 6064
2 445
74 6107
39 3454
80 2804
1121 10
86 6720
41 3634
72 5976
4269 50
4270 50
36 3104
23 2153
7 916
1 264
67 5600
5615 67
67 3609
54 4684
74 6108
29 2572
72 5977
2141 23
6 823
40 3527
67 3737
23 2161
34 3030
14 1470
52 4427
6 775
16 1748
6 824
2100 23
4271 50
10 1122
73 6065
1758 16
5 696
2 446
58 4865
1946 20
58 4849
85 6273
28 2408
28 2521
58 4866
39 3474
1 196
58 4867
54 4634
54 4658
54 1143
36 2125
10 1120
5364 64
29 2233
17 1841
2204 24
577 3
29 2591
38 845
70 5769
19 383
19 9
9 700
3354 38
0 98
0 106
5770 70
28 2522
1752 16
3355 38
120 0
28 635
28 1027
28 1301
0 97
2163 23
70 5771
24 2186
70 5772
70 5773
70 5774
1 201
5365 64
84 6629
1 213
0 100
2417 28
40 3530
40 3521
18 1859
