6809 752
772 44
7 915
5231 61
5260 61
838 7
3 16
30 1655
50 4193
50 4293
72 5978
3 190
5245 61
1619 14
13 1256
16 1720
13 1279
13 1254
30 99
15 1647
16 657
27 2360
13 1255
13 1327
9 5
13 1253
15 1651
15 1666
3 633
2364 27
12 1225
16 1782
5254 61
1642 15
38 3337
1648 15
509 2
2243 25
46 4032
65 5518
16 1723
20 1942
2791 30
38 3353
38 115
4424 52
5235 61
30 2792
85 113
85 670
4044 46
3538 69
5830 70
58 4847
58 4846
57 3663
5928 70
16 1797
16 1798
30 2711
23 2109
4415 51
23 2184
30 2793
4031 46
2596 29
29 2543
58 5024
5021 58
76 6197
61 5232
61 5195
51 4395
5317 64
58 5025
58 4848
29 2556
29 2701
4035 46
13 1269
95 3
4737 58
5023 58
38 466
38 3381
2 518
58 4849
70 5823
384 2
2 527
51 4393
4034 46
3323 38
2545 29
64 5478
46 4065
2629 29
82 2187
82 6493
46 4041
29 2541
4071 46
57 4753
57 4778
76 6121
57 64
57 4761
57 4827
29 2544
57 4748
57 4801
57 4744
50 4194
57 4773
57 4751
57 4750
7 842
46 4069
70 5781
2036 21
3373 38
4211 50
21 99
70 5817
85 6264
85 99
46 4043
70 5800
2588 29
85 6271
0 177
50 2187
50 4196
21 2037
27 2377
16 1740
2391 27
3 612
25 2241
58 5026
16 1717
3 563
25 99
16 1716
25 2248
656 3
5027 58
30 2712
15 1705
15 1704
15 1706
64 5495
2035 21
6715 85
2559 29
21 2038
21 2039
21 2000
21 2001
2040 21
528 2
5328 64
29 2616
15 1637
64 5299
13 1270
5496 64
6716 85
0 89
5497 64
2041 21
21 1980
21 113
21 1983
85 3822
3 99
2042 21
2 504
2 529
68 5671
38 99
2 530
503 2
4822 57
68 5672
513 2
50 4213
13 1261
13 1368
13 1369
6031 72
21 2043
13 1263
13 1370
10 1107
13 1312
13 1371
16 92
58 4871
88 6782
5967 72
50 4202
50 4276
48 4189
531 2
10 1105
10 1106
13 1364
64 5474
58 5028
46 4037
72 5972
13 1372
68 99
25 2258
11 1217
2259 25
88 6794
88 6774
235 5
88 6776
2553 29
11 1216
11 1215
12 1251
61 5190
61 5214
13 1358
68 5673
68 5674
4072 46
68 5675
2359 27
56 99
11 1151
51 4360
51 99
6433 82
11 1186
11 1218
519 2
27 2371
13 1267
1193 11
2549 29
4366 51
27 2390
5897 70
65 99
5676 68
77 6238
0 161
64 5296
5268 61
10 1141
7 848
1018 7
29 2702
29 2562
77 6218
20 92
404 82
70 5778
70 5892
5 720
181 0
5241 61
5677 68
4350 50
0 92
51 4374
51 4375
51 4386
4416 51
70 5930
5678 68
38 3417
38 3322
68 5679
13 1305
68 5680
68 5681
5682 68
3 606
44 92
44 3956
44 3957
21 2044
5498 64
532 2
533 2
65 5520
70 5795
70 5859
70 5784
70 5931
534 2
70 5932
70 5933
88 6795
535 2
5 696
1109 10
4712 56
2045 21
5 692
47 4146
70 449
70 5934
70 5929
2554 29
2 536
537 2
29 2601
538 2
2 539
44 3958
44 3959
15 113
2703 29
5 694
29 2689
29 2542
21 50
51 4417
72 3663
4 688
51 4418
51 4419
510 2
6125 76
88 6796
5 691
51 4420
51 4421
68 5683
44 3960
4422 51
1956 20
25 2240
6468 82
5029 58
13 1373
38 3418
13 1374
38 3419
13 1375
540 2
4859 58
3420 38
15 1707
16 1735
18 99
15 1692
29 2704
46 4039
3651 64
5684 68
20 1952
69 5751
68 5685
3345 38
68 5686
68 5687
68 5688
77 99
1341 13
36 3074
1252 12
77 6221
50 4351
62 5291
62 5292
62 5293
5779 70
3961 44
3421 38
5935 70
77 6219
5327 64
64 5499
44 3962
5812 70
44 3963
44 3964
44 3965
44 3966
44 3967
36 3248
74 92
65 5457
69 5706
52 92
521 2
541 2
6041 72
21 1982
2046 21
2 516
2 542
30 113
30 270
11 1219
56 4736
2 543
20 1941
72 6042
72 6043
72 6044
4715 56
64 5165
88 4267
23 2171
5689 68
23 2105
57 4828
68 5690
69 5696
20 1949
4070 46
2 544
2552 29
2 545
4829 57
4830 57
4737 56
2102 23
58 5030
546 2
15 1708
17 92
0 7
5936 70
0 182
763 65
548 2
30 2710
88 6797
2705 29
13 1259
51 4361
38 1476
203 38
547 2
4061 46
4747 57
88 1857
88 6799
29 2581
20 1943
15 1635
61 5196
522 2
64 5304
2706 29
2101 23
64 5500
68 5691
5 19
5692 68
4 668
3321 38
505 2
50 4207
69 3721
0 183
5813 70
108 0
36 3249
0 104
50 4203
184 0
88 6800
62 5283
56 4738
17 1853
83 742
83 92
21 2047
21 2048
69 5752
5542 65
760 83
185 0
85 6273
2623 29
6717 85
50 4270
64 5333
64 5436
83 6560
83 764
83 747
83 758
83 746
83 767
7 1019
70 5769
7 1020
7 843
755 83
5937 70
64 5501
64 5428
64 5315
4042 46
69 3181
69 5729
18 1379
23 2107
23 2142
7 1021
18 1862
25 92
752 83
18 1899
44 780
23 2134
6362 79
6718 85
79 99
3318 38
85 6278
16 0
549 2
73 6102
550 2
2049 21
2693 29
1220 11
11 1221
551 2
689 4
0 107
57 4743
11 1150
72 6045
4 672
15 1709
15 1638
88 6801
6802 88
5762 72
88 6773
36 3250
66 99
6209 76
1036 72
76 6156
13 1376
6803 88
36 3251
88 6804
88 6805
88 6798
4161 47
4831 57
47 1860
2 525
69 5739
69 5741
552 2
69 5732
50 4199
2 553
88 6783
53 4625
53 4626
698 19
13 1377
5549 66
82 6494
5594 66
5 386
15 1649
62 5270
2 554
191 3
3 651
5595 66
44 3968
1113 10
4 669
76 6166
4192 50
29 2611
47 372
76 6210
50 4191
50 4197
29 187
58 4850
38 3422
15 1639
64 5459
64 5178
85 6267
79 6363
53 4624
53 4627
64 5502
5693 68
44 672
44 3969
5753 69
83 757
64 5503
82 594
5294 62
62 5271
5694 68
62 5272
1972 20
0 173
79 6308
1973 20
50 4352
44 3970
17 47
16 1799
70 5939
79 6286
44 3971
5754 69
5940 70
69 5755
69 3522
69 5756
69 5757
69 5758
69 34
69 5759
69 4841
69 4751
69 5760
69 5761
69 5060
69 3020
69 140
69 5762
69 569
6364 79
79 6365
6366 79
6368 79
79 6367
6369 79
79 4154
79 6350
21 1997
21 1981
1991 21
21 2050
21 2051
2052 21
57 4749
5295 62
29 2655
46 4073
46 4036
1633 53
57 4832
69 5763
4628 53
555 2
50 4323
50 4200
5764 69
76 6211
69 5765
57 4833
57 4834
15 1660
112 0
72 6046
72 5747
72 5767
50 4353
688 44
15 1710
4354 50
69 99
69 5766
2707 29
69 5731
76 57
88 6775
25 2239
18 1920
16 1715
1974 20
4835 57
1391 14
5560 66
79 6333
5941 70
52 160
79 6370
5 383
46 4074
4 678
76 6212
76 6213
2 556
16 1726
2 557
4713 56
1142 10
11 1222
1975 20
25 2246
0 94
1719 16
29 2560
29 2546
64 5504
6371 79
83 751
29 2551
6263 77
70 5938
69 5767
1022 7
12 1228
57 1612
3 567
57 187
574 3
30 2795
83 6500
4836 57
1976 20
56 660
16 1718
16 1721
44 3972
44 3973
44 3974
4739 56
44 3975
17 1811
17 1820
44 3976
7 1023
3 0
64 5329
64 4751
79 748
3902 44
3 658
72 3522
1979 21
6769 88
