6809 786
45 3987
42 3654
45 3986
40 3124
30 2716
45 3984
30 2714
31 2800
37 3262
5517 65
31 2801
80 485
6 781
1737 16
772 6
4 674
5 99
29 2543
4195 50
2101 23
2359 27
5 691
4485 53
13 1255
13 1283
1256 13
788 6
50 4204
80 6375
31 1255
41 3542
26 99
39 140
40 3523
40 99
42 3653
60 5129
40 776
42 3664
42 3665
2877 80
80 40
16 1728
39 3426
50 4194
42 3656
42 3662
80 2935
42 3667
45 3988
14 485
3989 45
50 2187
39 3427
2802 31
2803 31
17 1827
19 698
190 3
694 9
41 99
3 99
24 2140
3 93
29 2541
64 57
1160 11
40 3524
31 2804
64 5296
86 6719
86 6721
31 2805
28 2395
6 789
50 4191
84 6595
2806 31
80 188
235 41
3428 39
9 691
29 2556
28 2446
42 3655
15 1658
39 3429
702 9
6429 82
4208 50
39 3430
7 838
2 402
17 92
17 1828
31 33
60 826
846 7
3431 39
3668 42
2365 27
4432 52
6 790
43 92
82 6430
82 2187
41 3605
5192 61
3 16
3799 43
17 1808
6376 80
23 2102
23 2109
24 2189
7 842
2393 28
23 2103
3320 38
2104 23
1 225
6377 80
80 6374
23 2125
3321 38
1399 14
27 2366
2126 23
28 2436
40 3521
2807 31
3432 39
61 2678
18 1864
2575 29
82 6431
15 1637
80 6378
80 2815
80 6379
39 3433
82 6432
41 3607
84 6602
29 2576
29 2542
6 775
29 2546
2577 29
29 187
4190 50
37 3257
4 668
50 4199
50 4193
50 4209
50 4200
2808 31
2564 29
5130 60
80 99
42 3669
29 2547
29 2578
42 92
71 2187
71 5946
14 1400
29 2579
29 2233
6598 84
28 2397
16 92
15 1635
1727 16
15 1639
29 2545
18 1291
18 1859
59 64
28 2427
2425 29
1 99
1 230
85 6277
11 1156
194 1
61 5200
1385 14
1 238
24 2186
18 99
2 400
2 391
2548 29
2202 24
93 16
1649 15
3 572
18 1866
3322 38
14 1401
2399 29
29 2580
18 1867
2124 23
58 4851
2199 24
2557 29
28 2399
58 4846
28 2430
578 16
2 398
13 1272
13 1288
13 1289
18 1861
29 2568
64 5299
58 4852
24 2206
18 1868
17 1812
17 1807
58 1714
2114 23
17 1811
28 2394
2 399
28 2445
28 2440
64 5298
28 2447
28 2441
28 2415
28 2420
2448 28
28 2425
38 99
38 3318
28 2398
38 466
38 3323
28 2449
64 5300
64 4788
28 2442
28 2403
28 2422
17 1815
3651 64
2450 28
64 5301
64 5302
95 3
54 99
28 2439
30 99
64 5303
64 5304
54 4633
4850 58
858 7
2404 28
2407 28
3525 40
42 3670
1 26
82 6433
5512 80
80 2839
3661 42
3434 39
3671 42
2438 28
4640 54
40 3527
31 2809
31 2810
31 2811
54 4634
26 2275
54 4635
4643 54
31 2812
26 2278
26 2274
2279 26
31 2813
31 2814
26 2273
60 5131
86 1815
5514 65
3435 39
1694 26
5297 64
30 2717
37 3261
50 4197
29 2581
29 2551
13 1261
4639 54
30 2718
37 3258
30 2719
837 7
26 1592
26 2270
42 3672
1 196
1 237
11 1161
2720 30
213 1
50 4203
1 193
1 239
64 5305
4210 50
28 2421
50 4211
43 3802
1640 15
2127 23
6380 80
39 3436
50 4212
42 3673
71 5948
42 3659
1738 16
61 5190
29 2582
2280 26
11 1162
3608 41
11 1147
11 1163
11 1153
18 1869
4 676
4 677
2815 31
28 2451
3437 39
28 2452
15 1636
40 3526
26 2276
42 826
42 3674
31 2816
1829 17
26 2267
3260 37
665 11
58 4853
58 4854
1720 16
18 1870
5949 71
2817 31
82 6434
18 1871
28 2453
28 2454
28 2410
28 2455
2281 26
42 3675
82 6435
5950 71
53 99
4855 58
50 4213
24 2201
16 1726
573 3
24 2192
61 2764
61 5201
17 635
18 1872
29 2570
24 2198
13 1290
6272 85
28 2457
235 54
16 1724
28 2456
205 1
28 2412
14 1402
2458 28
28 2401
2459 28
85 6267
28 92
28 2460
2 403
28 2413
28 2461
29 2566
2 396
58 4847
6 782
1739 16
29 2583
5306 64
61 5191
2 404
61 5202
28 2462
29 2558
2195 24
18 113
5307 64
373 2
85 6278
3264 37
31 2818
3265 37
3652 42
3677 42
7 856
53 4486
3800 43
30 2721
30 2722
19 1921
53 4487
53 4483
3990 45
28 2463
64 5308
64 5310
64 5311
64 5312
64 5313
64 5309
64 5314
71 5951
786 6
7 141
18 1873
40 3522
80 6373
3522 80
7 859
7 860
4 675
7 861
862 7
42 3679
6436 82
42 3680
42 3681
1 200
7 863
7 864
16 1740
80 2804
6381 80
27 2364
6382 80
42 3682
3991 45
71 5947
1741 16
40 3528
40 3529
2108 23
3803 43
54 4632
53 4005
53 4481
7 841
4488 53
7 848
86 92
7 866
42 3684
7 142
3 567
6383 80
774 6
11 1158
3683 42
40 3530
6 791
61 5204
16 1718
3 563
2117 23
23 2128
9 99
6683 85
14 99
15 1643
15 1642
2553 29
39 2801
1 211
1 232
1 240
24 2187
24 2188
31 2819
380 50
31 2820
1 223
14 92
17 1830
14 1403
42 3685
17 113
31 2821
31 2822
5 701
6 779
6 792
2464 28
50 4202
85 396
28 2465
28 2466
23 2106
71 5952
5 2
5 694
85 6680
14 1404
15 1651
2363 27
13 1260
58 4849
2584 29
85 99
1 192
85 6273
28 2396
38 3317
38 442
58 388
9 2
215 1
28 2467
28 2406
8 45
28 2419
53 81
5 9
41 3609
3522 45
60 4840
80 81
82 6437
31 2823
39 3438
13 18
4 672
2190 24
11 1157
4857 58
7 100
41 3610
1659 15
4214 50
53 4489
53 4490
9 697
2 92
13 1291
2207 24
50 4215
53 4491
28 2429
53 4493
2561 29
24 2208
4636 54
45 3992
64 5315
4494 53
4 99
45 3993
2824 31
241 1
3266 37
42 36
82 61
15 1660
14 1405
235 26
43 3804
14 1406
14 1407
1742 16
17 1823
5195 61
29 2572
17 388
793 6
14 1408
14 1409
13 1292
5 703
5 696
1293 13
1410 14
52 4424
5205 61
17 1831
5 383
385 2
3324 38
64 5316
18 356
3267 37
6384 80
80 6385
30 2723
2468 28
2469 28
41 3467
6 785
4495 53
473 5
6 783
4496 53
13 1285
13 1286
3268 37
37 3269
136 3
704 5
3439 39
6 92
44 16
5193 61
6 16
7 87
6 794
11 92
3440 39
4844 60
42 3686
3 574
1159 11
26 2282
53 3005
11 1149
1164 11
42 3660
3658 42
7 849
65 5518
5317 64
4498 53
4499 53
4500 53
4501 53
4502 53
235 37
5 386
42 3687
4503 53
3531 40
2986 64
5953 71
42 3678
2549 29
24 2194
6386 80
242 1
3 558
3 560
82 6438
24 2209
795 6
6720 86
3 575
7 660
2210 24
43 3805
867 7
1813 17
2367 27
31 53
6 796
1 224
6 784
16 450
6 778
14 1411
1874 18
2 394
9 1081
9 1082
9 1083
9 1084
9 1085
9 1086
9 1087
58 4858
28 2470
2 377
42 3689
30 2713
30 2711
37 3270
6 777
82 6439
82 6440
2585 29
31 2825
4482 53
39 31
39 3441
4504 53
39 35
80 33
2586 29
3442 39
42 3657
42 3690
1294 13
60 5133
27 2368
2839 53
50 4198
5 700
82 6441
53 2860
53 2877
405 2
6387 80
42 3691
4216 50
406 2
80 3007
53 4505
29 2559
29 2554
53 4506
3005 41
6388 80
4507 53
60 5134
3325 38
14 1383
30 2724
42 3692
42 3666
3326 38
28 423
28 2437
4508 53
4785 64
1394 14
2266 26
386 9
52 4431
43 3795
576 3
45 3994
2571 29
27 2360
9 709
2361 27
9 383
28 2122
28 2471
197 1
4433 52
4438 52
28 2402
14 1412
1 243
1 244
9 692
5318 64
