6809 898
37 3281
58 4847
88 6773
39 3426
27 2359
39 3433
30 670
31 2801
4712 56
992 7
8 1037
39 2801
30 2772
29 2543
30 2773
5176 80
29 2639
6774 88
57 4743
1200 11
6129 76
11 1149
33 2977
33 99
72 6013
6288 79
5954 71
3467 39
6121 76
1225 12
4051 46
7 38
13 1255
13 1256
74 483
7 848
7 915
29 2556
39 3448
3085 36
13 1270
33 2815
64 3651
84 6609
4 669
19 698
43 3844
30 2774
2547 29
1 349
1 350
4 678
50 4194
20 1941
20 1942
0 89
44 772
5962 71
3 99
50 2187
2985 33
44 92
50 4203
2877 53
39 3451
84 92
4465 52
45 3991
39 3436
8 1032
13 1271
50 4193
300 1
84 6621
39 3486
235 22
838 7
2670 29
45 3984
832 44
13 160
4034 46
88 6769
5946 71
73 6083
83 92
83 747
22 2055
29 2581
42 36
25 2239
25 99
3798 43
84 113
57 3663
29 2545
58 5014
31 2804
2829 31
8 1078
31 2800
84 6603
8 92
8 1074
6169 76
3424 84
1 312
1 194
1 351
61 5211
61 5203
61 5208
100 0
42 92
84 5558
1 192
84 6598
88 6779
190 3
2 459
74 99
84 6641
9 5
9 383
235 9
2606 29
18 1862
235 18
84 74
95 3
1635 15
69 5696
69 5733
5443 64
61 5234
37 3257
6170 76
69 5699
42 3661
26 2325
26 2311
30 99
2 398
2306 26
38 99
38 3322
4424 52
76 4005
42 3735
43 1027
14 1566
41 3614
758 83
624 3
1 99
42 3695
51 4360
41 3629
1884 18
2 376
563 3
9 2
438 2
3 638
428 2
385 2
42 3751
2804 33
1040 33
16 92
85 6266
53 99
3020 34
41 3605
5446 64
3206 36
39 3427
42 3680
42 3681
51 99
76 60
5299 64
5189 60
2074 22
466 38
442 38
43 92
43 3845
79 4139
6014 72
4481 53
79 47
5447 64
372 47
60 67
3020 53
36 3069
3080 53
36 3091
3207 36
36 3187
3139 36
3220 60
39 3438
3512 39
39 3463
825 36
4593 53
36 3105
4 674
3846 43
40 3124
40 3526
6132 76
4594 53
84 6637
39 3443
20 1949
39 42
60 5130
76 826
76 3704
11 1154
11 1151
76 3716
11 1202
3491 60
60 5133
60 3716
33 2915
740 83
83 763
4595 53
1945 20
6778 88
8 826
8 76
22 2058
79 99
4136 47
5967 72
82 404
13 1283
36 3074
40 99
40 3603
40 3579
29 2399
29 2576
4137 47
43 3795
83 625
30 2710
3516 39
3104 36
30 2775
34 3062
43 3847
62 5278
3517 39
50 4195
6780 88
2 391
30 2711
74 6105
4199 50
3518 39
3892 44
0 7
76 2187
33 2980
53 4548
2879 53
1180 11
2 386
4596 53
2551 29
15 1687
36 3077
4466 52
4138 47
85 99
3118 36
4715 56
84 2799
48 4163
51 4361
79 6306
4713 56
235 13
42 3658
76 6172
3632 76
76 3008
386 5
64 59
76 4482
16 1719
2623 29
38 3345
1336 13
42 3657
13 1279
42 3687
45 3609
30 450
84 6604
17 92
30 2776
1810 17
17 1853
17 1812
62 5270
62 5273
2075 22
62 5269
61 5209
4849 58
691 5
59 4751
30 308
5448 64
76 6122
42 3665
84 6659
2542 29
30 2721
1337 13
76 57
42 3519
3431 39
57 2986
50 21
2107 23
36 3092
3335 38
2166 23
2104 23
36 3073
61 5190
61 5191
2559 29
11 1203
4751 64
3370 38
23 2126
50 4197
5966 71
2567 29
5288 62
15 1637
37 3312
55 59
42 3704
56 99
13 1273
42 3651
5276 62
14 1567
14 1568
14 1569
88 6775
42 3679
88 6781
42 3753
42 3732
42 3734
57 4775
57 4778
14 1570
14 1390
29 2560
41 3504
4856 58
83 753
83 766
59 635
5119 59
4788 64
16 639
84 6605
2181 23
1 314
1 339
1 200
1 301
64 5304
64 5436
639 3
3078 36
57 1074
41 3651
47 3981
41 3542
72 5969
47 4076
47 4082
4753 57
2829 33
40 3523
79 6327
36 3093
2926 33
39 3519
19 1921
33 2355
2060 22
13 1338
13 1339
1 352
3454 39
33 2987
1035 8
7 842
22 2062
34 3010
39 3434
34 2990
7 841
33 2914
993 7
1727 16
15 1647
15 1651
1726 16
34 2999
34 3014
2372 27
11 665
76 6173
3802 43
1716 16
8 1079
1058 8
31 33
3071 36
2 92
8 1041
31 2839
1159 11
76 6156
76 5762
6328 79
4483 53
8 1036
745 83
76 6174
4435 52
5 733
76 6175
76 6176
6003 72
6177 76
153 0
35 39
40 3527
83 757
55 53
3990 45
2858 39
1043 8
47 4139
38 3395
11 1204
17 1841
50 4308
50 4309
50 4310
9 694
9 691
42 3678
42 3712
2805 31
159 0
42 3700
42 3666
79 4408
42 3692
405 2
4152 79
1778 16
64 5296
6329 79
42 3696
14 92
14 1571
14 1572
23 2103
6056 73
42 3754
51 4396
30 2777
6055 73
14 1573
14 1574
16 1785
84 6649
3005 41
1076 8
3 0
82 6433
59 5120
2375 27
2102 23
52 4433
2 99
0 115
16 0
29 2541
29 2549
42 3755
85 6684
31 2864
42 3756
1205 11
41 99
13 113
31 2870
90 0
13 1269
14 1575
2338 26
909 56
59 5040
14 1576
14 1577
482 2
3522 45
59 5069
15 1649
3321 38
88 6782
141 7
84 6650
36 3007
6608 84
118 0
5015 58
9 698
2548 29
6652 84
29 2648
3 562
29 2671
79 6286
2 392
3208 36
20 1944
18 99
483 2
44 3893
42 3697
83 744
41 3519
1206 11
15 1636
44 3894
18 1476
14 99
18 1894
52 92
76 3682
42 3705
2988 33
4785 64
2858 33
6330 79
3604 40
826 60
7 839
4140 47
59 99
3209 36
79 6301
33 2989
31 39
39 3435
4597 53
2935 53
79 4154
60 5129
88 160
36 3114
36 3120
2672 29
36 3079
44 3895
36 3084
82 2187
48 4178
53 81
1146 11
15 1645
4311 50
60 5131
77 6245
157 16
36 3210
4179 48
36 3211
36 1143
36 3212
3260 37
36 3213
37 3263
88 6783
3429 39
16 3
16 1757
3214 36
2 424
2 484
2879 31
14 1578
3215 36
36 635
764 83
36 3172
45 1051
72 5972
60 4840
2913 33
88 6784
4447 52
11 1179
31 2860
57 4766
1385 14
43 3796
2544 29
43 3848
43 1802
43 3849
4751 57
1579 14
1074 33
6178 76
2911 31
5449 64
45 3985
77 2798
10 12
45 33
72 5978
85 6705
6246 77
57 59
88 6785
42 1072
61 5197
51 4380
51 4397
1036 33
42 3125
5306 64
80 99
30 2778
30 2779
51 4398
30 2780
6473 82
51 4399
57 4800
22 160
42 3757
42 3598
25 2240
42 3716
77 6218
88 6776
29 2673
52 4453
59 5050
88 6786
2674 29
84 474
5121 59
16 1715
8 1080
4033 46
44 3896
41 2898
41 3608
14 1580
69 5706
50 4236
51 4366
30 2781
77 6224
30 270
5303 64
5122 59
69 5734
4052 46
64 2639
466 2
329 1
5123 59
64 5450
4850 58
3520 39
2935 33
58 4846
4598 53
3216 36
33 8
3217 36
4599 53
1930 19
34 3067
0 160
5 2
4 685
6427 80
3008 60
2838 31
6295 79
22 2077
50 4312
50 4313
14 625
44 3897
29 2591
53 3153
53 4511
11 1207
80 2815
80 6402
80 3528
34 3056
16 588
76 6179
16 1753
22 2056
80 2877
36 3218
22 99
50 4306
50 4200
50 4209
50 4191
231 8
59 5124
27 2368
82 6474
6180 76
26 2296
1734 16
3 640
84 3334
80 53
79 263
39 3461
29 2675
2 485
50 4270
50 4314
58 43
29 2655
59 5125
59 5045
40 80
41 3610
42 3686
4730 56
6475 82
4131 47
22 2076
82 6476
82 6477
82 6478
641 3
50 4207
44 3898
4213 50
59 5064
33 450
4400 51
88 6787
31 1255
31 2912
13 1340
59 5056
6610 84
59 5070
14 1581
42 3654
2 389
2 486
642 3
59 5126
5112 59
559 3
3 617
5127 59
762 83
14 1582
5128 59
5451 64
58 4848
38 3341
3070 59
3656 42
571 3
2339 26
2067 22
7 995
7 996
2340 26
4123 47
22 2078
22 2079
34 3068
18 13
643 3
2676 29
18 1914
2626 29
18 1027
37 3258
1915 18
4141 47
61 5227
50 4198
7 431
4119 47
845 38
35 57
61 2764
644 3
18 1916
490 18
6181 76
13 1323
18 1917
61 309
85 6264
42 3689
76 6182
83 756
85 6267
2561 29
1317 13
5453 64
53 4600
4716 56
88 6788
88 6789
43 3806
4601 53
84 6660
2986 64
4602 53
83 6555
83 6539
13 1313
2360 27
997 7
6661 84
4 99
431 2
15 1639
2 442
2 394
645 3
5016 58
25 2249
353 1
37 3280
37 3270
37 3259
26 99
14 1583
0 92
0 161
1030 16
38 3323
38 3378
5735 69
5718 69
235 53
26 2282
64 5454
64 2989
64 5455
64 1822
4742 57
43 3810
74 6120
4 681
4 668
2080 22
44 775
12 1132
61 5235
11 92
72 6015
2081 22
