6809 737
3260 37
50 4198
44 92
44 772
13 1269
4595 72
29 2543
37 3258
37 3270
30 2710
51 4360
3406 38
17 1808
72 6002
83 752
83 6555
42 3519
83 742
745 83
36 3074
85 99
36 825
84 92
1256 13
2547 29
50 4193
53 3153
38 115
38 99
56 99
29 2556
43 92
4005 53
43 3850
56 4715
29 2399
29 2574
50 2187
6183 76
50 4194
50 4315
300 1
26 2341
64 2986
16 1030
27 2359
42 3687
14 1424
14 1440
17 1592
36 3069
53 99
483 74
29 2541
2592 29
3325 38
76 6163
76 6179
76 3510
58 4847
58 4849
82 160
3 0
4483 53
994 18
72 5969
1 200
53 4600
18 356
53 4481
18 1592
1208 11
13 1326
15 1637
84 6599
50 4213
88 6790
77 6220
50 4195
50 4197
17 1809
53 2877
4603 53
77 6218
3758 42
25 2239
76 6121
52 4424
83 160
6613 84
7 848
404 82
57 3663
4053 46
88 6775
2388 27
14 1584
19 705
235 19
19 1922
26 99
13 1255
52 92
52 4435
19 698
13 1340
13 1263
13 1261
4762 57
22 2058
79 99
83 746
4123 79
17 1853
83 740
83 764
83 747
83 743
83 6556
2986 53
79 1031
3409 38
4743 57
79 6331
2559 29
27 2361
83 766
3215 76
82 2187
79 6313
83 92
79 6332
71 5946
83 6500
88 6783
53 4482
88 6791
77 6219
69 5696
2548 29
1884 18
3716 76
83 6528
3543 53
1 99
36 3093
88 6792
37 3257
2 412
76 3704
76 826
88 2187
559 3
1473 83
85 6273
53 4559
76 4005
76 4482
53 4511
30 2711
79 4139
4503 53
42 92
42 3694
16 660
42 3711
16 92
13 1267
16 1720
42 3759
42 3703
83 6557
1786 16
30 2782
85 6267
1385 14
85 6270
42 3732
15 1635
52 4433
3696 42
15 1651
1636 15
42 3712
42 1072
64 3651
42 3123
84 6641
42 3660
5452 64
83 757
7 915
4751 64
4712 56
69 5718
79 6286
58 4846
21 1983
57 4749
4 669
1585 14
4199 50
6184 76
4751 57
21 99
4209 50
13 1285
13 1294
4 685
0 89
42 3685
72 5967
4546 72
36 1033
3219 36
13 18
20 1941
20 1942
36 3105
1105 10
4 668
2082 22
42 282
76 6171
76 57
88 6793
43 3806
77 92
62 5278
50 4270
6769 88
76 3008
2342 26
1787 16
64 57
6598 84
42 3689
1 319
4850 58
64 4788
43 3798
79 47
5 691
5 696
79 6333
44 3899
3187 36
5962 71
61 5190
9 5
76 60
76 3663
11 1166
42 3744
3760 42
1209 11
1210 11
3410 38
10 1111
4604 53
15 1642
29 2551
15 1639
294 1
2306 26
16 1723
6662 84
20 1949
83 755
11 1149
11 113
61 5191
768 83
53 81
1 192
16 1726
13 1265
36 3218
36 3073
30 99
6334 79
88 6782
79 6335
5235 61
458 2
6336 79
4039 46
7 838
88 6784
26 1909
4203 50
77 1026
29 2185
1725 16
29 2565
26 1628
65 5457
85 6264
2677 29
3 567
83 751
235 26
85 6266
44 778
42 36
42 3682
1 234
5328 64
83 741
64 4785
53 4581
354 1
36 635
42 3676
3 99
661 36
61 5208
84 6605
79 6337
79 6288
466 38
1989 21
998 7
4142 47
47 372
1990 21
43 3827
21 1991
1980 21
1992 21
3981 47
4 686
6185 76
1283 47
22 2070
1993 21
283 73
2343 26
6186 76
57 59
73 92
73 6063
11 1211
2678 29
47 4116
29 2546
2 379
48 4180
26 2283
17 1810
1860 47
47 4076
47 4143
0 161
1108 10
1313 13
4144 47
2679 29
26 2272
12 1225
79 6338
25 19
7 999
5193 61
61 5201
6224 77
3637 64
29 2425
84 6603
84 6617
2986 57
1849 17
4 678
6056 73
1248 12
4744 57
58 3406
53 4605
64 5296
487 2
2 99
10 1109
7 1000
36 3220
36 3221
13 1341
7 118
0 92
0 100
13 1270
19 1441
4376 51
53 2913
15 1649
53 4486
5 706
5 695
53 3080
53 33
6621 84
53 4606
53 4519
909 56
29 2542
14 1586
17 92
51 99
6608 84
88 6776
84 6663
84 6602
17 47
4607 53
3 618
4363 51
17 1811
2344 26
11 92
18 1862
18 1888
46 2508
3658 42
582 46
7 849
3085 36
84 6637
17 1825
6247 77
2 488
2 9
1029 84
2 392
2 385
42 3652
837 7
142 7
2 398
2745 51
61 5195
3 562
84 5558
16 94
38 1028
762 83
758 83
42 3661
84 6615
14 99
14 1587
21 1994
42 3659
16 0
1995 21
3 95
83 6558
47 4145
1996 21
47 160
1135 10
3090 36
3071 36
82 2759
20 1952
1116 10
5 375
20 1956
10 1107
22 2056
5800 70
1205 11
5822 70
57 3651
7 1001
51 4397
50 4196
29 2581
58 2764
1957 20
1958 20
11 1144
47 4080
42 3666
1727 16
4316 50
1254 14
2680 29
4166 48
14 1588
1147 11
14 1589
26 2345
6248 77
718 5
72 5978
26 2346
4806 57
26 2347
141 7
26 1627
61 5224
36 3084
1074 57
3802 43
13 1283
17 1812
26 113
72 6016
7 1002
61 5202
82 6479
64 5165
61 5236
43 3811
6597 84
43 3795
38 3361
3 617
18 99
4731 56
30 266
73 6084
3411 38
52 4453
30 2783
72 5997
72 6017
42 3656
77 266
79 6306
77 6221
30 2784
52 4441
46 4036
3322 38
44 3900
6664 84
3319 38
6223 77
50 4212
50 4237
18 1891
3313 37
571 3
44 3901
5304 64
190 3
235 13
64 5394
38 3324
563 3
30 2785
2375 27
235 17
4447 52
355 1
6339 79
3752 42
42 3695
42 3704
42 826
6665 84
1768 16
17 1818
38 442
22 2060
0 162
84 635
4 99
74 92
661 84
84 6666
48 4181
4713 56
74 99
4182 48
1136 10
47 4146
82 6462
12 1132
2554 29
2 389
69 5702
14 660
5778 70
77 1094
82 6433
38 3412
38 3390
48 4163
48 4167
5456 64
20 92
26 2348
7 431
7 842
5701 69
44 794
47 4147
36 3079
1959 20
10 1118
12 10
5880 70
2 454
16 1788
10 1110
83 6518
38 3413
3321 38
6667 84
11 1151
1590 14
76 4783
42 3686
25 99
42 3761
4467 52
1960 20
15 1647
6187 76
52 4437
52 4434
23 2182
70 5812
42 3678
7 892
76 4532
61 5214
7 0
5329 64
6499 83
2 92
5781 70
13 1342
29 2545
61 5226
1789 16
50 4293
1961 20
3538 69
1805 64
2 480
77 6240
76 6122
355 64
12 1227
6249 77
23 2101
14 1591
42 3700
42 3738
235 18
4152 79
53 4505
4514 53
79 4154
3314 37
3812 43
21 1998
4148 47
4 674
4123 47
4149 47
2681 29
30 670
386 5
2068 22
73 6085
52 4468
4716 56
29 2675
4192 50
74 6105
84 6668
79 5954
57 4802
51 3325
29 2639
1743 16
4469 52
2682 29
42 3762
4255 50
1694 26
5881 70
14 92
84 6669
26 1919
14 1592
1274 13
83 625
18 160
13 1343
18 1918
0 163
42 3654
14 1593
15 1688
14 1594
0 115
76 6166
69 5699
14 1595
3763 42
44 3887
52 4425
164 0
2 378
18 14
7 660
4856 58
26 1592
15 1689
26 18
26 75
26 1
5882 70
26 2324
17 1832
6169 76
118 0
77 99
1 18
5451 64
1 356
17 1815
237 1
1 357
14 1596
5306 64
21 1999
21 2000
18 1919
237 18
21 2001
93 3
83 744
