6809 830
744 83
37 3257
84 6671
16 1721
1009 7
64 5296
64 5299
6221 77
757 83
23 2154
2 376
83 747
83 6560
14 99
44 3920
79 6286
23 2103
3 99
3 190
70 5784
70 5832
2183 23
23 2109
65 763
2543 29
6194 76
76 6166
2082 22
57 3651
4160 47
2561 29
57 4807
826 76
6485 82
668 4
57 4751
20 92
42 3654
42 3655
3227 36
38 3393
6089 73
3675 42
46 4037
0 107
0 92
73 6090
6063 73
6091 73
36 3085
70 5779
36 3114
4031 46
46 4034
13 1346
5467 64
53 99
46 4057
36 3074
36 3090
38 3415
42 3689
46 4059
69 160
20 1962
105 0
0 89
46 4058
57 4808
20 1941
5329 64
20 1942
44 3921
44 3922
15 1637
44 3923
29 2562
15 1635
46 4052
3924 44
3656 42
73 6092
13 1347
44 1
13 1255
3263 37
50 4210
50 4193
50 4196
29 2541
5894 70
64 1654
42 3670
42 3703
61 5235
46 4032
4611 53
44 772
5019 58
42 3766
4039 46
42 670
50 4293
4712 56
0 161
4612 53
42 3767
13 1256
57 3663
42 3658
282 42
4809 57
2359 27
64 1802
42 3662
15 1660
42 3765
64 5335
42 3679
51 4402
1 300
47 4147
64 160
79 99
50 4199
50 4325
29 2647
69 5745
466 38
12 1225
42 3519
69 5746
3073 36
4379 51
51 4361
5978 72
4390 51
69 5744
1249 16
36 3077
69 3721
3118 36
69 5706
3112 36
1271 13
4483 53
73 6093
61 5237
11 1147
4194 50
4847 58
2 379
61 5238
61 5240
4424 52
1 99
82 2187
82 6481
61 5214
85 99
42 3661
4060 46
42 3711
42 3666
16 3
73 6054
5543 65
73 6078
4403 51
53 4511
14 1608
7 842
7 841
14 1609
69 5708
69 5718
404 82
7 848
4404 51
53 4481
53 4562
61 5195
5800 70
83 746
83 756
42 3734
70 5895
4473 52
83 6590
5896 70
83 740
70 5810
46 4049
909 56
6218 77
79 749
83 751
83 742
83 6529
51 99
51 4371
1968 20
70 5798
79 6346
79 6347
14 1610
0 110
79 6333
5302 64
5897 70
4360 51
79 6348
79 6308
5822 70
3925 44
44 3926
6591 83
2547 29
1 192
85 6265
3 95
21 1981
36 3104
21 1980
21 1983
2022 21
2023 21
21 113
6192 76
23 2107
23 2142
57 2834
6195 76
57 4810
3141 36
2024 21
61 5190
4743 57
1398 14
36 3228
36 3192
2389 27
46 4041
72 6026
3086 36
79 6349
79 6309
22 160
69 3071
69 3538
3927 44
4061 46
42 92
22 2090
2091 22
1969 20
36 3229
0 168
20 1952
0 169
47 372
79 6314
4405 51
43 92
43 3800
43 3822
5241 61
9 5
29 2569
2544 29
42 3768
42 3769
76 6121
29 2665
42 3770
14 1611
14 1612
4373 51
83 763
42 3771
50 4326
42 3750
56 4733
1716 16
14 1613
294 1
53 4581
36 3069
12 1224
6196 76
56 99
3 651
61 5242
14 1614
6288 79
36 3081
61 5239
61 5243
79 6351
50 4212
61 5244
27 2360
50 21
3321 38
5209 61
50 4327
57 4753
57 4811
83 92
83 6592
4228 50
13 1281
5245 61
13 1348
1693 15
1694 15
4 669
15 1695
1 367
15 1696
1 298
56 4715
36 3071
13 1317
13 1270
6352 79
16 1792
1148 11
16 1720
85 6277
85 6278
2 9
1719 16
85 6273
29 2545
5537 65
79 4123
16 1782
368 1
3928 44
391 2
1615 14
4328 50
61 5246
44 92
22 2071
22 99
774 44
22 2055
42 3772
42 3773
745 83
21 99
3732 42
2246 25
42 39
2364 27
6353 79
42 3091
398 2
21 2000
79 47
5247 61
5892 70
6515 83
70 5898
42 3660
50 4213
70 5899
50 4294
50 4202
42 3659
42 3735
369 1
70 5900
70 5901
497 2
42 1072
42 3123
42 3774
42 3775
51 4375
51 4376
6598 84
83 752
3230 36
83 6542
2556 29
83 760
3231 36
83 766
4329 50
83 6516
83 6500
29 2688
2025 21
83 6593
200 1
498 2
21 2026
21 2005
84 6677
3093 36
77 99
16 1732
53 4487
77 6219
499 2
3260 37
70 5902
4613 53
44 3929
2 500
206 1
5778 70
53 1027
53 4506
53 4614
84 6673
21 2001
30 635
84 6678
6676 84
84 6679
14 1616
2027 21
2028 21
14 1617
69 5696
3232 36
4 99
36 3233
13 1307
2738 47
22 2092
69 5712
4812 57
43 3817
43 3797
38 99
38 3407
43 3798
3234 36
43 3808
22 2093
22 2094
43 3853
50 4330
22 2095
50 2187
0 170
50 4324
42 3672
5 694
1 220
38 3325
42 3776
4 687
3725 42
57 4813
25 99
4035 46
42 3777
25 2239
13 1342
13 1345
76 6198
22 670
1 319
13 1319
42 3252
42 3173
83 758
13 1277
2 99
370 1
1010 7
0 171
0 172
50 4270
50 4314
52 4435
2542 29
3 652
1263 13
13 1349
647 3
47 4143
47 4136
79 6354
76 188
4727 56
4444 52
1030 15
42 3778
50 4206
4331 50
11 1215
29 2683
61 5248
29 2552
213 1
83 762
48 4184
48 4185
3 562
3 563
2242 25
13 604
53 4486
11 113
2559 29
1 193
1 347
1 196
1 239
51 4386
1 202
1 234
13 1261
1 371
1 265
1 214
1 232
1 372
51 4366
1 219
13 1283
4406 51
42 3692
42 3779
42 3780
42 3781
42 3782
61 5249
15 1642
42 3652
77 6251
42 3783
29 2549
2611 29
58 4846
79 1
79 6313
5793 70
2 383
42 3680
5903 70
16 1715
30 2715
30 2762
30 2724
6502 83
30 270
64 449
64 1031
5904 70
57 4814
4815 57
72 5967
73 6094
73 6095
2029 21
72 5972
2030 21
3812 43
6096 73
73 113
4816 57
4047 46
61 5250
6169 76
2 92
42 3784
2 385
69 5747
62 5273
15 1656
22 2096
5905 70
30 99
16 92
70 5906
73 6097
38 3338
42 3705
65 5544
44 3930
2251 25
22 2097
6252 77
4615 53
691 5
29 2588
52 92
52 4453
4497 53
2 501
57 59
42 3785
42 3786
2 15
79 6301
36 3235
36 3236
36 3237
6355 79
51 4399
5306 64
2763 70
43 3854
4460 52
43 3855
11 1149
16 1631
83 6528
16 1735
7 860
3795 43
70 5884
11 92
48 4186
3671 42
2240 25
20 1970
7 838
6199 76
1269 13
64 5443
2 467
58 4848
70 5786
46 4042
2687 29
6356 79
44 3931
77 6244
85 6270
83 6525
51 4395
79 6306
42 3684
48 4187
48 4173
4475 52
6357 79
76 6122
753 83
11 1146
1204 11
11 1216
52 4447
52 4476
29 2601
42 3787
64 5327
653 3
42 3788
42 3789
432 2
79 4154
61 5232
61 5226
5456 64
36 3238
79 6358
36 3239
36 3240
36 3241
2689 29
36 1893
6253 77
51 4407
51 4408
5907 70
15 1697
76 6200
76 6201
44 773
79 6326
2596 29
4409 51
64 5468
994 51
64 3651
4410 51
51 4411
16 1793
5781 70
22 2060
44 3932
21 2031
64 5436
64 5428
2032 21
57 4778
48 4188
38 3398
36 3140
15 1698
11 1151
70 5908
2655 29
11 1186
30 2788
4477 52
25 2252
27 2378
27 2371
42 3790
11 1175
42 3791
72 6028
70 5811
25 2247
5 2
2087 22
720 5
50 4332
73 6098
50 4333
70 5788
1725 16
70 5888
64 5298
64 5318
64 5459
5806 70
48 4165
3084 36
5748 69
2253 25
1011 7
2248 25
2098 22
29 2565
29 2587
29 2550
7 1012
7 1013
4412 51
4163 48
29 2690
29 2691
64 5303
6713 85
5328 64
5909 70
5469 64
73 6099
70 5910
70 5772
82 6438
82 6433
27 2361
82 6473
7 861
5911 70
64 5470
5912 70
5 92
58 4855
2692 29
16 1723
6359 79
16 1773
4334 50
79 6360
64 5471
4335 50
4507 53
64 5305
64 5472
77 6224
79 6289
13 1341
2553 29
13 1027
13 1267
70 5785
70 5840
70 5846
64 5473
53 4543
6361 79
3 617
65 5545
65 5457
4801 57
5913 70
5546 65
2243 25
2102 23
1158 11
72 6029
50 4266
50 4211
82 6448
15 1699
15 1643
11 1179
4859 58
2879 53
22 2099
38 3320
29 2629
4336 50
4337 50
73 6100
4849 58
14 1391
64 5474
174 0
64 5475
64 5476
64 5477
64 5479
64 5480
14 92
36 3088
64 5481
5915 70
70 5916
5482 64
64 5483
64 5484
64 5485
64 5486
64 5487
2693 29
