6809 1079
84 6605
84 6641
84 6615
2180 23
42 3690
3321 38
0 89
42 3170
2 385
52 92
42 3734
5824 70
23 2107
3696 42
69 5696
69 5699
29 2543
41 99
70 5778
983 7
82 2187
57 3663
7 860
7 844
7 842
31 39
31 35
6621 84
37 3257
82 6444
74 6118
66 99
40 3527
33 2915
2321 26
36 3074
36 3093
67 99
3080 36
7 838
4565 53
7 847
2967 33
2055 22
2060 22
2062 22
2306 26
5 19
19 1923
19 383
5584 66
5583 66
42 36
37 3280
57 59
85 99
60 5175
2314 26
3075 36
26 1687
20 1941
61 5229
36 3079
1921 19
21 1980
39 3431
5618 67
1954 20
33 2804
33 2966
50 4197
67 5170
4289 50
59 5070
4211 50
50 4203
5431 64
50 4196
4290 50
19 698
3456 39
2361 27
5328 64
20 1942
15 1637
4435 52
15 1639
5 9
34 3003
12 10
7 984
29 2542
7 841
79 47
52 4437
33 1036
985 7
36 3069
4743 57
58 4846
4794 57
5965 71
29 2541
79 6305
13 1255
79 4154
79 4152
29 2545
4751 57
1329 13
47 372
4458 52
13 18
13 1316
6121 76
57 3651
5215 61
79 99
31 2804
64 5303
47 1860
72 5976
72 6004
72 5973
72 6005
69 5729
398 2
45 8
4483 53
66 5582
4076 47
2553 29
13 1256
71 5946
61 5213
5230 61
3125 42
2829 33
60 826
770 9
83 758
83 753
33 2913
4587 53
33 2965
83 6500
83 746
33 2968
0 93
83 766
33 2969
66 5559
2835 33
14 1535
5096 59
454 2
42 3695
36 1143
2239 25
46 4032
42 3679
36 3077
3078 36
50 4193
42 1072
1979 21
36 3085
50 4212
60 76
2193 24
668 4
3322 38
24 2188
34 2999
0 115
80 81
21 1983
21 1981
44 3888
40 3596
5 709
34 3020
1984 21
17 1852
58 4852
14 1536
31 33
2877 80
83 2348
18 1901
24 2140
29 2568
24 2214
29 2591
80 6373
4392 51
7 956
38 3401
1985 21
44 3889
67 2356
55 59
26 99
46 4036
26 2280
41 3607
3005 67
46 2639
11 665
46 2443
1197 11
42 3654
16 92
16 1726
50 4213
83 92
36 3172
80 1634
58 4847
4038 46
43 92
43 3798
64 393
43 3808
61 5190
0 110
57 4753
42 3656
64 5306
83 6542
42 3519
6219 77
18 99
4433 52
691 5
18 1291
64 5296
64 5299
42 3680
1268 13
64 160
67 662
42 3659
1394 14
41 3623
1537 14
77 6243
66 5585
77 6221
376 2
4199 50
64 449
64 5398
76 3008
59 3565
4291 50
6594 84
5329 64
38 141
79 6286
59 5084
1385 14
15 1645
6595 84
3609 41
0 106
83 763
84 92
85 6270
3740 42
38 3402
13 1296
105 0
1725 16
83 760
83 755
59 5050
76 3607
845 38
59 5097
83 762
83 764
29 2623
30 2765
2 92
15 1635
15 1651
15 1642
8 1072
70 5800
26 670
26 2322
26 228
50 2187
5049 59
3 99
42 3678
5045 59
42 3661
466 38
41 3542
3309 37
42 3688
3741 42
17 92
3071 36
56 4712
45 3984
42 3742
82 6471
5432 64
26 2323
26 221
39 3426
53 4581
404 82
21 1986
986 7
2970 33
1987 21
36 3173
36 3174
22 2058
3015 34
40 3124
34 3004
5967 72
33 1025
72 5978
33 99
43 3822
36 3175
490 21
36 3168
40 99
31 2800
39 2801
53 4481
53 4511
3008 60
50 4239
987 7
1227 12
79 6317
4194 50
6323 79
48 4175
48 4166
37 3260
79 6309
43 690
772 44
22 2064
988 7
16 1720
2877 53
1 99
1 334
33 1072
1 269
1 335
14 99
14 1538
4588 53
337 1
6218 77
36 3154
39 3467
39 3427
39 3447
3176 36
1 336
4424 52
3020 53
27 2359
4503 53
4586 53
4589 53
45 826
2898 31
3270 37
66 5549
45 80
64 57
39 3504
2801 31
36 3091
40 2755
60 2260
66 5551
23 2102
6433 82
40 3597
40 3598
38 99
8 1032
17 1810
5829 70
17 1811
42 3694
59 5090
5098 59
69 3181
1988 21
82 6428
5099 59
35 39
67 5658
52 4442
64 5426
80 6407
4459 52
4039 46
61 5231
66 4707
294 1
3992 45
2561 29
80 6378
80 2357
1393 14
4760 57
80 2839
2378 27
1058 8
4167 48
1 300
66 5586
5 700
50 4206
16 1771
76 3704
2994 34
50 4227
50 4292
72 6006
72 6007
34 3045
12 1225
12 1224
2971 33
1777 16
572 3
1 44
11 113
1 296
2972 33
50 4226
6703 85
59 5100
2242 25
23 2100
3575 40
23 2101
16 1778
25 2240
13 1330
23 2103
0 92
1884 18
83 751
42 3710
3 630
13 1305
909 56
42 3686
700 9
64 59
74 99
74 6105
0 90
42 92
50 4207
37 3258
69 5714
59 99
5433 64
2654 29
42 3704
95 3
69 5731
15 1638
743 83
14 1539
2898 41
20 1944
26 2311
26 2263
3388 38
14 1540
61 5192
51 4360
69 5697
333 1
5875 70
0 118
0 100
17 1826
3 617
59 113
64 266
83 6543
70 5784
64 5434
42 3743
24 2201
42 189
2118 23
566 3
85 6266
2578 29
41 2923
58 4850
42 3681
3 633
34 3010
39 3436
57 2971
57 4795
61 635
2349 61
7 978
80 99
60 5160
2065 22
53 99
53 4487
7 857
39 3434
39 3505
39 3438
39 3451
82 6472
39 3463
43 3802
20 1949
40 3521
4017 45
33 2973
36 3092
60 5131
60 5170
12 99
22 2066
989 7
22 2056
4590 53
3433 39
57 78
57 4764
5 694
80 2737
6158 76
67 5659
67 5660
76 6159
67 5661
67 5662
67 5663
22 2067
67 5664
5101 59
67 5665
36 3177
67 5666
5102 59
36 3178
2914 33
67 5667
67 5668
22 99
67 5669
67 5670
3179 36
67 5597
2631 29
67 5596
4715 56
2268 26
2196 24
4034 46
29 2655
29 2399
50 4294
25 99
3180 36
3181 36
25 2246
9 771
5962 71
34 2990
36 3182
338 1
9 697
40 3526
40 3599
67 4565
3429 39
46 4031
34 2992
34 3062
5 727
5 92
22 2068
14 1396
8 1037
60 5176
5177 60
9 694
9 1097
48 4176
4209 50
7 113
29 2551
728 5
2382 27
2 9
729 5
6119 74
3651 64
9 1098
8 1036
3 190
6598 84
559 3
64 5435
59 3651
59 2986
64 5333
5 730
64 5436
5 731
64 5304
84 6612
84 625
634 3
5 720
57 4767
34 3063
1735 16
4177 48
3807 84
4716 56
29 2547
41 3640
2926 33
47 4105
6597 84
23 2111
2549 29
23 2117
339 1
6625 84
16 1716
6608 84
50 4235
4295 50
45 4018
14 1541
46 4040
76 3663
77 99
13 1271
13 1290
6122 76
5 2
53 1027
19 1924
15 1649
41 80
2839 31
59 3535
4019 45
33 2974
2 442
1721 16
42 3254
13 1267
20 92
2946 84
42 1629
60 5130
29 2656
30 2710
30 2715
5774 70
16 1717
38 3361
59 5040
42 3123
30 2711
8 1055
1043 8
5437 64
30 2766
64 5378
17 1853
59 5103
42 3670
42 3671
42 3705
5776 70
5104 59
58 4849
42 3666
41 3629
42 3692
5079 59
59 5047
5105 59
42 3735
2 477
18 1903
18 1904
5106 59
3183 36
34 3027
3057 34
36 3089
36 3184
4125 47
22 2059
41 3611
3 635
57 2986
3185 36
46 635
4035 46
36 3082
3890 44
36 3186
36 3086
2657 29
848 7
2552 29
36 3187
76 826
11 1149
11 1147
1198 11
36 3188
36 3189
45 4020
45 1040
13 1313
2264 26
59 5107
72 5969
2 478
83 742
83 757
31 2840
2 479
2 188
57 4748
1 340
42 3744
42 3702
42 3706
15 1636
42 3655
42 3657
1 196
1 194
83 6529
57 4747
57 4796
57 4797
57 829
4126 47
42 3689
0 112
25 2247
6704 85
1099 9
217 1
6544 83
12 1132
4727 56
57 4798
57 4744
57 4799
59 92
3112 36
57 4800
50 4195
4 99
4745 57
5357 64
56 99
17 1816
36 3073
1849 17
1 341
11 1175
6545 83
11 92
1779 16
3 562
51 99
3 602
3 601
1780 16
3 577
3 567
34 2993
5108 59
51 4361
1 342
85 6267
2 462
4801 57
48 4163
6613 84
3 558
3 591
1242 12
65 5537
62 5273
22 2069
33 2916
3 21
2975 33
3 563
5947 71
15 1681
16 1732
4123 79
13 1274
13 1269
9 1100
50 4201
3646 41
77 6229
1 343
1 192
24 2186
24 2187
51 4366
1186 11
0 153
5876 70
4371 51
85 6274
3647 41
2243 25
65 5531
14 1542
14 1543
5109 59
59 5074
13 1270
2805 31
597 59
30 2767
59 635
666 59
14 1544
1820 17
5013 58
50 4293
5110 59
13 1331
374 2
2544 29
14 1545
20 1945
31 2899
2838 31
50 4296
50 4297
76 6149
50 4298
50 4299
14 1546
51 4386
59 5094
50 4300
29 2548
50 4301
8 1065
71 5964
8 1073
8 1035
51 4393
3389 38
51 4394
0 154
6160 76
2 373
85 6705
18 1905
59 5111
52 4460
3605 41
2559 29
24 2199
5783 70
18 1906
85 6271
2562 29
3608 41
41 2443
2190 24
3612 41
3648 41
65 5457
6706 85
18 1859
38 3346
36 3151
66 5561
3190 36
5 99
5 732
82 6463
5 113
2383 27
65 5538
1682 15
745 83
1683 15
50 4244
51 4395
2325 26
70 5877
70 5878
70 5879
52 160
30 2724
52 4453
61 5195
15 1652
706 9
50 4202
16 113
65 99
50 160
71 5948
14 1547
2588 29
31 1255
31 2900
13 1263
14 1548
14 1549
5781 70
14 1550
14 1551
2277 26
1741 16
14 1552
6707 85
2237 24
17 1592
9 19
2879 31
50 4210
50 4302
50 4270
60 5137
42 3745
14 1553
14 1554
18 1894
41 1257
1628 26
14 102
2658 29
2629 29
115 38
1 195
6708 85
66 5555
344 1
33 2923
70 5811
1555 14
6709 85
30 2768
1781 16
15 1644
2326 26
18 1907
18 1908
1694 26
27 2371
13 1332
38 3338
46 4041
42 3746
3 612
22 2070
22 2071
5539 65
33 2976
5587 66
6107 74
2327 26
44 3891
2829 31
13 1333
19 1102
14 1556
14 1557
5579 66
4448 52
14 1558
2248 25
45 3988
1684 15
1933 19
16 1753
16 1736
57 4749
66 5556
11 1166
11 1188
5284 62
46 4042
6296 79
222 66
2834 80
2328 26
44 160
27 2384
2265 26
29 2565
29 2659
42 3703
42 3711
2569 29
29 2575
1199 11
1934 19
1 160
29 2556
46 4043
1243 12
1101 9
65 5540
1146 11
29 2660
16 3
16 1719
30 2712
30 99
14 92
14 1559
2329 26
1102 9
1103 9
26 2269
9 698
14 1386
51 113
0 155
46 4045
22 2072
57 4802
4461 52
29 2601
16 0
2554 29
45 4021
45 4022
6604 84
45 4023
26 2330
31 2901
1244 12
46 4046
42 3652
1245 12
345 1
46 4047
18 1909
235 18
2807 31
