6809 1351
2 9
1812 17
1385 14
14 1487
14 1488
14 1489
138 0
2 92
6636 84
6631 84
76 6121
5798 70
61 5201
9 5
5 2
2 382
84 6598
69 5696
69 5706
69 5699
84 6615
84 6605
38 99
14 1490
0 118
38 3345
20 1941
38 3333
2745 51
5783 70
14 99
29 2543
61 5196
18 1861
18 1886
84 6603
36 3084
36 3071
2990 34
2926 33
40 3521
8 92
8 1036
2896 39
8 1041
31 2804
42 3681
31 33
3069 36
2877 53
36 3093
53 4486
39 3427
42 3671
34 3005
36 3116
36 3117
67 3641
4497 53
54 4702
54 4703
72 5987
56 99
33 2927
826 8
84 92
2800 31
84 6637
8 1032
53 81
41 3613
36 3074
2804 33
36 825
6439 82
57 3663
1033 36
10 1125
10 1105
56 4720
74 99
4 113
33 2915
2874 31
3605 41
42 3702
39 3434
4097 47
11 1155
19 698
2875 31
57 2986
27 2359
67 4539
64 3651
42 3654
12 1234
2552 29
23 2101
4098 47
39 2801
54 4633
56 4721
60 3008
54 4632
34 3027
34 2995
54 4669
34 3024
2858 33
34 3025
34 3035
76 3215
34 3036
76 4005
34 3037
40 3124
31 2801
3038 34
907 7
76 6142
53 4481
6742 86
82 2187
82 404
76 6143
3215 53
42 3689
42 3703
42 3655
80 188
2876 31
72 5969
3005 67
479 67
1945 20
56 909
57 4743
33 2929
2930 33
29 2541
13 1318
70 5806
76 3632
3260 37
30 2748
4722 56
2815 31
33 2916
1711 54
17 1842
50 2187
38 1476
50 4270
29 2570
4737 58
30 2749
380 31
5621 67
39 3433
5622 67
53 4492
2877 31
42 92
42 3729
838 7
772 6
772 88
2815 80
50 4199
10 1126
42 3690
80 2839
39 3435
39 3454
20 1942
235 33
42 3731
5134 60
41 3632
38 442
2263 26
13 1256
13 1274
57 4748
76 3008
4873 58
2877 80
51 4367
26 99
1694 26
42 3674
937 7
76 6129
56 4723
2931 33
4560 53
559 3
34 3039
34 3040
54 4704
3370 38
938 7
939 7
29 2556
29 2630
2631 29
940 7
2542 29
39 825
1115 10
2397 28
66 5549
13 1319
13 1277
3688 42
41 99
51 4368
39 3431
1592 26
10 1114
13 1317
826 60
2 74
80 99
2547 29
51 99
4163 48
28 2437
61 5208
2623 29
13 1255
11 1147
7 941
16 92
3 21
942 7
70 5819
53 4489
50 4193
754 83
14 1491
86 6719
3 93
67 99
3523 67
50 4202
66 5551
4 674
4 678
52 4425
54 4635
657 16
44 16
31 2870
28 2421
668 4
29 2399
43 3802
43 3798
14 1492
28 2490
66 5562
6638 84
13 1271
36 3077
32 54
3118 36
85 6682
85 99
60 5130
4634 54
5206 61
28 2435
778 6
778 88
2304 26
14 1493
2107 23
1727 16
6 16
88 16
16 1735
28 2432
69 5697
6606 84
41 3542
76 5762
2102 23
6505 83
41 2923
84 6604
59 64
76 3704
14 1383
764 83
3683 42
41 635
235 54
1723 16
4712 56
83 767
41 1257
2447 28
33 2932
50 4210
33 776
10 1127
54 4657
4428 52
466 38
70 5800
5793 70
36 3081
70 5816
1592 17
2123 23
6597 84
4429 52
14 1388
64 5296
222 66
4369 51
563 3
54 4684
2406 28
84 6635
16 660
28 92
52 4447
17 1815
76 826
84 6621
38 431
0 92
28 2511
18 1862
1761 16
48 1824
20 1943
38 3371
19 1631
38 3372
42 3652
42 3696
23 2164
6277 85
23 2110
4856 58
4847 58
3 99
58 4859
1235 12
84 6596
3 562
3 585
4364 51
17 1818
69 5717
6508 83
2157 23
372 17
76 2187
3 190
5820 70
58 4874
76 3716
18 1592
16 1740
2 399
2 400
95 3
6270 85
2 451
0 16
52 92
18 99
69 5714
29 2632
23 2104
69 5718
23 2154
18 356
77 92
28 2399
28 2425
28 2528
85 6694
18 1884
3373 38
2933 33
84 6640
28 2395
84 6623
2489 28
80 2935
4002 45
82 6456
80 6379
6457 82
54 4705
36 3105
66 99
31 2871
10 1107
57 3651
4090 47
31 2805
10 1128
57 4765
57 4744
40 3526
40 3523
3533 41
3560 40
40 3527
41 3629
4724 56
41 3608
36 3092
33 187
36 3119
36 3070
41 3606
57 4749
45 3984
41 3610
74 6111
42 3661
2305 26
10 1129
41 3612
2993 34
2529 28
943 7
3451 39
42 3670
7 908
7 944
73 6068
28 2530
43 3826
28 2531
850 7
5374 64
28 2532
57 4767
73 6069
7 945
73 6070
28 99
28 2455
4706 54
33 2928
33 2934
3561 40
3120 36
4164 48
691 5
73 6067
67 5623
4746 57
67 5624
67 5625
3085 36
5 19
6722 86
36 3121
52 4452
12 1228
1165 11
52 4453
4435 52
42 3679
841 7
80 6373
67 3588
1186 11
34 3011
67 5614
5611 67
39 3436
50 4197
42 1072
2 398
4424 52
4441 52
1424 73
1 195
3020 34
139 0
67 1074
36 3114
5303 64
36 3091
57 4754
1392 14
53 4561
60 67
14 1494
36 42
73 3333
73 3386
36 3080
20 1949
1 99
105 0
3123 36
3124 36
39 3478
67 5601
67 5626
14 1495
0 3
946 7
947 7
3106 36
1796 67
14 1496
14 1400
11 665
1 225
3318 38
6513 83
14 1497
53 4483
85 91
4099 47
1718 16
47 372
2356 67
746 83
3125 36
3453 39
2935 33
4082 47
13 1027
24 2230
47 4076
24 2191
2188 24
948 7
2196 24
24 2140
6221 77
61 5214
6107 74
14 1424
115 38
2858 39
38 3374
67 4565
67 1803
7 949
7 950
51 4370
3031 34
7 951
2349 67
70 5803
40 99
1 276
70 5802
385 2
7 857
38 858
10 1109
10 1108
2 452
2108 23
4490 53
53 4487
53 2815
78 99
3525 40
18 1859
453 2
47 1860
4562 53
43 92
83 760
28 2471
28 2533
3 16
1146 11
73 92
64 5300
76 4482
29 2574
607 3
78 6279
53 4505
78 6282
6229 77
48 4168
77 6218
5375 64
78 3596
2823 78
34 3003
1762 16
19 1921
19 1923
62 5278
30 99
4166 48
54 4707
1759 16
17 47
6 773
88 773
3375 38
1 209
1885 18
13 1263
17 92
23 2126
952 7
5789 70
1726 16
17 1836
848 7
6223 77
7 113
17 1807
38 3341
13 1262
29 2546
83 92
83 769
83 740
61 5198
61 5199
16 1763
2 415
2156 23
70 5822
2433 28
28 2534
29 2564
28 2403
9 739
28 2487
28 2535
28 2536
28 2492
28 2449
28 2537
28 2407
28 2448
50 4206
28 2491
28 2518
28 2509
28 2479
28 2420
2524 28
28 2480
38 3376
28 2398
83 6514
38 3377
38 3378
84 664
28 2502
84 6639
0 115
6641 84
84 73
2467 28
0 108
58 4846
33 2913
41 3639
56 4715
54 4685
953 7
45 3988
4100 47
7 954
2724 30
4080 47
3452 39
955 7
7 956
54 4636
8 1042
54 4643
3992 45
54 4656
926 7
3524 40
7 842
1 16
35 78
1 3
1043 8
40 3530
82 6445
72 5988
1909 54
73 38
4563 53
82 6446
957 7
17 1816
45 3985
958 7
73 6071
3 613
5560 66
76 163
45 3991
9 1092
12 1224
1 277
29 2545
9 697
29 2553
959 7
14 1498
2265 26
5788 70
5823 70
4201 50
454 2
5627 67
2937 53
4708 54
73 6054
6743 86
36 3126
34 3041
34 3042
455 2
2633 29
78 6283
43 1714
43 3827
43 3828
5531 65
83 757
3429 39
78 6281
6433 82
72 5972
7 960
4709 54
80 6412
3799 43
80 6384
4454 52
28 2402
54 4638
4710 54
28 2538
16 1748
73 6072
5799 70
53 99
34 3043
4194 50
6 833
88 6765
6073 73
3075 36
83 163
16 1716
16 1725
6 834
88 6766
6 835
88 6767
6720 86
34 3010
85 6267
34 3044
36 3088
36 3104
67 5170
197 78
18 1887
42 3656
2142 23
7 0
5306 64
40 3562
64 5299
16 1764
2199 24
85 6272
85 6695
2476 28
19 709
5812 70
5209 61
4681 54
70 5778
4725 56
2423 28
4711 54
19 1930
76 2893
278 1
70 5772
54 210
27 2361
43 2443
42 3659
2416 28
3829 43
29 2634
0 140
28 2404
1391 14
1394 14
38 3379
23 2103
29 2562
15 1675
4438 52
0 90
0 100
41 3633
42 3685
43 58
58 4849
0 101
0 103
0 141
15 1651
16 1765
1 279
2 397
1296 13
42 3666
15 1637
83 761
83 6518
83 766
42 3711
83 6517
18 1888
5033 59
69 5719
59 2986
67 5596
3127 36
2418 28
961 7
34 2992
36 3128
36 1653
39 3426
36 3129
65 5518
31 1255
82 6458
82 6459
4559 53
60 5161
1 270
2832 67
4482 67
1 272
1 271
33 2829
8 1037
53 4005
8 1044
53 4482
72 4005
962 7
33 2920
8 1045
280 1
8 1046
13 1310
80 2937
73 1612
963 7
73 6074
73 4738
73 1570
57 59
4195 50
8 1047
72 5967
54 99
4503 53
14 387
6 793
88 793
7 964
6063 73
53 4493
1225 12
3812 43
53 4511
23 2165
40 3255
23 2166
23 2145
4192 50
38 3380
614 3
3 615
616 3
0 112
67 836
714 5
8 1048
8 1049
1 281
13 18
565 31
965 7
34 3002
1040 41
57 4768
28 2417
456 2
57 4769
4 676
2306 26
5133 72
282 1
473 9
60 5132
6 157
88 157
1 192
59 3651
966 7
37 3257
79 47
52 160
52 2745
14 1389
34 3045
33 1040
13 1313
4564 53
2137 23
2190 24
2231 24
5 383
79 4408
0 85
67 5617
67 5618
23 2167
23 2109
42 3675
42 3733
59 99
2548 29
45 4003
7 853
5034 59
28 2122
69 5720
60 5133
5533 65
67 5628
67 3609
69 5715
79 92
67 319
2239 25
1752 16
67 3056
23 2168
23 2100
4203 50
85 6681
42 3672
40 1441
5779 70
6460 82
61 5190
79 99
50 4276
64 5317
28 2394
28 2424
28 2409
16 1766
1889 18
5376 64
4169 48
1643 15
28 2459
28 2454
28 2427
2412 28
28 2470
3130 36
3131 36
59 5035
3132 36
3133 36
4371 51
61 5204
1291 18
23 2153
64 5377
58 4850
51 4360
17 1844
64 5331
5333 64
3134 36
3135 36
33 2936
64 5378
64 5379
28 2539
82 6454
36 3007
967 7
72 5986
40 3563
67 5629
7 968
3558 40
31 2840
3467 39
40 3565
386 5
40 3566
40 3567
40 667
41 3609
282 67
41 3614
79 6284
31 2837
4565 53
36 3073
7 969
67 5630
970 7
3564 40
5631 67
3136 36
971 7
972 7
5036 59
7 973
5632 67
50 4196
1036 33
57 4753
4277 50
53 4517
1849 79
38 3381
235 53
37 3281
405 31
974 7
31 2872
11 1188
65 99
2937 33
2834 80
1719 16
60 5162
60 5163
50 4247
4 99
1031 38
975 7
2540 28
9 383
51 4361
82 6461
64 5165
5563 66
82 6462
62 5279
2307 26
2129 28
5192 61
3137 36
4278 50
5273 62
6285 79
235 80
0 89
71 5946
71 5948
1 284
66 5559
79 6286
79 6287
58 4875
58 4876
2938 33
58 4877
58 4878
58 4879
58 4880
58 4881
26 2280
67 5633
1236 12
58 4882
58 4883
61 5197
58 4884
61 5191
58 4885
58 4886
66 5554
61 5207
58 4887
58 4888
58 4889
58 4890
28 2473
58 4891
58 4892
58 4893
58 4894
58 4895
58 4896
58 4897
58 4898
58 4899
58 4900
30 2711
58 4901
58 4902
58 4903
4372 51
58 4904
58 4905
58 4906
58 4907
58 4908
58 4909
20 1944
58 4910
58 4911
79 6288
58 4912
79 6289
58 4913
58 4914
58 4915
58 4916
58 4917
58 4918
58 4919
58 4920
58 4921
58 4922
58 4923
58 4924
58 4925
4450 52
58 4926
58 4927
58 4928
58 4929
58 4930
58 4931
57 4770
58 4932
58 4933
58 4934
58 4935
1 285
58 4936
58 4937
58 4938
58 4939
58 4940
58 4941
58 4942
58 4943
58 4944
58 4945
58 4946
58 4947
58 4948
58 4949
58 4950
58 4951
58 4952
58 4953
58 4954
58 4955
58 4956
58 4957
58 4958
58 4959
2124 23
58 4960
58 4961
58 4962
13 1320
30 2721
58 4963
58 4964
58 4965
58 4966
58 4967
58 4968
58 4969
58 4970
58 4971
58 4972
8 1050
58 4973
58 4974
52 4437
58 4975
70 5824
58 4976
58 4977
58 4978
58 4979
58 4980
58 4981
58 4982
58 4983
60 0
58 4984
58 4985
58 4986
58 4987
58 4988
58 4989
58 4990
58 4991
58 4992
58 4993
58 4994
23 2134
58 4995
58 4996
70 5825
58 4997
58 4998
58 4999
58 5000
58 5001
58 5002
85 6266
58 5003
58 5004
58 5005
85 6268
13 1321
5380 64
688 88
197 1
0 143
9 1093
9 1094
64 5037
2986 64
4848 58
3321 38
59 5037
23 2147
2 442
235 18
4805 64
3323 38
59 4770
64 4770
3334 38
67 5634
67 3079
67 5635
30 2715
7 892
4101 47
4102 47
5381 64
772 44
1189 11
3138 36
3139 36
3440 39
1322 13
33 826
33 1072
80 6413
36 670
57 4771
5 715
5 716
34 2999
57 78
13 1311
36 3098
0 144
57 4751
29 2551
235 5
36 3089
1 286
3522 45
36 3140
72 5989
0 110
41 3640
34 3006
457 2
3554 40
4279 50
688 44
3568 40
80 40
11 1166
40 3522
6697 85
5826 70
84 4845
1734 16
8 1051
84 6642
29 635
6103 74
67 5636
79 6291
76 6144
1052 8
3569 40
3570 40
287 1
29 2635
67 5637
73 6066
83 768
76 5604
50 4235
5553 66
31 80
73 6075
38 3335
2288 26
1743 16
79 6290
79 6292
6145 76
