6809 904
16 92
42 3091
772 6
9 691
17 1818
11 92
42 3661
11 1174
15 1651
2106 23
29 2399
42 826
3260 37
435 2
34 2999
6373 80
5 700
76 60
13 1255
23 2102
23 2101
701 5
67 5602
31 2804
1592 17
76 4482
691 5
4643 54
3284 37
42 92
2 436
2 437
42 3659
41 69
42 3687
41 3605
41 99
4 668
76 6126
41 3608
41 3613
52 160
76 6129
52 4427
34 3000
34 3001
85 6277
3683 42
42 3709
76 826
76 3716
2587 29
76 3008
76 3679
76 5639
76 4757
29 2543
54 4634
26 99
76 2893
76 3607
34 3002
76 5348
76 6131
38 3322
4243 50
3285 37
67 5170
1635 15
34 2994
34 3003
7 838
14 113
37 3257
61 5215
16 660
29 2186
1751 16
11 1149
2547 29
29 2542
2 385
1808 17
2 438
84 92
3 99
38 99
38 845
235 5
14 1436
18 356
2546 29
15 1640
43 3798
2 92
428 2
61 5202
4195 50
93 3
1278 13
29 2541
7 853
3 190
3 587
14 1027
3286 37
5319 64
16 1725
1752 16
69 5695
69 5696
2609 29
69 5699
2490 28
28 2407
28 2502
4850 58
2494 28
28 2467
58 4846
28 2418
2399 28
28 2404
28 2503
2395 28
84 6622
2504 28
84 6598
28 2476
2400 28
3 95
52 92
3124 40
41 3619
64 5299
40 3527
53 4532
34 3004
34 3005
34 3006
43 3812
80 40
80 2877
27 2359
80 81
31 1255
3261 37
894 7
2858 31
34 2995
80 2804
80 33
80 99
80 6398
80 6401
80 6402
80 6399
54 4632
30 2735
53 2877
30 2736
30 2737
6 688
30 2738
6719 86
7 0
31 33
3609 41
7 855
30 2739
30 2740
54 4645
42 3654
80 3528
30 268
36 140
80 3522
56 4712
30 99
53 4483
53 4481
30 2741
895 7
2 439
26 15
9 473
896 7
34 2990
73 92
2800 31
897 7
898 7
54 4636
710 5
54 4663
54 4635
4664 54
4642 54
4665 54
40 99
42 3656
2505 28
69 5703
899 7
72 5967
28 2431
3547 40
30 2734
841 7
235 54
50 4231
50 4244
80 6400
50 4202
40 3522
1592 26
28 2429
4194 50
3343 38
24 2187
38 466
24 2189
5 383
5 9
61 82
82 2187
82 6446
4538 53
698 19
61 5191
28 92
36 3069
42 3690
50 4193
60 5130
47 4086
50 4245
5 473
4246 50
2270 26
5196 61
36 3070
56 909
900 7
901 7
54 99
5 694
15 1637
7 902
76 6121
2263 26
2801 31
3688 42
5142 60
76 6132
28 2432
86 6722
1438 14
5601 67
54 32
4210 50
71 5946
14 1439
1440 14
6616 84
23 2119
23 2118
40 3526
71 5952
23 2103
40 3524
2142 23
36 825
848 7
61 5205
15 1643
29 243
3344 38
60 5131
29 187
17 1823
692 9
43 1027
50 4238
15 237
15 1671
50 4201
3 16
3 588
28 2412
3 589
28 2487
375 2
590 3
84 6623
38 3345
38 3346
38 115
38 3347
61 5204
2198 24
85 99
24 2186
24 2224
591 3
59 64
18 1291
1385 14
61 5216
61 5190
3651 64
5217 61
14 1441
14 1442
58 4847
14 1443
9 2
2411 28
38 442
64 4788
5339 64
28 2465
3071 36
85 6278
39 2801
28 2408
3672 42
53 4539
72 3123
3434 39
30 2742
2724 30
4666 54
2291 26
67 60
41 3621
41 3622
41 3623
39 3458
71 5954
67 4565
903 7
54 4667
67 3005
77 6218
1 16
4713 56
5340 64
2149 23
2859 31
4248 50
2375 27
54 4668
54 2261
6689 85
54 4669
1807 17
36 3073
50 4199
82 6447
3525 40
36 3074
43 92
2212 24
39 3426
39 3427
36 3075
36 3076
2 430
82 6429
4714 56
54 4640
64 5331
24 2188
30 2714
592 3
7 113
3624 41
2829 31
5333 64
1 192
85 6682
1 258
404 82
82 6448
372 47
5 711
19 1931
38 92
1 225
69 5704
69 5697
34 2992
3548 40
61 29
42 3680
11 1147
42 3692
904 7
5 712
5968 72
17 1811
42 3681
2488 28
47 160
54 4639
905 7
50 4207
1 195
4670 54
2199 24
24 2201
0 90
0 100
906 7
4503 53
69 5701
27 2371
4447 52
28 2438
28 2481
28 2506
53 4511
4428 52
61 5192
105 0
29 2576
0 89
64 5341
1 160
3 567
1 202
2 403
1 226
9 383
1 194
64 5296
14 92
14 1444
5 696
0 3
28 2416
28 2427
2507 28
28 2436
76 4532
86 92
1650 15
0 16
15 1644
29 2588
28 2421
2292 26
874 84
9 694
28 2414
2150 23
28 2508
24 2140
84 6621
2406 28
84 6605
18 1882
18 1883
582 28
18 1861
39 3433
36 3077
3078 36
28 635
661 28
31 2860
39 3457
31 80
2935 40
41 3620
82 6449
28 2394
43 3795
53 99
197 1
1033 36
2288 26
34 3007
3535 80
60 3008
3542 41
4 113
24 2190
6 163
41 3625
41 3626
41 3610
235 80
36 3079
4 99
64 2986
4671 54
86 6721
593 3
1393 14
3459 39
2293 26
36 3080
50 4222
50 4249
1694 26
42 3655
3429 39
38 3321
29 2569
42 3666
4494 53
42 3710
3436 39
2265 26
42 3708
42 3703
42 3711
42 3712
37 3258
83 92
2294 26
54 4637
24 2211
5306 64
36 2352
36 3081
64 57
73 6057
752 83
19 693
2376 27
50 2187
6603 84
11 1175
2191 24
61 5206
4540 53
61 5218
11 1146
2151 23
235 31
11 1171
4250 50
16 1753
83 746
16 93
50 4215
2223 24
13 18
42 1072
4672 54
28 2509
2225 24
52 4424
2226 24
62 5270
29 2581
29 2568
2423 28
14 1445
13 1302
4852 58
42 3713
28 2510
28 2433
28 2511
2559 29
36 3082
14 1446
2123 23
4433 52
4432 52
3 594
260 1
14 99
14 1447
28 2451
1 259
28 2477
28 2454
2512 28
28 2403
17 1838
83 764
2194 24
83 6498
28 2482
28 2426
13 1256
61 5219
61 5214
2 440
9 698
17 92
29 2570
29 2545
28 2397
2513 28
28 2486
9 706
9 701
3083 36
3641 67
1230 67
3607 64
4673 54
54 4674
36 3084
2839 53
34 3008
43 3821
3456 39
5135 60
60 4840
2839 31
42 3714
42 3705
53 81
30 2743
39 3430
35 39
3620 47
3526 67
60 826
7 907
3 595
50 4197
5 386
73 6058
6 812
73 115
80 2839
80 2815
23 2107
6 813
14 1448
1719 16
80 3529
31 53
6059 73
42 3689
42 282
80 6403
85 6267
20 1941
60 5132
3679 42
80 3523
5 706
15 1639
50 2842
6450 82
16 1728
2 379
3009 34
67 113
4429 52
42 3678
0 92
31 2861
42 3715
53 4541
53 4523
67 49
53 4487
40 3255
6060 73
41 1257
72 5969
72 5970
4675 54
3460 39
77 99
4542 53
4676 54
64 5342
42 3716
7 908
50 4230
67 1803
62 5269
16 1720
53 1027
661 67
666 67
766 83
40 3521
4677 54
29 2591
29 2610
0 114
67 2356
11 1176
3 563
69 99
67 2984
69 5705
23 2104
1177 11
16 1729
5 92
23 1143
76 3704
5 698
5 19
29 2549
23 2124
6734 86
28 2473
3 596
3 597
6726 86
20 1942
64 787
86 1815
67 3527
67 99
18 1884
31 2837
1716 16
5604 67
64 5343
67 5605
67 3077
3588 67
29 2572
3118 67
50 4251
23 2126
235 41
17 1812
60 5143
5198 61
2611 29
29 2553
1303 13
61 1800
5344 64
2514 28
67 1631
9 92
5345 64
769 83
67 5511
84 6596
1816 17
9 1090
28 2460
28 2515
24 2192
5316 64
13 1027
14 1449
0 93
38 3348
38 3349
38 3350
0 106
24 2215
17 1819
17 1839
83 6499
16 113
16 1754
0 115
0 116
67 3793
6500 83
64 5303
64 5300
84 6624
667 41
36 3085
36 3086
5346 64
3627 41
64 5347
6432 82
3287 37
47 4080
39 3435
36 3087
82 3982
73 6061
6062 73
39 3454
64 5348
20 1943
13 1261
36 3072
34 3010
261 1
29 2233
28 2471
13 1286
29 2612
29 2613
29 2614
2561 29
19 705
5277 62
83 757
36 3088
13 1304
4 680
42 3717
745 83
31 81
14 1450
19 308
14 1451
14 1452
67 5606
67 5607
67 3543
6604 84
58 4861
34 3011
34 3012
39 3451
5273 62
9 696
5349 64
5350 64
80 6404
909 7
910 7
386 9
61 5201
67 92
39 2187
220 1
76 6122
43 3802
14 1453
380 69
3351 38
43 3800
13 1272
5698 69
40 3549
6690 85
17 1820
3288 37
69 5706
6691 85
13 1274
6692 85
13 1305
13 1269
17 1810
2807 31
4785 64
43 3799
83 6501
76 3079
77 6219
6 773
6 814
6 815
1394 14
6 775
1454 14
11 1178
6 816
6 817
5351 64
17 1837
86 6735
2117 23
69 5707
3289 37
5352 64
713 5
0 112
15 1636
2 400
2615 29
28 2398
2 398
28 2489
50 4213
1296 13
28 2415
69 5708
38 3352
58 4849
26 1441
6502 83
28 2516
6615 84
84 6625
42 3718
42 3719
3461 39
5353 64
39 3431
80 2935
80 6384
37 3280
67 55
1383 14
