6809 875
21 1980
2002 21
21 1979
744 83
2003 21
1983 21
1592 18
3663 57
64 4788
22 2058
2004 21
4 99
74 99
4751 57
72 5967
20 1941
64 57
4 113
4 674
21 1991
3125 36
3260 37
82 2187
82 6471
36 3222
82 6480
43 3798
29 2543
76 3704
4182 48
76 6131
358 1
772 44
76 3716
4743 57
76 5133
48 4168
17 1853
36 3074
36 3093
29 2559
36 3069
4150 47
4151 47
13 1313
36 3092
37 3280
235 18
1256 13
36 3192
6019 72
58 4848
58 4859
1112 10
70 5771
70 5840
2665 29
11 1159
1003 7
4152 47
50 4194
15 1635
18 1884
50 2054
3 646
43 3827
43 3807
58 4849
43 3851
647 3
7 0
64 3651
16 1720
42 3744
93 16
14 99
5822 70
3802 43
2547 29
1915 18
2264 26
79 99
64 59
36 3223
5846 70
10 1106
10 1118
22 2069
14 1387
69 5732
47 4076
38 99
13 1257
53 4581
6559 83
5 92
5 9
5 386
36 3084
14 1597
36 63
12 1225
16 92
16 1728
69 5736
2561 29
29 2644
69 5737
69 5695
1694 26
2759 82
10 1111
76 826
5738 69
1212 11
26 2268
663 16
3672 42
5883 70
294 1
70 5809
70 5884
76 1858
11 1149
50 4193
2306 26
50 4203
22 2083
13 1255
16 1726
16 1768
15 1651
1 300
1592 26
1282 13
3687 42
53 4487
57 3651
50 4317
50 4318
4319 50
56 4726
50 1991
2556 29
38 466
29 2551
82 6481
76 2355
2354 76
25 99
3 0
5806 70
25 2243
29 2425
43 58
26 113
0 89
50 4213
1 99
0 164
17 1851
50 4197
1 319
85 6273
314 1
48 4163
48 4166
53 99
50 2187
48 3927
909 56
82 6433
1385 14
2877 53
237 15
7 837
1640 15
42 3661
37 3257
62 5289
1 193
1 194
1 196
7 849
64 5451
1 213
4401 51
1 347
38 3414
3656 42
26 15
4388 51
4847 58
2 92
0 110
76 6121
2 378
2 376
77 99
77 6219
1 192
69 5706
83 92
69 5699
69 5696
4360 51
83 755
83 764
17 99
17 92
64 5457
95 3
18 1859
7 842
79 6286
74 483
20 92
2082 22
43 92
4 669
21 1981
36 3075
22 2084
1193 11
22 2060
13 1267
22 0
72 1802
22 2067
4153 47
13 1344
6020 72
4154 47
14 1598
2 489
14 1599
14 1600
57 4802
5779 70
72 6021
72 6022
5800 70
359 1
2 474
83 762
242 1
44 1
58 670
4136 47
50 4293
58 5017
2544 29
20 160
190 3
3 99
4155 47
2359 27
76 60
26 1919
20 1944
53 4511
4156 47
15 1690
53 4481
26 2263
1860 47
50 4199
10 1109
4712 56
42 92
42 3658
25 160
10 1137
79 6308
6340 79
15 1637
6482 82
2 490
5885 70
6712 85
76 3663
4778 57
18 14
14 92
85 86
16 1790
2 373
36 113
36 160
2239 25
64 5296
17 1810
30 2710
9 2
4503 53
79 160
79 1855
18 1382
79 6341
83 746
38 3411
7 838
85 6266
14 1601
42 1072
42 3123
38 442
4608 53
69 5731
69 5715
50 4236
4470 52
4154 79
0 161
79 6337
16 1721
42 3695
61 5190
17 47
58 160
5329 64
17 1816
58 4850
42 3734
42 36
83 757
83 750
5886 70
329 1
83 740
83 753
79 4123
83 766
79 4408
775 44
0 92
83 747
6342 79
83 6516
17 1817
3902 44
6615 84
1004 7
7 951
7 958
5328 64
1005 7
7 848
5299 64
17 160
21 99
43 3806
65 5457
74 92
43 3795
73 6086
20 1942
36 3071
283 73
15 1686
29 2399
50 4201
50 4209
4546 72
1602 14
29 2541
20 1949
3852 43
2 389
481 2
4207 50
25 2250
7 160
14 1603
64 3607
50 2181
57 4748
57 4744
4435 52
1393 14
0 85
42 3686
1330 13
76 3153
76 3163
5812 70
42 3657
42 3654
13 14
83 763
30 2786
1962 20
1 360
4432 52
4732 56
1 361
53 3153
51 4361
70 5788
5542 65
13 1269
3538 69
3315 37
82 6440
61 5203
4320 50
57 76
1105 10
58 5018
15 1424
46 4037
57 2986
46 4042
51 99
743 83
61 5218
85 6267
4856 58
35 57
57 1074
14 1424
1476 14
3 648
649 3
42 3735
4482 76
4452 52
650 3
36 3077
3137 36
85 99
53 4483
36 3114
1 362
774 44
53 4559
6296 79
364 1
53 4575
1 365
4737 58
53 4489
53 4584
70 5811
1988 21
79 6313
79 4139
79 6314
61 5223
7 141
7 381
142 7
3 16
50 4321
4433 52
4039 46
1 323
64 4741
2 398
29 2549
3903 44
3904 44
16 1722
42 3728
42 3519
2553 29
16 1735
3 567
14 1604
69 3721
46 2639
46 2443
4054 46
16 0
30 2787
30 2715
46 4034
21 2005
21 2006
21 2007
69 3071
83 6556
42 39
21 1999
21 2000
16 113
5458 64
582 16
1138 10
1139 10
12 10
72 6023
72 6011
22 99
72 6024
3224 36
6025 72
15 1691
5978 72
2563 29
38 160
4746 57
2 459
22 2056
72 6026
37 3258
37 3270
72 5981
2552 29
668 4
29 2683
29 2675
57 3473
69 5708
69 5711
1 311
73 6061
262 69
76 6188
76 6189
37 3261
76 6190
76 187
388 74
56 99
76 3510
69 5739
69 5740
76 6191
43 3796
4055 46
491 2
29 2562
4270 50
16 1753
559 3
76 6192
14 163
3385 38
64 5456
64 5047
47 4157
76 626
57 4749
1440 14
13 604
6529 83
36 3096
10 1107
5778 70
79 6343
11 92
5793 70
6193 76
85 91
57 3008
36 3225
745 83
2542 29
42 3652
6344 79
42 3732
76 6129
29 2588
42 3694
62 5273
29 2554
72 5972
73 6066
83 6560
3705 42
61 5202
61 5193
1140 10
61 5194
83 758
5781 70
38 3338
5235 61
22 2085
64 5459
5742 69
4323 50
3535 42
22 2076
22 2086
5794 70
752 83
50 4322
70 5815
70 5816
563 3
70 5887
29 2684
20 1952
48 4183
2560 29
48 4169
3678 42
36 3226
5888 70
2360 27
84 6670
15 1649
13 1340
27 2379
25 2240
0 165
5460 64
42 3716
84 6671
4609 53
15 1647
0 111
58 4846
3008 76
3085 36
29 2600
1605 14
12 1232
15 1660
36 3143
79 6345
79 1505
42 3670
42 3671
79 1713
79 6306
42 3692
42 3666
83 6561
42 3655
42 3688
94 16
42 3738
3725 42
13 1345
4442 52
52 92
42 3674
21 2008
760 83
2 456
2 385
70 5820
0 101
93 3
21 2009
5461 64
84 6672
83 751
2010 21
765 83
21 2011
83 6500
61 2262
2012 21
2013 21
79 6301
2014 21
2015 21
2016 21
20 1943
15 1638
1146 11
11 1204
4424 52
5889 70
1963 20
64 5303
1213 11
30 99
30 2724
57 4780
366 1
4366 51
42 3706
22 2087
46 4031
46 4035
7 845
46 4056
46 4041
0 166
3764 42
4052 46
2363 27
363 1
2 492
25 2246
1 229
62 5290
42 3679
1606 14
2 493
494 2
6218 77
22 2088
1741 16
22 2089
14 1453
13 1270
70 5833
5890 70
5891 70
1006 7
52 2796
394 2
52 4471
20 1964
20 1634
3675 42
20 1965
42 3659
2 379
4447 52
11 1214
2587 29
16 1782
7 660
1 236
64 5462
759 83
83 6546
38 3318
83 6562
83 6563
83 6564
83 6565
83 6566
83 6567
83 6568
83 6569
83 6570
83 6571
2 495
83 6572
83 6573
83 6574
83 6575
83 6576
83 6577
6289 79
83 6578
83 6579
83 6580
83 6581
83 6582
83 6584
83 6585
83 6586
83 6587
83 6588
83 6589
4032 46
76 2187
83 6583
304 1
53 4506
64 5463
2107 23
0 167
42 3765
52 4472
52 4473
82 6483
23 2156
42 41
2685 29
23 594
77 6224
64 5464
37 3293
23 2154
44 92
52 4425
52 4474
16 1718
2596 29
7 846
44 3905
44 3906
14 1607
30 2783
3 94
70 5892
29 113
29 2686
83 6523
2648 29
44 3907
44 3908
44 3909
44 3910
44 3911
44 3912
79 47
44 3913
44 3914
44 3915
44 3916
16 1791
44 3917
44 3918
84 6673
23 2135
2017 21
2 438
2 428
2018 21
2019 21
65 763
5 734
4158 47
65 5537
69 5697
69 3181
69 5743
2629 29
15 1643
23 2103
1716 16
73 6087
64 5300
44 3919
5 375
73 6088
5 708
5 709
5 691
1966 20
1719 16
15 1692
4159 47
73 6079
69 5744
496 2
1007 7
13 1027
72 6027
23 2162
23 564
565 23
5 692
76 3123
7 841
82 6484
15 1639
15 1671
1967 20
1215 11
4610 53
5893 70
50 4324
6221 77
15 1642
29 2646
5795 70
36 3073
50 4260
64 5298
64 5465
64 5398
64 5333
77 6250
6473 82
64 5466
5832 70
6674 84
84 6675
1008 7
2020 21
5784 70
2021 21
73 1437
