6809 1083
31 2804
31 33
33 2864
2829 33
28 2425
5366 64
2839 33
54 4635
42 3679
54 4663
42 3725
54 4685
28 2408
64 3607
10 1111
10 1105
10 1123
84 6615
2399 28
42 3666
37 3257
37 3260
34 3011
34 2993
34 3030
405 31
66 99
66 5560
2800 31
50 4272
17 1841
5 696
10 1107
10 1109
36 3071
17 1816
36 3105
3090 36
57 4749
57 3663
3090 42
4713 56
36 3106
40 3521
5130 60
42 3661
50 4195
2620 29
404 82
29 2541
3085 36
33 2913
36 3091
33 2914
53 99
3073 36
4165 48
3104 36
33 2915
67 5600
4090 47
10 1110
39 3456
39 3427
67 99
6140 76
6141 76
50 4254
50 4203
36 3074
67 3737
82 6452
1941 20
82 6428
2858 39
42 3688
5133 60
3656 42
29 2566
42 3690
66 5561
657 16
0 92
40 3527
62 5273
3080 36
48 4166
39 3475
50 4238
42 3667
67 5613
90 0
33 2916
3107 36
0 100
70 5775
2356 67
33 2917
82 6434
3429 39
27 2377
60 826
0 98
50 2187
60 76
70 5776
36 3069
0 122
50 4273
36 3075
70 5777
36 3084
34 3012
123 0
83 764
2103 23
11 665
124 0
125 0
40 3530
2104 23
36 42
23 2102
30 2745
6453 82
4442 52
3431 39
40 3124
28 2521
1 99
1 225
1146 11
77 266
1 211
1 194
60 1047
28 92
51 4359
6218 77
1824 48
19 698
4849 58
38 466
80 2877
80 2935
5696 69
73 2901
2 92
7 838
7 848
2 403
2 379
3679 69
4651 54
69 5045
20 1942
28 2394
28 2395
39 3433
1885 18
57 4753
26 99
29 61
15 1637
83 92
83 740
83 746
3 606
64 5299
3651 57
50 4194
52 92
4493 53
34 3031
5367 64
36 3070
85 99
76 3704
16 0
70 5778
76 826
76 3607
4741 57
3 99
3 116
57 4744
0 106
76 4757
9 696
76 3632
9 99
5 708
5 709
76 3679
19 1923
76 3716
70 5779
16 92
4868 58
16 3
20 1947
16 1718
1759 16
70 5772
28 2404
2523 28
83 6508
16 1732
83 756
73 6066
17 92
73 6056
97 0
2 447
54 4684
33 2918
0 120
4760 57
0 121
37 3268
15 1651
17 1812
29 2621
28 2462
51 99
64 5296
17 1592
3669 42
84 92
2986 57
80 99
15 1636
69 3538
3 563
73 92
69 5713
2476 28
73 1437
3 95
435 2
3 190
58 4846
6065 73
29 2545
2524 28
29 2622
28 2525
2415 28
28 2465
2399 29
83 6509
28 2473
57 113
57 3172
29 2557
61 5214
17 1807
607 3
70 5781
2 385
2477 28
3296 37
28 2403
16 561
50 4193
2378 27
41 3542
4847 58
5782 70
14 1471
38 99
43 92
83 6510
14 1472
2 374
28 2431
38 3318
3322 38
64 3651
84 6630
2549 29
84 73
84 6621
84 6596
52 4449
83 758
13 18
6605 84
16 93
3356 38
3 577
3 0
84 3424
3 558
6598 84
127 0
105 0
2433 28
5783 70
18 1291
54 4686
54 4657
39 2801
5368 64
10 1108
36 3108
4743 57
54 4687
33 2804
3436 39
53 4513
197 54
235 53
3093 36
41 99
54 4634
3793 67
2298 26
2839 80
80 2815
4840 60
4688 54
54 99
2299 26
6373 80
7 917
6 825
88 825
40 3550
53 4481
6 775
88 775
26 2300
2868 31
33 99
54 4689
80 53
39 3434
54 4690
1165 11
54 4691
53 4486
41 3624
6 826
88 826
56 4712
60 5129
50 4274
5 9
6 92
88 92
26 2263
33 2919
235 41
1921 19
6 827
88 827
54 4643
72 5978
2 445
1808 17
53 2877
1473 14
83 6505
72 5979
26 2266
3605 41
34 3003
34 3014
26 2301
836 33
20 1944
70 5784
29 2581
15 1643
2990 34
1 242
83 6511
15 1639
83 6512
1726 16
83 787
6 828
88 828
6 829
88 829
8 1032
4091 47
54 4692
1 265
9 383
1810 17
11 1151
29 2560
1033 8
7 841
157 16
7 842
7 100
69 5699
29 2547
5549 66
29 2623
4762 57
0 128
61 5223
7 0
11 92
4763 57
29 2568
29 2610
4080 47
2 392
2 376
9 709
71 5946
745 83
7 118
126 0
14 92
70 5780
85 396
36 3109
3114 42
2624 29
2 444
235 40
54 4645
29 2564
4435 52
38 3333
2596 29
82 6433
67 3005
67 5616
5786 70
398 2
50 4210
5787 70
5192 61
5559 66
0 129
66 5562
5155 60
1440 14
0 130
5698 69
3 585
14 228
15 1635
14 99
38 3341
61 5195
70 5788
43 3806
43 3798
5774 70
55 53
67 308
6597 84
16 1727
3357 38
16 1720
16 1719
5789 70
918 7
29 2543
18 356
61 5196
3800 43
1394 14
27 2359
1474 14
70 5790
70 5791
70 5792
70 1632
42 3680
70 5793
77 6219
77 6224
77 6221
7 853
5794 70
4737 58
1225 12
76 6121
5795 70
70 5796
29 2611
2556 29
14 1475
0 131
0 132
85 6267
6606 84
1385 14
2406 28
28 2511
51 4360
64 2986
63 42
1 266
57 4751
5369 64
31 1255
31 2869
39 3426
67 479
56 99
36 3095
82 2187
82 6454
3110 36
3609 41
60 5156
2920 33
19 1930
39 35
67 3173
50 160
42 3655
6409 80
34 3010
34 3027
41 3635
688 6
688 88
50 4199
36 3092
47 372
34 3024
0 133
72 5980
33 1094
57 59
772 6
772 88
74 3827
24 2187
40 3526
40 3549
76 188
7 839
53 4511
50 4197
4551 53
31 35
4552 53
3008 76
76 6122
1314 13
1315 13
31 2865
134 0
8 1034
8 1035
67 4539
54 4632
52 4424
15 1646
4255 50
2 113
2 448
11 1180
2 449
2 308
6410 80
1036 33
16 1760
6 157
88 157
42 92
42 3657
34 3008
85 6682
4553 53
72 5981
72 5982
0 113
157 43
1743 16
0 135
30 99
30 2747
17 1818
2351 72
86 92
39 3435
5131 60
36 3111
30 2710
67 60
5797 70
1 267
67 1803
27 2362
5798 70
70 5799
77 6225
1 268
2561 29
77 6226
20 1948
31 2823
274 85
7 881
1476 14
47 4076
42 2801
42 3726
5137 60
919 7
42 1072
53 3005
9 473
36 3077
7 857
3112 36
28 2492
28 2467
3020 72
28 2487
28 2526
13 1255
13 1256
1231 12
51 4361
4554 53
33 2921
1 192
33 2922
920 7
4436 52
5 712
6738 86
5 2
5 691
6739 86
850 7
2625 29
69 5714
69 5715
4693 54
7 113
7 921
61 5201
3323 38
608 3
4503 53
60 5157
837 7
922 7
0 112
42 3683
609 3
5800 70
69 5716
16 1725
70 5771
1 199
923 7
610 3
235 1
2423 28
15 1674
12 99
85 6266
15 1641
85 6277
2140 24
28 2417
84 6631
5370 64
5371 64
6623 84
29 2551
14 1477
6632 84
6633 84
67 5170
924 7
34 2999
28 2421
28 2468
47 4092
54 865
4694 54
8 92
4555 53
40 3524
3522 80
37 3258
74 2
74 451
34 3020
34 2995
40 99
41 3613
473 5
33 826
29 2626
3622 41
4717 56
3636 41
1 269
4843 72
73 6063
31 2871
4093 47
405 47
2 450
2 388
4206 50
4695 54
6719 86
136 0
3476 39
1 271
1 272
3477 39
38 3358
1 273
14 1478
4094 47
1 274
50 4275
50 4235
6740 86
39 3448
3032 34
5801 70
70 5802
72 5967
72 5969
14 1479
275 1
74 6104
235 66
1232 12
5803 70
2302 26
611 3
39 3447
3 567
4696 54
33 2893
4164 48
41 3608
41 3629
2303 26
840 54
5 92
36 3113
16 44
50 4191
70 5804
42 113
31 2870
2375 27
41 3637
13 1261
3727 42
10 1124
16 6
16 88
2270 26
3535 80
42 3728
25 2239
4450 52
83 767
86 6722
20 1949
3078 36
1 44
15 1645
15 1642
42 3681
42 3659
5207 61
5132 60
4697 54
4432 52
0 137
58 4869
42 3678
1 204
39 113
1 195
1 202
58 160
77 99
1 257
1 193
2223 24
72 5983
6 1
88 1
2 9
1811 17
51 4362
70 5785
5805 70
18 1884
58 4870
12 1228
1227 12
6227 77
29 2627
2628 29
13 1027
69 5706
6 804
88 804
28 2454
29 2528
2527 28
61 2110
3525 40
3467 39
3631 41
80 6385
80 3523
31 2839
67 282
31 2801
4556 53
6109 74
80 81
3467 41
60 5158
7 851
50 4213
86 1815
34 2992
13 1311
4698 54
56 4718
490 14
4192 50
5 386
31 2805
31 2840
31 2872
33 2923
72 5977
50 4215
86 6741
33 2924
373 56
33 92
33 2925
692 9
4557 53
5602 67
8 1036
5984 72
3020 53
13 1310
34 3033
53 660
31 53
31 2851
3729 42
67 3641
61 5190
70 5807
60 3716
60 3008
7 908
3802 43
7 925
7 926
7 141
24 2194
24 160
927 7
86 6723
73 6067
2873 31
5372 64
3359 38
38 3360
1263 13
60 3632
38 3361
235 80
67 5617
928 7
67 5618
4520 53
67 1074
10 1106
3557 40
7 929
67 319
3 602
67 3056
76 3215
67 5603
5717 69
52 4426
77 92
2548 29
74 6103
930 7
48 3757
4850 58
70 5808
20 92
58 4859
3454 39
220 1
43 3823
43 3824
17 1842
70 5809
60 5159
5806 70
3 21
10 1117
2629 29
39 3451
43 2443
572 3
4699 54
82 6455
29 2425
38 3362
29 2572
29 2578
3363 38
42 3170
4363 51
57 4764
64 5335
3326 38
52 266
38 442
2420 28
3335 38
4262 51
14 1480
2 442
14 1481
4364 51
38 858
58 4871
2542 29
13 1316
4167 48
769 83
85 6274
1735 16
16 1717
2553 29
38 3325
16 1716
4163 48
51 4365
2 399
28 2397
28 2412
59 64
83 755
3 612
83 757
16 1626
5811 70
5373 64
38 3364
3340 38
12 1233
431 38
3365 38
6228 77
28 2470
38 3346
38 3366
28 2429
28 2398
0 110
64 5303
80 6411
69 5708
8 1037
8 1038
4095 47
4096 47
74 99
56 4715
3825 43
5985 72
5604 67
8 33
80 1172
4700 54
60 5160
4 113
4701 54
1039 8
80 188
6763 88
830 6
5986 72
53 4558
1040 8
58 4872
7 931
2858 33
80 2834
932 7
909 56
380 31
4451 52
31 2860
14 1482
14 1483
14 1484
14 858
41 3638
24 2229
3034 34
56 4719
40 3558
40 3559
76 4482
3730 42
933 7
6110 74
1181 11
74 388
1182 11
1183 11
1184 11
934 7
7 907
935 7
6764 88
831 6
3367 38
3005 41
1185 11
69 5712
53 81
6105 74
70 5813
5814 70
936 7
5 694
67 5619
36 3114
31 2815
2288 26
82 6439
36 3115
2829 31
6 832
88 832
28 2493
5620 67
4559 53
4 668
70 5816
10 1125
27 2363
51 4366
4427 52
2559 29
42 3123
67 35
84 6634
84 6635
38 3368
26 1441
14 1485
14 1486
11 1155
24 2199
3369 38
70 5817
84 6636
