6809 1066
64 5299
53 4583
3159 36
80 2877
67 4565
53 2877
31 2804
31 2800
41 99
43 92
41 3533
20 1942
7 848
45 3984
22 2056
40 99
67 2356
43 3795
33 2951
60 826
3433 39
724 5
725 5
20 1941
34 3058
44 3886
2543 29
80 6400
31 2801
40 3579
79 99
1 300
1 192
57 3651
4433 52
31 2890
5 694
3069 36
45 3992
2891 31
67 4482
39 3438
317 1
39 3426
772 44
45 826
33 2915
39 3467
50 4288
1 318
2958 33
53 3215
1256 13
53 99
53 4481
3590 40
67 3523
40 3124
50 4191
5631 67
4255 50
698 19
4199 50
13 1283
13 604
13 1323
5227 61
76 60
67 5601
6719 86
6122 76
929 7
58 4846
26 99
82 6433
42 3670
82 6463
1225 12
34 3053
34 3059
34 3052
50 4194
2 5
31 33
1 99
34 2995
4192 50
5130 60
40 3255
57 4777
36 3074
72 5969
1062 8
8 1032
45 4013
2951 52
50 2187
3663 57
50 4200
69 5728
4483 53
1187 11
1 319
31 1801
84 92
67 5618
51 4379
69 55
64 3651
64 5412
67 3641
80 6373
34 3060
235 22
31 187
3605 41
1052 8
8 92
8 1063
17 1818
14 1440
8 1064
43 2443
854 38
5228 61
59 99
59 4751
42 3682
42 3697
64 2986
51 625
3 190
13 1255
2542 29
50 4236
33 2959
40 3530
3837 43
40 3526
4520 53
84 6598
4712 56
3 625
6760 86
3 626
30 2756
29 2399
37 3257
668 4
30 2724
33 2829
13 1263
82 2187
5 9
82 404
43 263
5 691
43 3806
5045 59
0 89
3808 43
4743 57
3656 42
1148 11
8 1036
20 1949
34 2992
320 1
16 92
16 1771
6121 76
698 9
747 83
12 1228
83 92
44 92
15 1637
4559 53
13 1284
3304 37
48 4174
69 5696
4715 56
42 3654
3798 43
42 3687
58 4847
71 5946
1755 16
4452 52
25 2239
59 5050
8 1065
19 1930
64 5414
64 5415
64 5413
64 5416
6218 77
64 787
85 6264
85 99
85 6267
64 5417
17 1823
46 4037
58 4850
3 95
15 1635
1385 14
50 4193
3321 38
50 4197
51 4386
43 1027
70 5784
30 99
51 4360
8 1066
51 4387
30 2711
84 6654
84 6641
42 92
0 118
0 100
38 99
5011 58
42 3678
59 5080
64 5300
64 5306
42 3681
3 99
3 617
83 758
83 753
591 3
3318 38
17 1851
5806 70
70 5800
3679 42
5418 64
3322 38
34 3010
3071 36
3084 36
34 3005
34 3004
34 3002
39 3427
64 5329
5419 64
10 1130
65 5457
5986 72
72 5978
53 4581
235 19
1932 19
40 3591
79 6309
79 254
39 3434
321 1
22 2058
2 389
40 80
45 8
6424 80
4786 57
2359 27
2 470
39 3496
6761 86
39 3497
6425 80
29 2559
60 5160
79 6310
79 6311
79 6312
4209 50
15 1647
33 2914
3396 38
72 5967
66 5549
5 92
5829 70
85 6266
5081 59
57 4775
6303 79
4787 57
38 3397
5082 59
11 92
24 2233
16 1732
5083 59
79 6313
59 5084
3526 53
36 3093
79 47
79 1849
72 5977
39 3451
4532 76
79 4123
79 6314
4788 57
788 10
80 6379
80 6384
80 2839
45 3522
4584 53
39 3486
112 0
57 4764
53 4511
33 2916
4203 50
9 473
5794 70
2379 27
5266 70
3353 38
7 838
3454 39
42 36
40 3521
60 5169
67 99
6116 74
3042 57
3429 39
3450 39
34 2990
34 2993
24 2188
3437 39
79 6315
7 956
60 5170
764 83
4546 72
235 33
7 943
2994 34
42 3655
24 2203
671 4
7 857
760 83
41 3542
6605 84
76 2187
24 2234
39 3436
3258 37
33 2913
9 19
52 92
3043 34
6597 84
5858 70
4437 52
2 92
0 140
1719 16
64 5296
6541 83
567 3
37 3260
76 3663
1 314
86 6762
322 1
726 5
1 323
17 1811
2361 27
5085 59
61 5192
15 2
294 1
59 2986
59 113
59 5060
3704 76
61 5214
59 5056
5070 59
64 5420
59 3651
4388 51
16 3
762 83
85 6689
324 1
312 1
3018 59
1 325
5087 59
42 3609
56 660
442 2
25 99
867 56
14 1527
373 2
69 5701
69 3538
3 612
41 3467
41 3609
42 3659
41 3608
85 6278
5421 64
84 6596
5823 70
5859 70
5778 70
5827 70
5422 64
17 1840
466 38
34 3061
79 1913
82 6444
80 2935
7 842
4014 45
7 860
7 852
80 6407
2296 26
2316 26
67 5624
67 60
1109 10
34 3054
2375 27
3498 39
12 1239
72 5994
59 5074
40 3527
62 5273
62 5270
4839 67
1040 33
33 826
33 45
4195 50
4005 76
61 5190
13 1311
1726 16
5171 60
2960 33
72 6000
2 471
67 5655
1 326
1716 16
151 0
1119 10
235 80
50 4242
36 3160
2 472
50 4198
58 655
58 5009
76 6157
327 1
39 3431
2547 29
39 3499
64 59
64 57
31 1255
2280 26
3985 45
31 2892
69 3181
2 386
2 473
53 4489
39 3452
76 4482
2961 33
1 205
36 3091
40 3592
33 2804
1 328
67 3005
31 2893
4206 50
69 5706
67 5170
24 2187
45 3991
82 6469
2894 31
10 1112
10 1134
2807 31
15 1651
33 2940
36 3077
3112 36
5578 66
5579 66
40 3593
2623 29
83 751
83 742
83 757
84 6602
33 2962
14 1528
76 6146
29 2541
14 1529
14 1530
64 5165
2107 23
16 1720
64 3173
58 5010
16 1775
70 5860
2544 29
41 2898
41 3628
454 2
1945 20
8 1051
624 3
1902 18
23 2147
48 4163
235 18
2101 23
5776 70
8 1037
23 2178
18 1901
64 5423
64 5317
1752 16
42 1072
152 0
36 3143
1067 8
559 3
30 2763
1271 13
77 6220
5861 70
42 3671
42 3672
64 5424
59 5040
5088 59
70 5862
59 4741
59 39
70 5863
70 5864
13 1296
1068 8
13 1324
627 3
563 3
3123 42
6615 84
5865 70
38 3324
38 3345
85 1804
5866 70
38 3346
2 474
18 1859
56 4726
2 475
2759 82
33 99
2 396
84 6611
82 6470
41 3611
67 662
33 1094
2895 31
565 31
372 47
6296 79
4118 47
79 6316
33 1072
31 2870
6300 79
3802 43
4 672
57 2986
57 59
57 4751
4519 53
58 4848
981 7
329 1
80 81
3543 80
7 982
59 5089
57 4778
26 670
72 5761
57 4759
2306 26
61 2353
2317 26
6105 74
1061 8
43 3797
43 3838
3812 43
62 5269
62 5281
56 99
4389 51
4492 53
4737 58
1 330
3305 37
3398 38
1 257
31 2864
235 13
3716 67
3594 40
67 5597
1325 13
13 1280
52 4444
66 99
8 33
66 5553
41 662
6117 74
18 1291
64 2555
3 628
33 81
62 5279
2235 24
66 222
8 1069
60 5132
13 18
62 5282
682 4
66 233
38 3395
66 5577
11 1147
44 16
60 5172
6239 77
2 9
4032 46
2 385
1638 15
94 0
44 832
1 291
2926 33
4390 51
38 3399
5867 70
0 115
3 568
2236 24
331 1
24 2196
3633 41
4441 52
83 763
70 5868
29 2652
29 2639
5793 70
2653 29
64 5399
4391 51
64 5357
5869 70
5425 64
93 16
6269 85
83 6331
1070 8
59 3529
4375 51
3306 37
3705 42
0 92
0 93
61 5226
0 138
0 98
61 5229
18 99
14 1531
13 1316
3307 37
29 2562
77 6240
29 2581
2745 51
476 2
69 5699
5781 70
67 1803
67 659
2350 67
4482 53
36 3163
36 3164
4119 47
36 3136
36 3153
36 3165
53 3005
4120 47
67 5656
40 3568
39 3474
67 5603
67 5657
2318 26
16 1725
74 99
5173 60
39 3463
1393 14
1 270
31 2896
4121 47
36 3166
36 3167
5174 60
3008 34
4486 53
3500 39
39 3501
5870 70
53 4548
15 1645
25 2245
3440 39
45 4015
2963 33
45 4016
64 5303
70 5871
2897 31
4585 53
3502 39
66 5554
4586 53
57 4789
4494 53
57 4790
57 4791
70 5807
1036 33
70 5836
57 4749
29 2545
15 113
2380 27
33 2923
66 5551
5580 66
70 5872
4792 57
8 1034
33 2919
629 3
74 1674
2551 29
5131 60
64 5384
1226 12
34 3040
34 3047
84 6604
22 2060
1 269
84 6612
84 625
64 5426
5581 66
24 2140
2553 29
3085 36
754 83
42 3662
42 3734
5548 66
62 5283
59 55
630 3
42 3657
70 5816
51 4361
29 2572
42 3689
3 93
47 4122
64 5427
64 5428
69 5697
80 99
64 5429
4 683
36 3162
41 3640
3308 37
2232 24
1806 18
25 2243
23 2154
17 92
13 1294
13 1290
13 1287
29 2549
4849 58
84 6655
83 3153
84 6621
1394 14
36 3161
79 6317
79 6318
71 5948
70 5811
46 4036
42 3660
14 1532
76 3716
14 1533
105 0
13 1326
13 1270
70 450
5873 70
3323 38
5777 70
235 9
14 1534
30 2753
42 3675
2206 24
3615 59
42 3652
5799 70
29 2558
15 385
51 4381
18 1592
59 5049
13 1327
42 826
42 3732
6272 85
1592 17
664 84
2 398
17 1808
51 99
17 635
6656 84
60 3008
4002 45
2986 45
36 3073
36 3104
36 3151
2964 33
19 1923
3435 39
36 3126
36 3168
67 3256
3456 39
26 2268
26 2319
33 2937
80 6426
216 31
31 2837
12 1240
33 2966
1 332
27 2381
6288 79
7 859
34 3020
20 1943
79 6319
2289 26
37 3280
15 1657
47 4123
7 98
15 1652
85 113
12 1224
64 5430
76 2893
29 2548
29 2554
76 6149
22 2061
26 2314
22 2055
7 958
7 841
14 1424
22 2062
2063 22
52 4424
4034 46
33 2965
9 692
52 4453
52 4435
66 5582
3503 39
13 1268
2 383
1 305
2179 23
36 3169
1694 26
31 2839
15 1636
31 2829
5 692
67 2877
67 4607
4 674
43 3811
43 3822
66 5583
3 631
36 3092
665 11
13 1328
2108 23
4228 50
83 2348
36 3106
4239 50
1071 8
2 376
2 392
5012 58
79 6320
79 6321
59 5090
4117 47
42 3739
2568 29
5831 70
42 3519
2 431
59 160
59 308
79 6322
59 5091
2858 33
30 2764
3 632
4226 50
59 5092
70 5769
59 5093
1165 11
3674 42
30 2751
30 2710
36 3170
83 746
36 3171
42 3686
34 3026
33 2860
26 2320
2156 23
16 1718
33 2839
756 83
2364 27
19 1102
1759 16
13 1027
3595 40
42 3680
42 3666
71 5964
83 743
2104 23
745 83
5795 70
4852 58
575 3
1241 12
77 6221
70 5874
5 709
52 4443
5822 70
23 2102
57 4793
203 38
189 42
727 5
38 3319
23 2124
16 1776
38 3400
70 5824
59 5094
77 99
77 6241
0 96
59 5043
77 6242
76 160
29 2557
76 4782
1 333
59 5057
59 5095
69 5729
85 6270
83 6499
69 5730
83 6500
83 6542
83 761
42 3696
