3783 1310
616 0
117 4
4 3694
6 3694
7 28
458 34
616 127
2832 319
434 4
390 4
1818 4
122 29
3314 1193
3613 1379
3314 1868
895 0
309 10
25 28
42 144
3195 60
487 60
309 119
1189 127
143 282
895 258
3613 309
487 971
1379 3524
10 124
3763 18
18 94
616 458
7 3613
7 3590
102 10
63 1069
94 2952
178 321
4 162
1189 10
10 33
1534 11
240 23
3623 104
3623 124
10 3623
18 32
153 31
114 32
1190 32
3597 87
197 143
150 1883
3487 198
3488 526
648 0
119 4
261 10
347 10
325 10
92 25
1583 526
3685 1882
94 0
4 3132
4 3611
11 10
119 11
29 2
172 2
240 18
325 38
649 162
1352 240
3685 240
3685 649
244 4
4 3205
756 18
325 32
289 32
1881 32
162 38
86 1883
495 104
719 104
3205 126
226 329
828 414
3736 414
1883 458
649 489
3736 649
153 0
598 4
29 4
172 10
1042 29
29 3736
32 648
544 127
3320 127
1031 172
190 598
544 414
3736 495
701 601
3736 3644
1885 0
0 3315
162 2
84 6
172 18
285 30
32 3321
3317 86
124 92
172 92
124 495
495 172
613 589
3322 823
4 30
6 3685
6 3736
2395 11
18 3741
124 26
130 33
172 41
2394 124
127 162
289 130
601 172
3323 414
2395 3622
2395 3482
719 2
4 3763
4 3741
10 127
304 11
648 11
21 560
21 2650
495 28
104 32
48 80
48 3741
48 3763
153 895
1352 308
648 309
3325 461
648 1196
1196 0
3327 2
2 157
6 24
130 21
1196 29
648 122
130 124
127 2396
3324 331
3326 2396
21 4
5 1864
428 6
6 3464
6 3763
33 204
103 63
104 3763
3464 3570
1 110
4 2396
5 206
7 1690
30 18
278 34
2396 104
601 240
308 1884
1379 411
1885 887
87 2
2 589
4 18
4 945
10 3624
81 11
14 1872
87 31
36 600
2260 126
127 579
2260 434
0 1861
1 1690
649 2
2 350
2 747
2394 4
4 87
4 758
149 5
6 881
6 649
7 3685
7 3736
7 3586
92 11
23 483
37 3570
37 240
104 48
466 80
1196 104
483 104
2397 126
895 221
240 2399
466 700
3319 495
1584 867
2397 981
640 4
4 3663
7 3523
7 1583
7 3488
7 526
7 3525
94 32
122 48
2397 60
80 63
973 127
458 246
893 291
3329 0
0 1866
0 3318
0 1884
80 11
80 32
32 124
2398 37
1373 58
62 1550
127 80
162 104
648 124
1866 150
2398 150
1885 458
649 648
25 2
973 2
31 5
14 85
14 3593
14 3557
18 579
25 87
87 48
80 3330
648 117
589 127
127 192
198 1586
3464 3461
153 4
4 3253
7 779
7 1103
7 3468
7 1501
7 3461
7 3663
7 664
7 3601
7 3648
7 3637
7 3650
7 3649
973 32
1872 34
649 104
154 3593
3330 218
823 268
3753 601
1884 648
3213 1872
28 4
4 825
4 3601
4 196
30 11
135 32
982 35
309 48
825 198
495 411
4 3306
601 11
20 11
3753 11
80 33
350 104
703 124
206 665
2394 456
46 4
104 25
31 58
489 33
46 162
84 58
648 104
489 104
104 3753
143 371
143 3593
3333 308
1540 489
1191 648
1023 3753
3331 0
7 228
2089 14
25 241
648 33
117 172
3332 177
3489 589
0 3316
0 3328
4 241
7 757
428 30
411 30
649 48
3576 430
0 221
94 25
29 317
63 3593
86 3593
0 3334
601 4
91 30
119 48
6 3745
7 1194
7 3745
7 3720
1886 10
206 18
48 23
30 104
86 3720
1914 104
173 163
172 3745
348 184
48 4
31 4
7 3506
7 3721
23 121
86 3651
87 3506
87 3721
104 96
3576 3506
0 2400
0 1381
7 3652
649 12
232 14
15 79
25 172
172 28
601 104
5 1545
7 303
7 2030
7 968
7 1178
7 701
7 491
7 3653
3489 10
2400 11
46 20
429 58
64 164
3576 86
164 406
829 288
830 429
25 244
829 48
1878 103
1455 146
187 3728
205 587
205 283
205 631
244 3576
1455 420
205 1
4 3452
7 3452
7 330
288 11
205 12
12 3728
14 368
84 23
2967 32
45 3728
48 3614
86 84
86 205
86 525
205 187
205 3728
978 3728
86 1
4 3728
7 213
7 884
14 163
86 213
529 213
3576 257
649 529
3654 875
4 1
11 4
1886 431
431 1792
453 0
102 4
3335 4
7 77
157 11
11 35
153 23
3614 1587
3269 3614
4 254
198 104
1587 287
0 3526
45 1312
829 71
1837 71
84 702
94 153
348 143
221 153
1887 288
4 52
7 129
18 3624
31 28
177 4
4 383
4 3753
7 616
7 3753
1518 190
7 592
39 31
3336 172
12 658
18 294
248 219
7 3455
2401 221
12 516
58 25
18 334
157 71
3339 495
665 6
7 127
291 71
665 172
2099 761
46 11
649 18
190 18
157 48
206 82
190 4
48 279
649 71
279 71
411 172
375 307
3336 411
0 3338
0 2401
0 369
71 18
895 71
415 308
8 29
10 23
375 11
415 47
92 57
307 204
703 665
291 10
197 10
1373 18
649 157
761 554
7 612
9 612
1862 33
829 104
187 138
896 234
5 305
7 3128
58 33
150 3337
150 838
150 2382
3336 244
0 3340
237 4
104 11
94 1888
703 104
104 612
143 1887
1031 279
104 26
153 104
1540 5
10 5
1373 5
7 50
215 11
529 11
11 881
32 361
72 3341
94 204
94 104
459 4
4 1175
18 11
0 1588
104 2
887 212
887 260
204 23
307 33
1888 244
2386 1888
91 4
265 5
104 62
218 153
4 81
7 51
72 31
172 50
104 91
124 104
291 104
390 122
217 260
1070 895
7 2820
29 756
3342 81
143 3261
762 212
0 1197
288 104
86 156
92 763
102 101
1070 415
636 431
7 1855
825 11
18 28
172 361
489 289
489 415
4 1550
4 3655
7 3458
7 3559
71 2
1194 29
127 33
71 47
58 80
153 71
1070 119
2191 361
1070 1194
33 23
71 23
1588 29
1197 33
1588 57
934 71
55 5
104 10
1194 48
3346 71
143 1188
163 198
3343 57
87 3576
7 2353
0 145
18 31
101 35
86 63
86 1069
3740 184
7 1882
3344 10
14 351
14 1890
1197 48
206 52
85 103
85 1890
101 287
104 361
4 287
7 3529
7 3528
3347 57
104 80
314 104
249 361
31 23
23 172
206 28
86 132
7 10
57 279
86 1044
145 762
1194 431
415 57
415 71
1382 953
692 41
57 600
84 600
117 104
163 15
104 31
31 2364
1382 57
350 57
3345 72
72 87
172 104
172 244
217 1364
897 415
1008 602
1830 1382
10 86
86 14
14 426
14 278
63 241
63 113
86 191
86 170
217 1891
57 1381
163 104
1044 104
824 26
26 57
153 33
1031 57
57 887
707 361
7 23
7 381
287 71
703 81
94 3778
195 0
4 124
4 3692
204 218
237 218
3349 287
2368 287
46 5
1881 18
31 35
411 57
431 415
1191 18
50 23
600 41
694 157
602 453
415 0
0 544
10 31
80 57
10 57
1197 80
110 206
195 187
7 3673
7 3672
7 3671
7 3670
7 3669
7 3668
7 3664
7 3666
81 26
707 3667
707 3665
707 3673
707 3672
707 3671
707 3670
707 3669
707 3668
707 3664
707 3666
7 3535
7 3532
7 3534
7 3533
7 3531
268 59
71 221
415 162
162 164
268 176
3699 177
2286 195
268 195
268 324
268 368
268 3128
268 800
268 3593
7 3674
7 3560
206 10
636 57
707 3560
707 3674
289 2
86 2
2 206
172 31
87 3737
172 3737
119 2
7 3537
7 3538
7 3536
57 32
761 57
3491 103
453 3730
602 3730
823 240
1579 0
290 4
761 10
429 12
86 290
1023 761
7 1578
397 18
287 57
1198 602
415 33
1866 57
350 221
244 3737
3699 602
6 3350
81 10
10 28
307 23
57 41
694 102
823 3593
48 10
221 28
525 28
898 62
397 375
415 397
1198 416
3287 761
1587 761
3355 3
2404 3
7 3540
7 3539
309 57
2406 347
786 347
2406 786
1690 1383
1379 1
1 2403
63 154
646 205
719 397
18 1
221 1
191 823
2404 291
2404 760
21 1
241 1
3699 57
57 544
187 112
4 3699
7 3530
7 3667
7 3665
2402 57
103 831
103 3352
103 3730
191 3730
268 3730
397 3358
3699 3730
646 1
3709 4
5 3730
163 10
31 244
204 57
3709 57
117 81
85 3730
172 87
87 317
646 164
3709 3699
4 57
8 110
57 646
119 110
397 117
244 184
205 3709
205 3699
3357 761
823 3730
2330 3730
6 243
162 31
104 184
761 119
602 4
10 84
163 18
3360 57
1560 156
761 640
3625 761
829 57
57 110
113 69
33 57
33 3361
3351 57
103 14
103 1350
103 268
1495 0
12 434
12 3656
23 3555
117 71
71 361
244 87
397 172
2089 2080
2089 3362
10 397
57 157
246 429
705 397
37 1
397 48
1378 397
4 3737
87 14
397 102
397 162
397 206
4 3584
7 3781
7 3730
42 112
245 57
268 163
417 245
417 306
159 0
5 1156
5 176
7 104
159 17
159 56
172 206
163 57
25 31
397 898
2 171
33 18
18 646
33 28
703 57
162 81
1690 112
190 31
397 33
57 1892
2372 84
416 900
0 3348
7 426
7 1161
190 58
370 176
762 217
7 203
495 11
87 33
190 57
646 203
7 2394
7 359
7 106
7 451
7 584
7 264
57 31
7 346
7 518
7 267
7 695
18 3363
306 57
57 221
190 86
190 94
7 2407
7 456
7 1345
7 1793
7 878
7 811
7 316
7 146
7 3471
707 18
72 123
3359 81
707 3471
7 591
14 529
125 2330
4 10
33 157
57 72
119 361
3482 3622
23 18
3746 81
103 86
86 125
86 3730
278 113
2 18
18 1198
103 34
899 280
707 33
34 113
298 124
7 882
823 442
2397 3182
823 112
14 2827
287 33
84 2407
707 115
2408 375
708 0
3365 11
206 33
117 57
416 57
703 95
244 3740
1581 416
84 33
153 42
397 84
823 760
25 6
320 11
3746 18
2 395
982 33
124 42
124 190
1023 0
982 11
11 3353
125 2672
1369 172
1 163
5 3364
172 124
375 172
6 10
25 10
25 84
102 26
279 28
84 3576
84 176
125 689
11 124
823 195
665 252
6 33
93 14
23 93
93 34
428 52
93 63
93 85
95 86
93 97
93 374
93 125
93 899
93 1890
93 351
93 280
93 278
93 191
93 103
93 163
93 113
3492 14
14 1384
85 34
34 1384
125 40
831 93
113 1384
113 1878
157 117
113 14
899 14
374 14
14 373
113 29
374 34
899 34
63 1199
113 97
113 103
103 983
113 125
113 280
113 163
113 831
1385 375
258 0
95 4
153 11
1385 14
18 291
278 63
278 69
375 113
278 176
14 1386
42 33
34 490
2292 2
497 14
42 133
63 1553
983 95
1553 113
113 896
1553 125
86 6
87 94
94 2335
1386 95
95 113
708 103
291 117
2335 156
42 1
156 3782
156 3778
825 5
12 3369
401 18
428 33
91 33
95 2410
1892 825
7 738
7 751
2411 95
825 124
124 1031
823 375
7 1042
7 598
7 546
14 63
14 268
14 1069
2335 85
85 125
320 124
831 14
63 34
268 34
125 34
831 34
125 63
191 63
268 63
85 63
191 85
268 85
831 85
125 90
95 268
117 102
191 125
268 125
1592 125
125 624
268 191
831 268
268 1069
7 1
125 14
428 124
707 320
0 3366
125 1
2 3782
7 18
14 3730
232 34
34 191
125 53
232 63
232 85
85 1592
87 3730
1894 95
103 232
113 232
344 124
232 125
125 1699
125 511
125 3730
191 170
232 191
2335 232
268 232
899 232
823 232
823 373
707 3782
3371 14
84 198
375 95
95 498
3371 113
125 154
125 3370
3371 232
344 6
6 1759
7 590
2335 97
2335 280
3576 320
3576 3730
94 6
172 6
6 2407
6 3576
823 3557
2360 2411
3576 2407
172 1
4 3746
320 6
7 1895
8 3746
320 18
119 33
113 1895
3746 124
143 3368
172 3576
1878 760
7 318
18 2335
2335 21
72 52
2335 72
1591 2360
2292 3368
23 707
375 63
1593 113
117 1591
2335 3576
103 375
1591 453
823 3375
2413 33
33 1860
3493 34
3493 84
3493 85
831 95
3493 95
3493 103
3493 113
278 268
3493 268
1277 433
3493 2335
3493 2410
3374 0
2335 2
3377 6
6 95
7 188
7 392
2335 14
2027 27
2335 34
2335 63
2335 93
125 167
1771 431
2335 1
4 2407
7 241
72 21
190 21
2335 26
290 33
63 519
191 97
899 97
2335 291
832 708
1367 1
705 26
87 28
268 97
278 823
1367 12
84 72
1593 350
350 1923
