3783 1656
21 0
586 0
345 8
8 14
16 210
2689 17
504 25
345 304
941 345
345 3743
3781 504
3781 586
0 2785
0 2783
1 8
39 97
107 545
3781 254
3781 255
3781 304
1021 304
1280 570
941 870
3781 0
17 3781
345 21
345 255
304 2784
304 586
2122 868
3781 1021
3781 1708
97 8
408 8
202 21
44 25
304 32
254 96
408 254
2129 408
682 3
66 21
2789 255
3781 2788
174 1
269 1
3459 34
56 1727
853 96
466 121
269 3633
303 3781
121 13
13 943
1729 66
2789 2787
10 2790
3743 13
303 14
39 21
1726 231
2791 255
3743 1022
3781 1478
2497 0
680 1
1730 13
941 16
359 16
21 38
3743 2131
942 8
2134 13
56 17
3743 50
587 50
56 629
56 388
1435 0
2795 13
13 2133
50 2132
2130 1478
21 1022
1426 25
0 2792
0 1287
2776 8
56 255
153 8
1138 8
8 1022
202 10
2137 13
2135 13
1138 13
938 13
77 16
16 2796
1138 32
408 2137
0 2794
112 8
8 853
13 1288
2797 50
2136 56
1287 66
303 2798
3633 3460
1289 0
8 66
1287 13
1289 41
2799 66
16 10
10 3460
1289 66
1289 77
1289 13
1602 66
3743 121
1969 408
3781 408
50 34
254 39
50 39
0 735
3 250
8 39
2801 10
944 13
345 34
3704 41
2801 50
255 235
283 3550
303 944
944 1478
0 2800
0 2135
36 8
3704 77
13 1480
13 587
145 32
0 37
8 46
2803 13
1731 16
271 46
50 46
56 1688
2804 116
1731 134
1969 255
942 255
3781 587
1723 0
315 13
13 41
1688 34
1127 0
32 8
2123 8
36 13
2123 13
2141 13
64 16
2142 16
16 106
1127 25
408 25
32 25
64 50
2142 50
408 50
1127 408
408 1480
16 1
13 1127
50 671
106 1419
1127 3781
64 3
1135 8
8 2144
17 2802
1135 515
254 0
17 37
515 64
3781 2144
2143 13
255 17
17 735
144 50
1479 56
144 64
78 66
66 315
106 316
2805 0
8 1285
2145 13
270 39
255 41
254 66
210 66
3461 155
3461 210
210 1285
74 13
2808 32
2139 39
1290 515
107 1
107 8
1733 8
107 19
21 283
25 546
56 1732
134 546
248 192
515 546
2145 546
0 2143
3 34
8 192
8 50
50 16
0 2807
39 1
3461 8
663 13
64 13
13 406
2149 32
483 187
3461 255
3461 2810
1723 13
1255 13
585 13
76 23
2149 50
2150 50
50 344
76 3461
1255 872
942 2148
0 2148
304 8
1708 8
44 20
2146 23
2148 34
112 64
254 64
19 10
1023 13
1136 13
1733 13
13 2811
107 1291
74 1
560 3
8 155
8 1291
66 13
210 20
76 64
680 303
0 2151
210 1291
481 13
13 544
112 16
155 50
56 873
1482 0
0 1481
155 3
50 13
32 13
112 13
1482 13
254 34
255 64
192 106
196 8
2726 8
8 3566
10 13
39 13
145 13
1481 13
13 46
13 3456
13 2812
3743 139
2155 155
442 3565
1024 0
38 8
2478 8
1729 13
1292 13
1736 13
587 23
2806 34
99 546
216 271
408 796
1736 546
2147 13
541 13
1024 13
196 16
116 17
17 293
17 159
1024 36
37 1482
50 156
56 293
2147 116
1735 0
0 795
0 2809
870 10
2156 13
13 37
3634 37
37 1481
50 44
156 3781
478 255
795 546
546 1293
3566 870
1482 1481
192 10
13 21
96 16
588 156
546 192
1483 8
141 8
141 25
776 41
314 41
156 141
776 254
776 546
1735 588
795 13
13 276
156 155
155 1024
1483 546
2813 0
196 13
13 870
16 1734
1293 25
38 25
2814 156
76 3
10 155
96 13
76 13
141 13
192 16
141 16
74 36
210 50
66 1288
159 293
1138 3
2818 8
776 9
2817 13
2816 21
776 25
56 37
1138 210
231 3743
13 106
276 16
1735 21
315 23
1483 50
56 360
64 2158
776 76
2157 1025
155 21
1735 30
1690 384
1736 3
2158 21
1138 359
2820 1483
2819 0
59 1
584 1
546 8
59 13
933 16
2820 16
134 66
1291 202
231 214
584 546
8 2138
10 1291
2138 17
50 21
216 1291
2138 1291
1 30
69 32
946 37
116 37
37 2138
155 43
1291 271
944 512
155 0
0 2631
10 210
10 315
49 13
44 1075
2117 56
1481 59
631 77
210 155
2823 155
248 234
401 234
401 482
315 8
483 13
99 13
2824 13
1737 121
0 2822
46 3
684 21
3743 69
96 3
192 50
684 139
3566 256
1294 256
1076 256
2828 293
1296 1007
0 1294
1294 21
50 41
315 3781
3781 684
41 8
10 64
254 21
1257 21
21 2744
1257 64
2831 408
947 684
0 2829
360 13
360 37
43 38
946 255
2833 315
1286 408
66 1
870 8
8 21
8 64
8 121
37 3632
50 3704
795 116
271 141
870 3781
3 1294
442 13
13 1026
256 21
21 948
37 1288
37 2806
3781 795
132 5
44 8
255 37
44 680
134 132
255 155
408 2834
1739 587
408 10
30 13
56 792
2163 408
0 2162
2165 0
120 1
547 13
588 21
588 25
2159 56
90 193
631 255
2835 792
3781 2827
1486 1
202 16
3781 20
56 49
56 116
202 69
345 116
315 2165
345 2815
2160 946
13 23
37 19
271 38
255 66
202 132
271 3781
2825 0
0 2836
0 516
69 16
16 482
19 44
19 59
74 50
50 66
2815 63
359 66
132 3593
484 255
442 516
3 20
255 8
145 8
21 10
2167 10
210 69
484 148
484 186
192 516
293 2826
3 1024
1486 8
134 16
64 19
484 25
1024 116
155 484
2168 408
484 3509
0 2166
21 116
484 31
31 2131
155 69
254 141
2167 145
255 671
3462 3742
1 14
96 8
74 14
64 32
65 41
1741 56
193 116
193 128
186 146
1714 193
193 711
74 8
1486 10
484 23
484 27
37 2161
210 1
19 1300
1300 21
231 69
2837 120
370 360
370 671
1 561
1 2838
65 19
3635 25
631 25
795 31
231 34
255 59
64 65
370 50
587 64
737 65
2162 68
155 68
737 68
155 1276
587 169
737 612
945 737
39 20
547 34
65 99
685 68
3770 68
938 68
1136 169
10 3770
134 21
37 63
39 315
3770 50
65 1645
1742 107
210 3770
255 3770
1302 315
3770 1645
20 8
68 32
2839 37
315 96
2164 120
588 132
945 141
315 1295
315 364
315 3770
1025 3566
16 37
1730 23
120 37
2169 120
1303 16
16 100
50 795
158 66
1301 68
68 2170
68 2120
132 100
945 145
369 169
2153 588
1303 942
1742 8
2170 21
2840 37
2841 107
481 169
584 797
3781 2171
0 1301
588 8
19 158
158 21
37 792
39 255
50 132
59 517
132 63
587 66
231 68
68 345
345 69
69 97
795 587
1303 797
945 797
99 10
1484 68
1139 69
255 74
797 107
107 1743
255 120
255 174
631 1484
3781 1139
21 1743
158 36
69 64
158 65
196 3781
797 231
797 3728
945 1745
1292 1744
8 16
68 10
1299 16
1448 65
1299 65
97 65
68 66
633 66
66 69
2168 68
2152 68
255 68
255 1738
452 68
74 69
439 109
439 513
797 685
2173 797
2172 0
0 2843
633 10
1304 17
43 21
949 452
20 945
21 34
2843 101
2843 797
346 0
797 1
797 16
584 20
20 1306
158 68
107 69
2174 69
2174 107
3757 159
484 231
484 346
797 346
633 1746
1740 945
369 0
2845 0
1 69
16 132
145 68
69 68
369 101
2175 107
2175 0
8 547
797 20
1140 37
2175 68
3781 99
1487 346
3781 547
797 587
1740 797
512 8
210 23
69 50
3757 56
512 65
234 68
2846 68
370 69
132 82
96 1487
1028 797
2844 0
10 798
68 116
116 69
276 77
8 0
0 1028
145 1
276 1
1457 8
74 25
369 50
54 624
68 141
141 69
1457 82
1271 132
370 132
1487 369
1271 370
1457 2140
1745 16
612 25
144 25
82 50
50 1139
1714 76
797 77
612 132
192 3456
192 3566
276 271
1457 346
2848 797
950 0
116 1
1748 68
2849 68
3728 68
276 69
3553 276
316 950
1457 0
0 2847
210 19
19 144
20 1296
276 25
132 65
96 65
276 68
1487 116
116 797
798 132
3755 192
193 797
3553 254
797 263
3553 500
505 3553
3553 545
3755 686
797 1296
797 10
2852 37
41 3781
1076 50
82 65
3553 383
797 512
3553 2651
0 1748
16 65
385 25
2593 65
141 134
276 134
31 8
50 38
408 65
2855 65
109 66
1307 69
132 74
132 265
408 346
65 8
8 271
8 164
8 2140
14 36
19 16
798 16
16 271
20 99
797 25
25 932
25 132
797 31
2850 65
369 116
231 120
120 2854
156 932
158 1
156 25
1457 25
25 1137
25 1029
54 271
273 231
938 346
950 797
938 3781
1749 0
50 686
360 59
120 632
256 132
192 149
158 1139
231 210
2859 737
1029 797
360 3
8 23
10 1029
19 271
49 1750
2860 68
210 271
1141 912
1141 1140
2145 1288
1306 9
65 9
90 14
132 14
797 132
271 169
3755 196
3755 346
1748 346
512 1750
3755 1029
1 20
19 8
8 25
271 14
21 169
156 54
2853 54
548 59
59 3742
2862 68
548 3781
34 0
3755 1
82 1
82 8
2178 9
10 132
10 1747
28 14
43 73
68 1747
2861 120
471 120
685 169
1308 0
0 2857
0 2176
1730 6
2178 10
10 2179
66 14
685 16
1308 25
54 687
2863 120
3755 134
687 142
2864 10
10 273
109 517
687 132
141 132
158 142
1029 423
16 0
517 13
1488 16
1488 37
359 106
144 736
1488 210
344 1743
1026 409
485 409
8 686
50 14
3755 2173
1 263
1 96
797 9
19 175
43 23
175 59
175 98
1142 210
3740 1142
2865 6
186 9
144 10
548 16
16 38
16 1489
184 54
548 106
2178 169
388 276
359 3566
14 437
361 16
16 1304
32 3565
37 1304
1139 49
210 97
736 517
1485 797
1474 1
54 25
69 3565
369 304
2866 797
346 20
82 254
210 630
533 2858
1139 797
3751 797
271 1
271 10
10 276
10 3751
481 32
3751 50
59 3751
254 74
797 254
1752 797
2180 0
1 132
3 2867
8 3565
10 1310
256 49
276 51
685 65
256 68
276 145
276 2180
3743 590
38 1
210 8
8 132
8 3712
68 9
50 20
3677 49
51 49
49 3781
49 2181
1286 50
50 97
874 54
271 132
797 196
271 3712
276 1141
1911 473
2870 797
2869 0
1281 16
51 38
38 2872
2871 54
856 68
68 2182
360 106
686 210
210 3781
797 370
1311 797
38 10
738 10
14 3755
68 25
3677 32
634 32
254 32
2183 59
797 68
1143 68
265 68
1739 254
2182 797
856 797
2874 797
1143 797
0 1490
1 46
10 3
184 8
8 106
254 16
1136 32
32 1753
345 37
739 59
483 64
686 97
1284 142
686 184
184 581
735 193
948 368
797 369
2876 738
1753 738
2185 797
1753 797
1753 10
945 16
16 144
874 49
2878 50
738 51
1690 581
2184 797
1490 797
1754 10
10 1144
66 16
38 1144
38 69
148 49
1754 49
634 49
1754 51
1030 148
864 197
2186 197
276 197
276 231
423 1137
1312 0
0 2184
16 9
203 32
2877 32
1143 32
738 32
1313 32
32 49
738 49
2879 49
51 50
51 1144
1143 142
1143 738
1315 0
13 8
158 13
19 13
16 13
210 13
155 16
203 49
51 633
633 97
1314 792
1491 0
8 517
2187 9
948 10
1491 24
69 65
97 68
738 68
1751 68
2187 423
1 51
738 24
632 49
68 49
360 51
1313 738
2141 6
948 23
141 49
369 49
2882 49
622 68
948 203
2883 797
9 158
38 107
255 328
634 485
2189 9
2786 9
686 10
1492 10
21 637
64 39
50 637
121 797
950 144
2188 359
637 423
1491 1312
2884 2188
3744 6
9 3755
10 3755
106 15
19 3755
49 23
49 1755
231 54
3677 82
1316 116
155 633
210 388
1316 258
271 3755
2190 517
1492 0
1031 24
1756 68
257 68
1317 68
1312 160
116 0
1920 257
682 797
948 797
637 8
1145 9
797 23
200 23
160 30
2886 50
950 51
2885 51
69 257
797 160
2875 0
1317 0
0 258
0 2880
10 69
10 3677
46 30
1313 50
518 145
1139 160
634 257
263 257
945 518
634 2881
1307 1139
1313 2887
1145 30
1 76
2191 6
8 134
19 14
486 68
2192 1623
275 0
19 1
263 51
54 1318
2873 68
89 68
276 2193
518 452
1 65
51 8
10 344
10 3742
99 51
2194 51
196 68
96 68
1757 68
160 68
1494 155
638 263
276 3742
1493 0
3463 16
68 51
197 68
369 68
1758 68
2195 68
799 68
2192 116
799 120
160 155
203 160
1493 160
1493 1
1 187
686 6
346 10
1032 51
170 68
1494 68
1493 187
2196 275
2888 6
21 6
481 10
275 10
10 1033
16 54
32 3743
197 39
1493 68
0 1033
2868 6
948 14
948 24
517 175
948 275
345 0
187 14
20 15
19 187
3757 21
345 145
2179 51
155 638
638 9
196 10
3771 10
3575 12
203 12
486 12
12 1758
19 151
89 24
141 24
3771 24
685 51
388 59
69 3566
388 73
3575 203
686 486
638 686
2891 0
0 1495
0 2177
0 635
97 16
369 32
257 34
2891 56
518 109
486 144
271 144
2893 145
257 638
271 3771
638 3771
686 3771
636 6
8 144
478 24
51 2895
175 208
175 2856
10 638
30 16
21 3771
3744 50
256 51
2892 51
2176 68
203 68
1759 68
0 1759
1759 6
144 20
797 51
192 51
51 3743
2856 73
1759 82
3744 82
116 89
134 585
1760 144
2856 144
144 638
144 3771
257 189
2176 1317
1759 1496
1759 3744
2896 1760
1146 6
257 24
39 76
192 3510
2197 797
51 1137
2198 116
120 485
1034 170
1759 189
1497 257
1759 1147
1759 1497
1314 0
1319 0
873 0
451 6
254 10
2166 10
23 116
1033 24
1313 116
388 310
1759 1319
1319 1499
1499 0
0 518
0 2197
685 6
2195 24
1030 24
27 129
954 51
51 1033
873 120
873 257
2898 518
0 2897
264 3
2200 3
3581 12
3581 16
954 27
254 46
66 51
3581 63
1486 116
2177 116
3581 144
231 1609
2200 1033
1486 1034
2852 0
129 9
9 1761
1759 10
345 17
17 2199
273 51
948 51
686 82
948 129
388 256
873 258
2900 473
3581 1
51 6
591 9
12 1766
132 19
1144 19
21 939
134 28
32 1765
1033 46
1144 50
636 51
945 51
2701 116
379 256
954 797
3690 1765
1501 0
0 954
91 9
1763 24
1761 32
1501 32
1759 32
37 1492
3743 106
2904 142
451 142
1499 142
1146 797
1765 797
1499 1148
591 24
3581 36
184 36
184 50
2901 51
1741 116
2894 134
1025 142
549 142
549 160
184 3740
184 1690
1148 258
1148 453
1025 687
1145 797
1025 956
145 9
17 2198
196 46
1319 51
145 51
1759 66
401 116
633 145
797 203
271 3744
956 797
3682 1093
3682 3743
0 2903
317 9
549 51
62 59
957 91
549 141
1501 142
203 156
303 517
1497 797
3682 957
1147 0
28 6
1149 9
1501 37
37 2905
1149 91
401 120
1759 257
1149 591
797 638
3690 638
1147 797
76 9
1148 28
549 32
637 51
3743 451
1147 873
3575 3554
3575 3682
151 8
1284 21
151 36
151 100
151 112
257 116
1284 141
151 233
401 437
184 1
9 116
549 10
15 13
116 79
1761 142
451 390
2203 873
3743 2204
0 957
2203 9
486 24
483 38
689 160
3778 189
549 189
2909 549
1502 797
3575 797
160 1
271 6
174 9
25 1500
1317 116
2910 116
2907 116
519 160
591 585
2908 0
1 256
1494 6
359 10
2913 37
37 873
2912 635
2911 740
957 797
1768 797
1768 2202
3575 2181
0 2906
318 9
2914 10
2205 16
28 359
591 176
2907 210
801 218
622 257
3575 349
3743 6
10 2917
218 15
873 17
25 349
349 32
797 176
2915 256
797 486
2206 633
2206 797
2916 797
873 797
0 2781
266 8
2907 9
13 266
727 16
23 132
266 59
62 874
266 175
266 303
266 3758
2907 10
39 16
46 39
39 2918
442 266
24 1
50 10
689 17
258 21
37 276
59 79
176 134
478 258
266 838
3743 686
