3783 2431
488 1
3 1321
43 9
1423 9
23 9
360 20
483 20
802 43
1503 59
156 84
2921 6
20 1985
30 1133
32 1033
439 59
192 100
1757 116
134 550
1021 160
1504 160
1021 349
2907 630
2208 6
482 6
347 8
1766 10
271 106
347 144
271 151
2208 160
1769 160
160 1764
271 347
347 625
347 1706
2907 1768
215 1
2922 6
10 50
46 23
218 30
50 184
1146 116
234 134
263 184
369 218
0 3603
116 6
6 3603
798 24
27 79
96 39
136 42
672 59
3743 102
160 102
798 116
2209 116
1769 141
591 160
2923 176
1764 176
672 739
215 6
391 13
176 13
59 16
3743 24
210 46
316 68
79 2924
215 156
3743 203
0 300
10 1
1772 59
1323 116
505 116
634 349
3758 688
0 2919
347 6
2209 6
116 3603
3690 203
1133 2201
263 1
1323 9
256 31
203 74
120 2207
155 1323
263 804
360 1752
1504 797
2210 6
39 15
31 797
121 116
142 121
488 164
189 797
2193 263
263 797
797 622
797 690
176 3
6 1316
6 1324
176 15
59 15
1496 16
284 37
740 50
954 77
1324 102
945 102
102 1316
218 176
1324 215
3 167
176 30
51 797
203 176
176 1695
2927 273
805 284
284 300
2924 316
176 8
30 8
158 19
36 65
1146 79
215 151
189 156
158 271
2928 392
451 392
803 0
437 14
485 34
483 51
51 1985
284 116
174 437
2211 392
3588 0
37 3
1756 6
1766 12
37 13
2929 15
1325 15
15 1426
37 16
392 20
20 273
37 21
37 36
158 37
64 37
37 46
37 271
37 210
37 164
37 65
591 42
50 3567
158 64
64 271
481 65
141 68
132 99
3766 189
271 425
3567 392
3567 481
3588 584
1739 3567
3567 2211
16 520
31 2133
2931 32
50 1019
2930 116
2212 176
3761 803
3781 1
3781 3
3781 8
303 8
8 797
9 10
9 797
3781 10
303 13
3781 16
3781 17
3781 19
303 19
3781 21
3781 23
132 24
3781 25
1773 31
3589 31
359 34
3781 38
3781 41
3781 46
3781 49
3781 50
2931 50
51 1327
3781 59
2932 116
132 797
3781 158
3781 175
303 175
3567 176
176 2678
1327 203
1149 203
303 266
3781 271
271 797
3766 284
3781 356
392 1773
437 3463
3781 680
3781 1722
16 175
283 24
50 1321
283 51
2214 96
317 132
2933 145
1506 145
0 2926
64 6
318 6
6 406
2214 9
10 87
21 132
1327 176
271 176
2934 176
176 3761
3589 318
3588 318
3766 427
451 1327
1768 630
3761 1019
1768 1019
3589 2899
263 10
283 16
318 42
1327 42
132 69
3766 99
2215 132
318 132
3766 132
132 3620
132 390
1713 176
283 176
1019 176
183 672
391 283
391 380
3620 2215
0 1504
2935 42
634 160
2212 160
183 359
303 359
672 874
6 795
2216 10
132 12
19 65
21 3761
318 30
3620 31
799 70
160 76
122 176
453 160
3588 742
1327 1325
1507 10
622 42
1507 102
283 102
160 797
317 189
2152 283
1507 391
76 8
451 8
917 9
786 9
314 9
9 544
520 31
741 37
743 37
392 42
76 1327
1321 160
622 160
451 305
1508 917
1509 0
74 7
7 156
544 8
1287 9
544 13
16 305
69 31
426 54
54 2219
1149 66
70 741
544 134
544 154
803 203
3588 392
132 10
3588 16
76 544
2156 409
2936 473
786 1
1 305
16 3
551 10
264 16
2222 34
2222 70
2193 276
318 740
3778 1152
2939 1763
0 2216
6 97
1774 10
21 188
21 109
392 31
3588 39
391 42
54 389
176 62
284 63
145 77
1147 116
409 116
116 305
2218 145
2938 145
2821 149
186 551
189 188
2218 388
409 741
1287 518
3766 2221
1511 10
264 15
3743 25
101 31
264 31
453 42
3743 51
1271 97
259 116
263 136
798 176
392 176
392 264
264 489
744 473
744 518
3594 1507
28 0
2943 15
15 2076
122 21
803 24
305 30
1763 36
167 36
2576 37
2942 54
349 235
798 318
3743 1774
2576 2150
3594 2220
32 9
9 940
1512 10
69 20
940 25
109 28
32 797
109 486
2223 169
188 1505
1512 551
551 1310
3594 1036
369 6
283 7
50 9
391 15
97 50
208 62
391 62
940 105
188 105
208 175
264 176
256 208
208 266
1739 349
1286 6
3620 6
109 7
87 16
19 371
32 502
1777 42
502 42
54 1154
305 65
2225 145
189 3578
1739 1777
0 2925
21 79
24 59
79 50
79 183
1148 145
2196 145
1500 145
2937 409
437 520
485 2222
622 0
0 1508
1 797
69 8
186 10
622 10
10 187
10 3761
186 24
25 210
31 3761
31 795
43 513
1133 79
151 187
259 160
799 409
3594 1777
2193 1986
0 2941
6 317
200 7
285 7
7 42
740 9
99 25
259 34
259 37
259 66
1019 165
547 165
551 176
410 176
1508 200
284 259
551 259
1328 1036
3594 1328
259 0
0 2944
1307 6
10 7
1155 10
17 689
19 1770
1325 24
65 25
189 54
401 259
1155 521
2865 3620
259 10
392 328
2948 392
188 1
3 2200
62 7
7 25
2949 15
410 25
188 42
305 61
2950 84
105 84
1308 87
165 105
176 349
1423 188
259 3743
2947 940
50 7
371 10
46 25
2442 42
46 271
46 196
46 1033
46 254
176 76
208 147
801 176
800 208
634 940
0 2940
0 2946
175 8
264 9
945 9
175 13
1133 14
2205 15
175 19
349 25
1133 34
76 46
175 62
175 79
940 84
121 89
175 133
1778 141
389 175
175 736
175 266
175 2190
175 1770
454 0
346 3
20 7
2171 7
410 16
16 543
800 24
347 25
426 34
61 50
70 744
79 490
170 82
144 89
285 89
109 145
800 189
259 939
3766 410
635 454
800 490
2954 7
3743 7
2953 15
264 61
188 89
1439 100
121 468
683 156
551 188
659 188
1510 259
635 259
3635 683
868 7
622 9
2956 9
165 10
20 521
189 24
25 3757
1037 32
37 3757
305 42
3757 84
187 3757
328 255
2955 410
932 3757
2786 3581
3555 10
24 12
2198 17
17 2227
20 21
21 25
410 23
37 25
1779 68
82 389
1037 3636
2951 0
160 9
189 10
1321 15
3555 23
25 189
70 37
486 46
1509 145
1323 160
1038 160
1281 6
9 66
66 1326
485 70
638 176
1038 176
2957 176
950 316
392 3511
1506 489
84 7
276 9
9 136
165 16
165 25
136 30
292 59
800 62
136 66
987 66
2959 82
165 84
165 136
1505 263
2889 392
1038 802
1325 1307
165 1
3 62
561 9
149 9
165 9
62 13
51 25
25 271
51 258
410 66
259 105
144 806
165 271
779 259
561 779
189 1
688 13
62 16
806 19
218 25
622 32
165 3593
622 176
189 187
259 188
189 303
189 266
218 303
3690 259
529 259
259 2958
259 1134
688 301
688 328
688 800
1761 1275
145 6
170 10
189 12
2960 17
1253 20
486 32
188 51
82 51
521 62
259 77
1275 316
1741 0
561 23
25 32
165 54
1232 70
6 3682
264 7
102 9
305 51
96 84
692 552
69 189
176 84
106 84
106 512
2962 176
259 745
0 329
1 3761
74 12
51 19
799 34
84 66
410 74
84 3766
165 156
176 1303
315 692
51 7
612 7
453 9
121 10
106 50
486 51
51 960
79 59
1136 77
160 77
1920 79
259 79
490 84
1776 106
165 551
1329 188
1297 188
303 547
410 305
552 1320
1038 3781
3781 1157
0 473
955 6
46 6
74 9
346 21
149 21
21 329
803 25
1510 77
803 84
176 99
349 132
1038 141
3740 189
349 1940
517 516
1019 803
2961 0
46 1
520 7
960 7
10 8
158 8
46 8
1771 9
486 77
165 82
165 134
552 165
165 346
552 175
490 442
8 442
346 9
303 10
82 10
1151 20
59 34
2207 34
82 41
79 1503
347 106
176 2945
187 1761
303 391
1776 426
3464 521
2230 552
189 9
10 693
158 16
25 215
1232 34
1757 77
176 165
1776 165
739 175
1945 25
96 30
1945 54
328 165
740 276
800 349
488 3
10 77
806 16
21 165
25 144
552 32
87 3582
165 3766
739 276
490 303
361 6
9 51
20 551
200 31
51 31
953 34
1733 42
89 42
383 79
389 165
2964 165
521 170
305 188
622 259
953 359
800 2229
1037 3464
82 6
800 7
487 10
10 490
370 31
165 36
692 40
41 692
391 189
263 20
20 3464
20 955
301 59
3781 62
109 368
301 175
347 276
2851 361
2217 955
3 520
3766 7
24 10
276 20
121 42
42 369
451 692
3731 1768
2230 3743
486 7
592 10
259 17
19 488
20 347
51 24
24 592
153 32
490 34
410 40
549 40
693 42
42 486
68 797
265 74
3766 116
592 153
183 746
592 263
693 347
490 487
838 490
634 592
1648 2963
2965 0
3 30
20 6
165 7
265 7
2758 20
144 29
46 40
42 586
549 77
349 112
175 2230
591 183
189 549
284 592
1038 490
1133 3578
1133 3740
953 17
451 40
105 42
155 42
276 82
387 183
217 212
1151 294
490 387
20 61
36 24
1505 31
102 31
37 2231
77 46
294 50
70 1330
318 77
738 77
79 746
217 150
165 411
802 217
2201 310
746 528
1761 592
693 692
802 694
2229 1160
746 0
3 1037
7 204
77 20
61 23
42 24
1782 42
622 77
252 82
489 176
488 176
427 203
742 355
1160 391
409 632
688 451
1160 587
1159 688
1782 738
738 1330
1782 1321
255 0
0 19
1 240
7 521
454 17
19 240
89 40
1778 42
42 1161
70 2968
481 82
2232 490
1153 528
1308 6
806 7
349 16
737 20
23 442
105 28
36 40
202 42
552 50
806 51
1161 176
3690 486
722 617
3766 693
355 6
1297 20
960 50
3766 62
96 806
204 106
204 165
10 182
17 1305
19 89
960 20
21 134
27 488
1297 40
1161 40
189 42
50 134
89 51
77 74
202 89
505 89
121 195
183 208
89 1
1783 6
1032 7
294 7
1161 7
19 3743
265 24
89 29
77 41
742 42
592 257
592 3619
592 3575
3743 960
1510 1037
1778 1515
24 3
638 16
3766 20
486 21
264 24
592 40
54 79
189 79
285 79
155 454
212 1326
36 1
50 1
1784 1
32 7
32 29
50 144
586 88
264 149
265 204
1297 314
489 361
1785 1740
305 6
208 7
12 19
411 29
158 46
46 65
1161 50
189 65
454 284
105 1
1253 7
1297 7
533 8
401 13
361 20
32 23
141 28
294 32
586 32
32 1326
1148 41
1516 42
133 59
2233 70
2228 102
518 141
2228 141
1326 171
454 689
1500 1297
65 1
12 1496
1784 16
21 305
41 23
348 70
1516 101
689 215
65 7
1326 9
294 24
1775 24
2971 29
3465 40
746 1516
294 10
3766 24
277 30
2966 37
42 116
101 61
944 159
2230 183
2973 400
3 210
21 36
2971 40
390 40
592 43
54 348
84 164
1331 116
694 160
1513 165
165 1785
3690 9
204 10
10 195
176 12
42 12
89 23
28 84
29 688
42 31
160 42
1153 165
1516 294
349 359
349 3575
3464 411
1513 490
2972 519
3766 6
305 7
1136 9
20 136
121 24
165 24
361 51
260 150
3464 165
196 176
183 692
260 212
122 0
16 46
19 121
30 400
37 1727
42 41
176 1032
361 204
519 490
2234 1331
0 177
1037 7
89 20
359 20
204 28
1516 29
8 59
486 10
1135 24
620 106
2970 150
1298 175
175 1332
175 2633
183 1332
2975 204
411 1306
2970 2974
2237 0
1163 17
200 20
683 25
155 102
102 294
1756 176
257 2052
960 361
3731 2237
99 20
486 29
945 40
2239 165
176 1516
3731 257
319 277
1508 426
1163 518
1163 746
160 6
6 12
135 7
257 9
82 25
318 40
508 40
105 40
3464 74
3464 141
409 281
1775 875
76 20
20 184
2240 41
176 50
875 79
875 490
76 1
121 8
200 9
685 9
28 9
685 24
160 40
121 40
355 77
218 89
118 490
184 136
149 1039
518 0
20 3
800 10
10 14
14 16
46 19
224 20
508 20
620 20
359 28
3731 40
187 109
277 165
3464 171
328 742
620 2842
685 3464
6 40
1039 9
319 10
51 20
21 40
24 40
29 3464
1039 30
393 40
41 40
3464 319
329 2053
3728 411
1163 1039
7 1158
192 8
455 9
2979 24
171 24
455 29
96 40
195 204
359 490
490 380
1153 455
2978 455
46 13
30 19
82 20
196 20
529 20
248 24
692 24
685 29
30 46
31 184
79 37
685 40
189 40
370 40
135 66
3464 66
116 3778
159 951
2981 1039
222 1
3743 8
12 3743
2134 24
24 1154
29 158
3743 40
219 70
958 219
303 219
490 1751
3743 3464
88 1
105 7
19 1041
23 69
489 40
2240 68
370 79
153 88
1163 165
204 171
877 176
204 856
1333 224
3466 877
1032 6
6 2980
17 219
2978 40
88 159
3660 176
1040 204
1152 6
3781 13
15 20
41 29
319 32
136 32
32 40
61 41
89 77
153 89
1780 136
2244 136
284 150
153 3589
2982 193
877 508
2244 1780
0 1336
132 7
2920 7
1040 7
8 1162
61 9
17 1129
294 20
20 156
102 21
2976 30
153 40
1336 42
42 3466
176 51
204 61
76 267
945 88
2984 91
222 267
1038 267
1335 0
29 0
8 548
21 9
153 10
13 267
89 21
41 21
23 548
1335 29
39 267
79 267
144 3766
2245 165
586 176
176 3766
240 216
1915 267
2633 267
1152 316
1220 3730
1 267
66 3
2986 6
69 19
197 19
121 21
2969 29
66 31
3467 40
50 165
121 88
88 944
584 102
112 267
121 158
121 197
328 141
197 176
1152 3589
0 88
177 3
17 593
2238 21
66 23
50 40
66 40
1040 40
134 42
66 42
84 42
265 51
1455 65
452 66
2241 135
349 192
505 204
217 1338
284 959
3464 1788
3678 3660
1 136
742 6
36 19
349 20
134 175
2987 176
1 3678
1 3660
1515 6
42 29
29 40
518 88
294 152
520 176
1156 547
3464 1789
1519 0
17 2246
158 23
25 3464
1519 37
135 40
165 61
1164 61
66 2246
69 426
69 148
505 176
284 2983
2207 409
786 586
0 1042
0 553
1781 6
2991 8
14 69
20 70
36 1075
3743 61
202 88
192 109
639 148
1162 176
158 3
152 41
135 41
359 84
84 91
359 91
639 91
152 135
2247 152
784 176
439 183
1037 359
2993 482
2830 639
3705 1156
486 9
149 10
10 40
88 36
141 40
204 40
88 40
69 3781
69 3743
153 149
3464 153
176 195
547 192
195 3781
1336 521
0 2988
14 3781
318 28
875 40
2994 54
914 141
2994 165
547 3781
586 3781
875 612
612 1336
2247 1331
0 2995
318 20
135 31
1336 41
165 3781
349 175
875 204
204 318
349 1320
552 3781
800 953
349 1
37 8
3731 24
202 31
305 40
639 41
42 3766
202 77
959 169
50 6
41 6
20 50
277 29
1790 70
807 150
845 746
1339 0
153 6
203 6
13 1157
14 353
21 204
1790 42
359 69
105 69
875 153
1791 277
875 277
0 2999
0 2998
3 135
1161 6
29 15
328 136
1157 183
959 219
522 277
1156 508
1309 6
20 10
20 109
171 42
112 3781
257 176
300 263
487 1320
257 0
0 1792
3 2996
637 6
202 51
875 135
138 3781
3002 176
875 452
875 740
1220 3781
806 20
1787 24
65 31
31 695
42 1330
3778 160
806 204
473 3781
3731 806
1133 3781
9 613
21 801
1786 24
28 121
875 29
158 112
176 192
353 187
213 3778
353 223
257 357
257 1786
516 328
353 3742
516 3781
940 613
1339 875
3740 940
2249 9
2985 9
32 20
877 20
1339 24
1787 32
1165 32
959 32
1794 42
959 42
277 61
158 3743
3464 3660
3464 3678
3731 3743
42 10
257 10
655 24
36 593
959 37
354 40
53 187
53 468
53 233
53 199
53 90
53 73
53 112
53 107
53 144
53 3728
959 121
257 135
400 204
1794 213
522 248
257 696
359 3781
584 3778
696 0
66 0
806 3
32 1795
389 183
21 3
3778 6
553 7
21 16
21 98
21 271
21 50
613 28
51 3781
135 61
61 1780
3778 82
100 267
950 141
3778 156
187 940
695 349
613 586
1165 613
3731 875
1794 1165
3778 2217
877 6
141 7
141 9
369 29
37 617
136 40
2236 54
65 3781
953 70
197 74
697 79
2236 142
305 176
3006 349
357 3781
2250 1165
3 1690
6 3743
8 3778
1332 13
2251 32
696 136
136 3743
2235 141
696 141
3691 213
213 1749
213 1792
1220 490
1166 0
1787 7
96 9
1166 9
88 9
24 20
20 40
959 28
3691 32
1166 102
3004 739
0 3005
0 809
115 50
522 176
187 3778
1495 329
6 3683
6 3661
6 3713
21 1112
21 187
21 592
21 32
21 42
21 3691
21 3778
21 3757
21 3661
21 3713
1045 28
135 28
3604 28
3691 42
42 3556
42 3683
42 3661
42 3713
360 3011
3604 1045
3691 3556
3713 3661
3691 3661
3661 3683
3713 3683
3713 3691
2146 0
0 2089
878 6
61 6
61 144
65 142
115 809
176 809
1045 183
3009 0
353 1
1030 9
3013 9
9 258
23 3778
28 410
300 37
349 40
147 3781
187 3638
613 258
353 439
438 0
6 3662
6 3691
6 3684
6 3595
2252 7
266 10
266 19
21 65
266 26
28 177
31 177
32 1512
265 40
42 3662
42 3684
42 3595
266 79
1161 84
266 106
329 189
1161 277
875 359
391 490
3691 3595
3684 3595
3595 3662
3691 3662
3684 3662
3691 3684
1321 7
158 14
14 195
961 30
3014 45
1512 45
277 3781
277 3766
213 0
1337 2
169 2
875 2
1045 6
3679 6
3010 6
7 961
875 24
37 454
277 40
42 3604
45 809
410 94
3679 99
632 169
176 1514
277 1037
147 1
6 7
695 7
176 23
165 23
317 24
37 1147
67 407
3015 176
1040 176
3731 3781
176 1
14 8
14 271
14 154
25 317
42 3679
189 176
452 314
178 0
165 30
105 77
1784 165
346 176
3016 178
490 0
7 1517
37 1046
45 176
82 3781
490 165
324 183
1160 655
3007 1153
0 70
3695 6
3714 6
3018 6
6 144
6 265
6 548
3017 7
144 8
3714 10
3695 12
3469 12
14 3758
3695 19
21 164
21 3743
23 3743
29 3469
29 3695
29 3714
34 69
3695 61
3714 61
1046 79
3743 144
3714 144
3695 144
3469 144
3714 158
3695 158
694 165
3714 165
3695 165
3469 165
3743 165
3695 176
189 3758
213 655
3743 392
490 1320
1166 586
3469 810
1798 951
3018 3743
3695 3469
3714 3469
3743 3469
3714 3695
3743 3695
3695 3731
3743 3714
3714 3731
0 3003
21 8
165 12
24 15
21 46
176 29
1512 29
1784 61
63 529
176 1309
594 213
548 7
490 9
10 30
19 490
3726 24
197 29
522 29
490 40
42 1309
165 67
490 115
165 994
165 1796
490 171
695 213
1031 594
0 1027
450 7
8 3715
14 12
12 3758
121 14
14 39
14 766
14 23
14 189
14 3578
20 29
20 88
20 562
1164 24
786 28
318 29
300 79
165 845
786 203
2243 1
28 10
394 40
3464 40
2243 40
42 3761
45 655
155 1031
1164 176
202 176
1165 394
3019 0
0 2251
31 7
28 7
28 746
359 40
61 257
3021 176
482 176
391 183
19 40
176 28
65 40
258 115
204 231
452 213
552 549
6 695
19 82
3690 28
355 40
1522 161
176 3743
176 3714
176 3469
746 195
10 3740
21 2254
963 29
176 40
963 45
176 67
626 67
67 1104
67 3023
178 87
158 144
2257 161
1292 176
1298 183
694 314
161 10
28 24
24 695
153 28
1793 28
161 29
32 963
176 121
161 121
1793 135
3024 161
1166 161
161 963
176 1323
2223 183
263 487
3706 6
9 40
2243 31
202 40
123 65
69 3758
94 3758
738 105
121 963
176 141
213 176
936 176
213 1779
936 435
2254 640
748 655
3706 5
29 5
5 40
1796 9
694 9
88 28
74 40
696 111
1047 176
359 277
3690 936
115 0
61 1
1522 1
39 5
692 13
2256 40
46 184
1042 111
590 121
590 155
786 176
1801 590
590 3706
1158 3706
3696 3758
0 1330
698 6
6 1521
2256 10
370 46
586 61
590 67
88 76
621 370
879 594
61 7
595 7
936 7
845 7
10 73
2256 15
1802 67
123 99
3605 746
3022 0
2260 0
67 0
0 3025
0 372
3027 7
69 15
21 3758
135 29
3768 30
2260 45
3514 67
2261 67
3028 67
1167 67
1803 67
94 393
153 135
202 135
961 135
161 153
294 161
227 161
161 330
258 176
1801 258
295 294
812 748
1133 3758
1803 3029
3768 2258
0 3026
31 671
295 67
2243 165
3768 176
1522 553
1341 0
330 0
213 6
227 32
2253 176
295 213
330 295
438 1043
953 454
963 0
3 571
123 7
3696 8
1341 10
15 1406
626 29
42 329
3030 111
176 115
115 956
295 176
176 1805
945 295
3696 3781
3768 6
3696 21
176 32
111 32
1802 45
3768 61
141 171
1339 142
1804 169
236 3768
330 3707
3768 1523
5 641
227 24
169 25
213 31
50 169
176 82
176 102
641 137
161 155
169 184
176 171
1169 329
2089 1803
1775 5
410 10
3035 12
3037 12
1804 45
812 45
295 66
1321 161
812 176
1521 3715
1521 3684
2253 3034
2259 0
2234 0
522 7
369 24
1806 67
115 111
176 278
694 329
0 1524
3036 12
24 25
749 29
641 30
213 516
3464 225
94 3
10 94
91 94
812 227
3464 293
3464 352
3464 477
3464 506
853 3781
94 40
519 123
584 123
123 2139
3464 134
144 3618
2263 169
227 178
0 94
26 13
516 26
26 29
2255 29
42 32
141 42
45 3031
176 356
3464 356
3464 535
1524 641
123 10
3040 12
3038 12
34 3758
1527 45
812 72
3039 331
696 331
10 227
2266 12
2265 12
116 23
141 31
63 699
1766 69
3464 83
1523 176
176 331
699 225
2256 331
950 331
1523 331
2262 641
455 12
880 12
747 20
30 23
29 227
30 44
37 699
227 72
3464 327
331 699
3464 382
196 6
12 3781
227 96
639 176
1529 177
880 177
655 936
655 811
799 699
3464 812
20 265
699 30
2852 34
747 42
45 1530
141 77
82 278
88 698
516 141
258 141
2989 161
161 1045
3696 175
1170 176
876 176
176 286
389 197
3764 331
1526 699
144 24
3042 24
3606 32
2269 45
88 2268
3716 123
134 940
1273 177
317 227
277 1637
914 316
317 936
748 2
20 699
84 25
3464 28
3606 84
3464 302
317 655
812 655
655 3707
2243 3778
3606 3707
77 24
29 881
61 932
161 123
388 210
295 224
388 248
388 490
10 12
45 12
1530 12
2267 12
12 427
286 24
61 25
3764 45
102 3773
394 115
1517 161
286 161
2264 193
812 329
1525 330
2264 699
3764 3464
2270 0
112 6
6 3764
3716 10
10 679
3045 12
115 29
29 123
45 1806
45 1334
1530 67
277 72
3773 128
388 303
2270 314
3464 679
3464 776
3464 993
1158 3764
1517 3764
220 6
115 10
2271 45
1807 45
427 94
176 1023
277 3743
1807 1334
683 6
881 6
1527 12
1334 12
455 45
1808 50
1808 176
3515 331
1334 455
626 3727
1529 1334
10 317
14 175
123 88
171 123
3464 688
3049 12
1341 29
1171 45
45 1048
178 61
155 3781
2151 0
12 3727
24 32
1172 35
940 40
63 61
63 175
328 82
109 2273
595 123
176 142
641 176
372 3516
961 394
3470 626
3464 1234
3464 1400
0 3047
547 8
32 12
145 84
395 94
121 3743
3773 812
965 961
1485 1630
7 317
3515 12
257 12
3053 12
3464 12
12 1048
12 3050
84 74
3464 75
88 84
1026 155
