3783 1521
2352 2
2319 4
4 978
453 17
3773 26
571 57
94 412
196 124
412 171
173 579
207 195
205 2656
571 412
1035 876
978 1953
5 3228
3482 6
215 10
3482 25
30 173
584 57
1568 114
246 124
978 126
3228 137
200 144
505 144
595 196
215 3782
3229 246
412 246
3222 301
556 5
94 5
876 7
412 9
29 118
228 80
412 80
595 105
3482 118
889 412
2317 597
29 3773
29 284
1854 205
6 141
193 17
17 90
29 141
822 205
3482 1571
3230 4
1572 9
307 10
571 29
29 1102
29 255
48 176
228 61
1572 80
92 228
2362 205
412 1154
1565 5
3703 11
25 974
32 207
3219 114
218 215
701 228
306 245
1856 412
1158 791
1562 974
3231 11
11 228
21 23
3622 91
288 91
2363 114
1573 114
1371 412
978 1175
1574 1371
820 0
782 0
890 0
207 2
1372 4
155 4
2362 4
10 20
493 23
23 125
1565 26
205 45
122 114
3471 114
1372 133
333 156
333 186
987 4
35 7
62 23
155 48
752 285
3519 4
491 6
9 7
491 9
41 30
60 45
62 3782
3234 87
890 92
491 114
434 126
892 890
3232 0
9 1043
493 25
29 3610
504 60
434 156
3171 443
1190 814
0 1569
814 2
434 2
6 173
171 11
1186 11
892 11
23 82
153 30
135 30
1570 137
1788 218
891 3553
3690 2
2 2902
3235 4
5 55
5 1570
3693 7
7 1565
965 14
975 91
155 3782
598 190
550 380
434 1824
693 7
41 10
3233 11
458 32
1690 54
1188 54
2301 114
135 122
3237 814
0 289
288 4
288 6
23 268
23 228
2365 60
60 883
228 68
288 101
1188 143
3238 183
288 228
412 288
434 433
889 4
279 10
1209 12
12 3240
752 55
60 3782
114 71
173 92
3241 1856
1831 4
4 1358
29 7
333 9
974 11
25 111
144 112
552 112
1342 114
301 156
301 186
3611 205
333 301
3242 552
1186 3719
0 1573
552 1
114 2
395 7
7 3756
289 80
1560 552
0 3244
307 7
202 41
55 111
257 60
3611 60
60 205
60 434
3243 80
80 1858
110 432
2358 978
3133 0
287 7
10 3692
25 11
23 248
110 25
597 79
390 80
626 80
92 3693
3245 94
114 96
218 114
207 114
1035 3693
1858 4
4 313
9 144
9 112
9 176
1522 12
29 313
54 1762
218 71
218 80
135 890
691 155
288 155
2317 243
2224 691
0 150
626 434
1189 434
1858 584
80 4
29 3757
1064 41
87 72
84 3757
135 94
434 114
285 3757
434 2367
24 5
99 3781
99 176
3690 119
218 162
4 7
92 9
493 72
1569 80
215 114
170 3247
3248 552
41 2
6 595
289 35
1190 35
892 135
287 569
1854 434
3690 1189
120 0
0 3246
0 2367
2 261
1370 5
3622 5
10 121
1184 11
11 1349
71 15
891 19
35 41
3482 71
261 92
334 114
114 162
261 258
891 371
3622 3128
48 2
2 3558
3622 4
891 7
3249 80
3558 226
1859 493
102 2
691 4
25 261
344 29
173 41
518 48
48 173
1568 68
92 94
114 2368
173 261
173 176
613 940
1569 823
0 1859
42 2
1575 2
2 890
1191 4
3251 552
2369 1015
25 759
114 48
261 71
371 114
552 190
2369 432
977 759
226 72
1192 143
261 171
248 241
891 261
593 0
258 2
6 369
1570 7
228 25
25 815
593 36
371 4
334 4
171 4
613 6
6 756
3483 34
84 881
287 92
92 3520
173 265
613 200
1015 334
3020 838
1176 0
4 261
171 25
1690 29
87 32
258 92
258 114
978 205
4 556
25 23
35 23
144 23
24 23
23 3726
261 72
3250 114
154 114
823 219
317 3782
114 4
4 102
1860 11
824 11
1833 11
115 11
23 14
1860 33
371 35
307 92
3482 92
114 92
329 1495
2370 371
33 15
3256 371
286 2
1035 6
1573 6
11 34
421 66
1192 88
295 265
597 3218
597 3257
0 3252
332 2
96 2
892 4
800 4
1375 4
6 176
10 241
3252 23
23 28
30 24
35 1066
37 150
79 54
72 727
1375 122
953 219
2252 228
1375 371
1184 5
3622 11
626 11
1064 11
1573 18
91 18
114 24
190 25
390 25
57 3612
110 58
824 58
110 94
173 774
1191 247
164 1
1853 4
1375 11
394 11
2371 48
226 144
373 153
1067 453
0 2366
1067 66
1374 304
1067 4
58 129
1374 2
247 25
58 489
58 1375
3259 2
1374 4
215 4
3253 4
173 11
2649 25
2363 58
1063 92
92 294
595 190
979 247
3253 432
3253 640
0 10
190 23
15 170
261 18
1183 18
3184 18
556 35
125 170
190 144
0 1060
556 2
92 2
1060 11
94 55
493 58
196 92
1060 228
493 247
979 335
1861 596
1376 757
153 2
25 7
1030 11
980 15
1030 18
25 176
335 35
334 58
92 91
173 91
94 176
227 3782
3262 1065
1188 3254
1845 0
1065 0
0 3253
294 2
4 3635
1845 11
23 13
3253 18
3584 18
34 800
1335 58
58 3558
80 172
286 94
2368 432
129 1690
129 1645
207 161
3264 1863
0 3258
3646 92
157 92
92 176
157 247
1690 176
155 11
2361 58
92 334
886 220
886 275
3236 886
1357 0
32 11
3263 28
3519 32
3519 35
814 35
294 84
458 196
886 368
9 25
23 307
307 25
307 29
286 31
31 176
80 41
307 58
307 87
181 3782
287 317
1532 596
3265 1548
458 0
335 4
35 117
1576 335
3253 431
3267 824
2359 1865
1335 2
344 2
335 2
2 4
4 683
5 207
196 18
1865 67
173 3521
3482 226
1193 971
980 7
1067 196
1868 1193
1577 18
247 92
335 207
3464 3596
246 0
1867 4
4 67
525 5
42 7
335 7
99 11
84 966
1864 92
319 207
224 529
307 1356
8 3
35 18
246 25
94 28
3253 35
571 35
119 58
1067 92
1863 246
3519 1863
317 7
42 176
758 48
758 58
67 60
247 80
758 196
2368 196
390 288
1191 1690
0 3255
92 4
1577 5
35 119
91 1575
584 462
33 196
102 35
135 35
109 304
134 3266
3253 2
173 4
99 5
207 33
196 134
135 134
3253 190
3272 247
3266 1825
1868 1867
0 453
0 2374
0 291
0 157
96 4
344 462
1188 426
33 2
2 3703
885 11
18 817
246 35
80 1561
80 1552
87 91
335 115
1342 115
246 115
3703 115
286 207
290 2
2 246
1371 4
705 5
23 92
164 25
3558 29
115 33
319 33
246 33
48 288
335 58
246 228
3703 228
1574 246
335 246
3703 335
36 0
305 5
390 7
190 11
14 266
58 30
3703 33
3703 48
92 124
305 137
3703 825
1576 825
2373 825
3703 1845
3274 2
1161 11
207 28
37 54
135 96
462 190
308 247
308 1371
125 0
84 1
3780 6
3779 6
3777 6
3776 6
3782 6
10 18
314 11
84 12
24 176
3776 25
3780 25
30 187
30 176
3269 58
72 176
84 187
92 3728
3782 94
3776 94
3779 94
3780 94
94 3777
187 107
1184 114
3782 176
3776 176
3777 176
3779 176
3780 176
187 176
195 176
3782 187
3776 187
3777 187
3779 187
3780 187
187 488
824 228
3776 1690
3777 1690
3779 1690
3780 1690
134 4
1377 4
135 4
1067 10
25 278
289 33
1377 33
1377 35
207 3756
3268 10
241 28
800 35
705 92
705 115
3253 308
462 579
3253 1146
1183 35
2373 35
58 980
72 3703
758 121
2376 155
334 3703
665 462
1578 0
18 7
1576 11
33 58
758 35
58 207
308 91
1578 548
1159 758
10 1378
58 18
33 334
2376 35
2375 148
18 6
3756 99
817 2
814 11
1190 247
290 0
0 2341
490 19
247 33
80 35
821 173
490 268
1064 758
3277 1489
3270 1869
4 1871
10 6
644 7
9 184
10 184
10 3703
10 176
0 2377
291 4
5 637
247 10
3280 11
291 35
35 1578
35 821
821 196
3279 247
291 308
817 4
117 9
35 11
2378 35
350 35
3186 35
394 86
127 114
9 0
0 3278
821 11
821 41
308 41
94 1873
826 99
1874 114
705 117
1525 291
411 974
1858 517
1579 821
1064 4
2375 5
94 24
3775 33
196 35
171 35
490 42
1567 42
3598 58
171 95
2375 115
1042 115
1814 115
1579 117
1377 144
3171 308
308 3273
1874 0
2370 5
5 3598
450 16
29 622
117 33
450 37
48 42
173 42
117 42
821 117
213 117
1229 133
3273 0
35 1579
505 81
92 3283
1870 115
3284 115
2353 205
1870 758
1867 3271
241 4
824 4
3775 117
344 157
3775 758
1867 1049
3286 2285
0 3282
5 213
29 10
10 1870
16 25
3268 110
462 110
821 115
3281 127
2380 127
758 287
758 636
1 6
99 4
99 7
115 28
758 102
893 758
196 4
3558 7
3775 127
2374 127
234 197
758 308
758 411
3775 1567
3558 2381
1193 4
2332 4
3775 0
466 289
811 596
1184 6
3775 10
10 173
18 48
1489 81
1867 3194
124 33
3775 35
290 35
584 35
3763 35
701 35
35 3741
122 115
173 115
115 25
48 3775
127 1042
699 150
595 184
224 493
758 350
3481 3227
1 7
35 10
289 10
493 10
25 2371
335 48
52 123
173 94
150 260
150 807
150 217
150 3276
150 1866
150 284
150 2970
150 3518
800 758
18 4
1577 7
11 334
11 1183
25 48
25 665
35 1561
48 595
115 58
665 493
429 0
23 1
23 30
1875 25
980 28
48 30
121 35
154 35
173 81
190 124
3728 3730
1 12
1 138
1 205
1 94
1 2
2353 4
7 33
154 10
286 11
92 18
334 18
23 411
2384 28
48 144
115 3782
3285 195
289 240
1874 286
42 28
3288 48
979 894
1 13
1 15
1 411
1 3464
7 305
10 25
1550 62
69 278
705 127
1354 0
596 4
483 4
4 2359
7 2383
7 3775
115 18
982 28
665 48
2308 170
205 3692
7 982
2385 12
157 28
35 208
1190 115
289 115
2361 115
982 127
1342 127
3290 981
2385 4
66 25
154 127
0 2382
0 1194
10 4
6 428
2387 18
154 28
2386 115
1875 127
2382 150
1190 289
4 981
758 10
390 11
127 18
23 249
127 25
26 35
115 35
35 48
91 461
127 102
3484 102
758 309
556 493
0 3289
458 79
309 115
423 154
12 6
115 61
4 45
4 12
1321 11
1377 25
1377 48
665 207
2387 289
3291 0
7 58
127 11
1552 11
3292 11
35 839
3293 127
319 155
979 6
7 31
544 48
289 127
3296 11
35 30
46 35
48 1873
3599 115
29 3599
115 72
584 115
3709 126
291 127
1064 127
193 150
429 246
1064 289
3709 1193
431 0
6 535
25 2388
66 33
94 3464
894 240
423 644
3763 6
25 265
25 3756
291 115
431 291
0 461
308 2
247 4
10 308
11 48
72 25
1129 26
3485 26
893 308
827 324
324 413
827 387
827 413
3297 0
72 1
287 4
164 8
458 11
164 21
164 37
164 84
164 144
164 187
164 488
173 1159
187 184
1065 458
1179 0
2377 33
34 79
92 3647
240 104
162 117
1773 162
308 0
1876 0
145 4
7 2388
25 46
462 72
665 94
1420 493
825 4
58 5
2383 5
895 431
1378 461
1877 461
99 6
29 81
978 1527
1042 11
127 39
157 127
894 127
739 3781
10 646
11 117
3187 824
1877 1191
3298 2389
308 1179
2389 1369
3298 3295
0 895
18 2
3558 4
39 11
25 372
29 3519
1378 423
600 461
2388 31
154 461
11 1373
1321 18
18 550
2372 172
2390 0
5 1379
665 18
18 331
893 33
60 1850
92 483
331 94
1379 137
1580 893
2390 3568
121 4
1335 247
1879 1877
26 2
461 4
25 8
18 41
26 141
92 48
1557 48
154 63
1379 689
5 548
5 265
3763 48
25 18
30 428
94 72
701 308
981 177
307 244
331 427
0 1521
7 236
782 18
241 25
1379 184
461 371
1821 431
2390 1195
3008 4
571 86
591 86
1369 94
3300 431
571 432
893 18
157 18
1580 18
33 32
1351 33
1195 396
461 426
1580 3598
0 3299
0 3294
60 4
2380 6
289 11
335 26
60 177
1517 87
1521 593
1359 11
1549 144
2391 172
33 31
331 45
331 48
48 241
461 54
665 87
331 144
331 241
1056 6
33 25
2386 26
48 31
1380 35
423 35
1380 86
218 31
33 218
1581 593
2353 596
143 54
157 86
66 4
7 334
218 81
396 289
10 92
1515 11
3763 11
35 31
584 33
1059 396
184 5
162 5
150 17
184 23
184 30
184 31
2154 41
184 46
184 52
184 82
184 94
184 97
184 169
184 348
184 197
184 248
184 287
184 263
184 812
184 422
0 86
433 4
240 11
204 20
84 20
3763 26
249 48
204 84
2370 137
28 176
291 33
62 3781
62 176
706 81
94 3301
285 176
1194 706
218 2
1380 33
60 964
396 157
1876 396
706 613
1582 0
29 1
25 4
693 10
290 18
29 19
29 30
29 110
45 3302
240 86
240 114
212 150
290 207
396 240
706 240
1879 240
94 41
411 143
706 396
1044 706
706 18
1821 240
750 240
21 122
3576 32
143 1376
701 396
1376 494
1767 6
396 11
2154 3522
329 0
329 1
33 11
396 33
329 177
1368 259
21 341
461 162
396 162
461 385
285 25
3569 11
3569 18
3569 309
26 11
287 86
5 3304
94 81
2079 86
2392 1065
1155 1
12 3692
15 163
67 177
1155 86
760 163
396 244
1155 396
757 494
329 5
163 14
3303 25
289 26
371 143
150 2392
319 434
23 4
975 11
18 23
1771 26
28 31
29 3569
375 32
706 309
665 396
706 701
1880 1065
5 2351
31 11
3486 26
701 26
86 41
45 3307
1847 811
432 4
32 4
5 31
153 18
92 84
461 291
4 5
1330 11
242 889
240 1
58 11
86 18
37 3309
1879 86
26 4
1908 4
4 41
613 11
236 31
86 32
372 45
62 335
396 86
601 86
3305 86
1862 86
94 372
329 184
385 494
1881 613
31 365
101 66
453 86
153 86
706 86
423 86
122 5
143 461
28 206
86 66
1193 3310
206 25
3311 31
7 1864
979 18
86 26
979 33
3590 86
308 86
308 124
1379 243
1872 11
11 279
811 126
2393 933
3590 3313
0 616
0 3312
308 4
279 4
11 5
5 1068
127 122
773 4
694 4
1155 4
226 5
3590 72
616 84
103 800
1068 137
636 308
3590 394
25 92
1420 29
236 58
63 195
760 268
309 4
893 10
616 26
309 35
241 84
206 84
162 86
18 124
2154 86
2393 124
124 2224
434 12
279 33
434 45
981 60
279 86
1737 170
42 4
258 18
18 30
3694 29
289 153
2 1378
3308 4
12 2354
19 30
60 971
84 163
701 86
258 86
1882 109
206 3694
1882 226
1859 258
1882 10
25 3694
80 26
757 143
1378 548
