3783 2527
2 115
2 748
2 3048
74 6
122 6
6 1498
6 3051
965 10
32 24
142 24
24 54
2266 45
3464 102
110 3717
395 144
178 1110
3512 227
300 944
3054 965
3040 1344
395 0
2275 0
0 2272
39 6
6 637
3512 9
3055 12
395 21
21 102
202 121
641 123
161 286
248 220
410 285
359 316
1110 9
317 10
29 20
812 24
176 91
107 94
812 123
3512 123
123 881
227 176
3512 330
1630 1485
3000 0
329 52
490 69
123 105
227 121
3512 144
3512 178
3000 284
490 3781
2112 0
747 6
522 6
9 326
37 94
1168 123
3006 671
3056 0
0 3605
1346 2
1168 2
6 3718
111 12
3046 12
3718 24
395 111
227 135
1346 1168
1322 1484
123 21
21 423
369 42
1531 45
123 87
881 87
423 94
94 227
176 155
1524 176
379 277
2201 2272
123 0
767 6
3060 12
35 29
750 42
50 175
50 3758
202 52
3471 61
745 66
1172 171
1172 279
328 283
1172 370
427 3778
812 3778
3515 1172
2243 3640
1042 2
23 6
149 6
3031 45
135 50
94 91
91 344
94 427
123 395
747 176
812 184
3464 446
1172 1050
0 3058
700 2
1523 2
6 3471
3059 12
1809 12
1524 17
17 3052
700 49
84 52
2273 109
176 123
3514 238
700 3621
2273 2268
700 0
3514 2
236 7
12 10
3050 12
3733 21
3621 25
655 45
3062 45
696 45
45 60
3621 52
176 61
1042 61
111 700
802 161
176 595
176 1346
236 204
3621 1048
1051 1048
2226 0
0 1315
1795 29
1529 45
3733 329
811 693
1795 0
0 3061
42 3733
45 3064
134 3755
698 219
394 258
966 267
1775 316
2997 388
3464 1327
3716 3734
3718 3734
0 193
171 6
700 7
700 12
2249 25
1345 29
45 2277
426 69
683 87
698 88
881 94
3773 111
700 171
2633 175
3066 747
1811 0
1811 12
21 13
123 24
265 29
2257 45
2278 45
67 123
2275 111
123 227
219 1732
394 372
1810 1047
221 0
3063 0
10 3766
20 12
69 12
12 1209
45 1811
595 61
61 72
812 94
395 105
122 1810
1052 176
1810 176
178 747
221 372
693 3766
1810 1251
3773 1810
14 490
52 24
61 24
1273 45
279 141
881 176
696 176
878 176
176 403
227 317
1347 881
2281 0
1053 3
12 3468
16 286
17 73
21 144
139 24
29 52
52 747
94 184
176 122
176 370
176 1047
176 1158
176 594
1690 286
286 423
372 3068
2172 693
747 1810
0 1441
6 2
410 3
521 7
1534 12
2274 12
12 2278
944 17
19 176
186 25
37 3043
52 178
139 69
286 176
248 522
3069 0
2280 0
112 1
12 2
2 94
395 3
483 6
3072 12
951 12
3071 12
12 94
12 2269
394 24
24 3070
37 953
286 84
112 187
112 270
112 176
286 122
747 123
155 3740
395 176
747 286
286 965
2280 372
3464 3734
151 0
876 6
8 19
8 286
178 9
177 12
329 25
227 28
151 37
529 37
91 39
67 45
111 72
1347 94
122 94
94 965
94 3517
111 747
178 1690
178 581
747 227
284 953
747 563
2284 1052
2243 3717
37 0
876 2
6 808
3044 12
1806 12
2277 12
3075 12
37 17
32 1348
169 50
1813 60
3076 60
94 317
1526 169
547 1348
43 5
518 5
23 8
23 184
395 24
330 25
45 1800
954 141
767 1348
1815 2
61 2
2 35
2 28
1347 6
3074 12
12 1812
189 31
84 61
1050 67
1052 91
2151 177
187 3718
655 372
812 747
3464 3716
3464 3768
3773 3734
595 0
655 2
10 2
164 6
328 20
747 25
286 28
164 42
176 72
123 3773
1810 198
198 516
560 1
198 2
2289 2
499 7
1171 12
198 25
372 25
111 29
357 198
3464 393
3464 3605
7 2
116 5
749 6
111 7
16 747
102 39
111 3778
508 227
454 3464
966 689
3464 3764
0 3077
3042 2
2284 2
882 2
2 1338
141 6
21 63
3079 29
1535 31
84 41
123 52
394 88
1348 186
331 3515
1535 370
3464 3551
3041 0
961 7
153 7
696 12
14 966
1169 17
1521 52
67 813
331 72
91 72
1322 91
1338 202
395 330
2291 961
1348 1347
1348 2291
3067 0
0 1338
94 23
35 24
3081 24
69 25
28 123
186 40
456 45
456 70
1050 72
198 72
122 72
198 91
1170 94
94 220
123 111
122 3718
122 3734
1050 123
123 161
123 318
1812 177
186 422
878 198
3773 3078
393 2
2291 5
112 5
112 28
318 52
109 91
297 123
123 331
769 3506
70 0
74 2
2294 2
2 91
148 5
123 6
123 61
123 72
72 330
82 176
372 88
94 123
749 123
1819 123
148 2293
183 3033
372 332
1348 372
751 372
0 332
751 2
2290 2
1347 2
544 5
176 24
331 24
82 35
544 76
330 91
91 1820
94 940
146 99
122 1670
122 1820
962 146
357 146
146 420
1820 177
197 3705
1779 213
3639 3773
1 317
226 2
226 3
202 5
96 24
31 141
2267 60
72 3642
146 222
1813 177
258 198
3464 3778
1273 2
2 227
1345 5
945 6
14 517
31 213
2296 67
198 266
198 368
749 5
5 91
5 23
393 82
393 3
50 25
880 45
112 316
486 176
331 3085
2296 456
1322 3773
3773 3073
0 3083
2297 2
3086 2
1535 2
12 7
7 226
3465 12
34 14
60 3084
452 105
689 146
3465 177
111 0
2299 2
328 8
1818 12
491 24
198 54
91 61
111 300
198 142
2297 1648
15 5
109 6
178 6
747 7
3088 12
1536 12
123 31
198 800
198 439
3089 552
394 0
5 3729
176 41
590 69
2298 123
198 145
176 702
176 1752
3087 0
0 2248
176 2
3091 5
21 12
1350 12
1350 14
30 21
23 1350
142 54
1350 63
94 74
394 89
751 94
1350 98
111 523
2298 176
936 294
1350 380
1007 3778
3087 2793
99 2
52 2
187 5
52 5
639 6
6 50
6 2300
1051 12
265 20
683 28
89 31
52 137
590 82
144 94
1053 176
177 2300
489 264
285 3734
1537 492
751 492
695 2298
3690 702
936 751
3464 3465
3607 3465
0 752
0 3082
505 6
52 28
3464 52
52 3641
2271 67
3093 142
1537 176
1050 176
1341 936
62 2
936 2
2301 6
491 26
747 29
41 3581
1538 55
55 420
3092 60
1538 146
226 176
198 1819
1522 2
2 753
751 6
751 66
144 2250
3729 3094
28 5
695 6
3001 6
6 955
1532 12
107 21
522 24
24 30
28 94
30 145
187 53
187 98
144 107
107 482
107 187
187 144
144 317
144 164
144 482
144 233
144 468
144 199
187 164
187 199
187 482
187 468
187 233
3096 914
1052 1814
3096 3567
3729 24
52 331
224 492
747 2
3065 5
1055 72
87 814
178 94
420 125
529 224
259 224
884 747
1822 753
2279 24
69 34
2302 45
170 72
1053 72
692 106
176 111
753 754
814 884
3095 5
883 12
3095 14
72 23
940 23
884 23
328 24
52 55
3465 60
3097 60
100 65
135 72
882 72
3095 100
882 106
521 176
176 523
1824 884
112 2
1053 2
5 42
620 6
12 3607
195 14
21 195
1055 28
884 28
3099 29
29 31
198 32
42 137
3596 110
153 112
112 3758
123 884
882 314
1539 802
3729 3608
3101 45
45 126
178 123
880 126
3101 126
950 176
936 3729
1055 5
1648 6
69 21
936 26
34 2288
133 742
176 330
702 195
753 521
491 2
6 189
344 10
344 30
189 69
344 94
344 96
455 126
0 3100
884 2
5 123
800 6
884 7
21 301
21 37
21 89
21 43
21 184
884 61
2303 94
123 455
3518 150
187 160
751 178
1825 455
3464 685
3518 702
1825 884
884 885
2305 2
3471 2
6 3766
1533 12
29 3471
52 3766
456 67
749 176
2285 176
187 814
3464 3766
754 2
2283 12
1028 23
702 29
226 35
1028 39
257 45
123 55
3103 60
967 70
2977 193
491 330
1028 330
1028 936
0 1825
0 3102
0 1821
2 954
5 393
1539 29
2304 39
60 3080
176 2279
882 521
1128 936
3464 2279
3708 3608
123 2
330 2
2 1823
3098 67
195 175
882 878
0 528
2307 2
84 5
6 30
105 21
178 21
2307 24
29 187
29 94
29 344
176 39
176 55
94 66
491 176
176 815
695 178
227 815
258 332
1146 2
491 5
330 5
2276 12
94 30
359 52
61 94
94 330
3105 300
2309 394
1539 394
89 2
39 2
1128 2
6 2306
171 29
102 29
35 123
3106 55
198 133
3464 3608
1789 2
9 966
1807 12
23 3464
123 29
1826 45
148 69
198 100
1032 123
1826 126
751 198
330 3471
529 1797
319 2
3772 6
319 29
55 29
176 31
882 89
3772 101
3772 144
3772 187
3772 687
1351 936
3772 936
3001 3772
3464 3729
3464 3772
3729 3772
35 6
1345 6
67 12
25 16
123 226
7 1342
171 72
683 123
142 695
492 171
1353 177
0 1537
0 3012
1177 6
286 7
1177 7
1531 12
55 146
99 65
1827 67
123 82
91 82
642 123
1161 123
332 176
0 3110
5 3111
7 332
123 23
2283 45
880 67
814 123
968 176
2303 176
642 3109
3708 3759
14 10
62 10
2242 12
249 30
37 3107
94 39
63 697
3111 137
642 142
394 176
3759 176
642 204
69 10
642 23
82 966
357 287
642 332
2310 2
278 12
278 82
642 94
178 3778
178 3705
529 193
936 198
642 3464
814 3759
966 3759
3464 3708
3464 3759
3104 2
697 14
3464 29
29 596
45 177
171 94
177 126
2310 176
1690 184
287 184
287 1690
1353 883
3078 1810
0 3112
5 1056
7 9
120 88
176 94
96 3629
2308 109
195 121
187 123
3114 146
3113 195
195 746
6 5
243 5
3740 6
3115 7
596 12
23 797
243 25
177 28
55 35
3034 45
3034 60
2277 126
167 3506
176 797
702 243
3034 455
1542 552
3472 3643
294 25
29 642
456 60
178 1603
3584 2
1831 2
17 242
176 25
1049 60
1807 126
243 142
178 3593
3464 3762
3708 3762
3759 3762
197 5
361 7
1047 8
142 23
29 3781
42 3762
3762 94
94 3759
361 109
3762 176
176 3708
3762 243
1829 361
1354 1797
1455 3781
1455 2
277 5
5 523
89 10
12 486
21 357
25 2279
277 28
198 62
70 242
82 486
1455 176
198 243
3464 814
702 2
1458 7
23 12
2309 21
226 29
69 697
3116 176
1832 226
1544 2
70 12
14 1133
1458 15
109 23
25 267
28 82
1832 32
53 333
82 3730
1534 257
0 1541
176 7
3118 12
319 12
17 1525
702 32
37 2312
122 39
1690 52
106 55
314 94
1040 105
176 153
178 3464
370 198
3108 220
1690 3464
0 3117
74 5
6 42
490 54
490 63
1458 135
1545 137
490 388
490 519
490 3758
490 3730
1055 2
1151 5
1049 12
12 126
12 45
165 31
883 67
2990 79
144 3728
176 1179
195 1276
2 885
39 9
1827 12
21 28
32 28
70 32
3032 39
3120 67
133 243
176 294
1343 220
242 698
242 958
0 1179
265 2
111 5
699 20
1345 26
236 61
96 176
1541 106
295 202
295 236
248 655
490 267
522 1340
3728 797
295 0
197 155
3464 3583
3464 3585
1834 0
295 2
3121 9
295 9
295 29
883 60
295 70
1834 176
198 256
968 2213
3773 1156
0 2295
106 2
286 5
521 5
14 3119
23 46
102 91
3124 176
968 2
1835 2
115 5
106 5
483 7
2313 61
1536 67
1133 175
370 522
1833 2
1814 2
3126 2
94 7
9 72
46 24
1355 0
0 3123
0 522
9 2
3610 2
195 63
69 63
426 111
176 348
176 265
1690 3778
2 172
2 124
2 814
176 9
122 28
89 55
1812 60
1827 60
213 72
1057 106
1057 120
0 2314
134 2
1834 2
2 1836
529 14
1161 14
60 21
42 134
1345 55
1836 172
122 2
2 26
319 9
14 9
21 14
1920 14
39 46
2717 45
134 63
173 109
3696 490
3773 885
3773 968
1547 2
26 6
1835 7
3130 7
55 9
3464 14
871 17
373 23
3129 60
176 1351
3728 187
966 219
219 490
871 242
2314 2
2 258
6 3752
258 9
426 14
3696 14
196 29
1178 55
94 3752
94 3726
1356 142
3773 287
1690 3752
0 173
878 2
12 2289
3773 25
332 25
39 2313
176 620
243 226
1458 2
1349 5
105 5
9 241
9 3134
94 3728
1176 219
548 6
6 155
2316 21
702 21
42 87
187 156
2224 176
178 594
241 195
3773 2318
3773 3135
5 99
110 28
176 35
3122 60
115 106
110 124
3773 115
3136 115
0 3133
620 2
2320 2
12 2319
3610 94
109 389
3471 115
176 161
173 172
176 3773
524 492
0 1354
144 1
350 2
304 5
1829 5
3732 5
5 137
370 6
695 24
1791 24
3773 29
1731 29
102 55
552 110
243 119
134 1731
1829 137
3773 429
3732 1034
3773 1540
3732 1829
3773 3137
1 17
1355 2
1035 2
3609 2
640 7
344 23
970 32
32 94
45 3132
640 287
3773 2321
155 9
20 204
23 3690
3773 82
89 265
213 171
640 171
3773 173
332 243
1040 243
3773 332
1054 429
640 1223
508 2
89 5
1054 5
508 15
294 243
1180 361
1170 6
294 8
46 82
314 173
1178 176
3773 243
450 274
3773 1044
1613 1175
3773 3471
1060 0
295 6
6 1152
122 7
176 89
492 94
1178 39
187 72
3132 126
1829 243
3132 1953
0 1059
0 3609
380 1
3555 2
122 8
61 885
295 87
241 94
173 2
176 5
1359 6
640 21
1359 55
1061 205
755 1542
3132 1527
1359 2
204 2
2 5
1167 12
1058 29
640 66
1047 82
240 94
187 240
755 215
0 1176
106 1
492 2
631 2
2 970
2325 5
12 2287
14 13
278 14
1158 20
23 106
672 54
106 82
102 176
672 133
1690 151
450 198
1176 242
3057 672
3773 2326
492 0
1360 5
5 700
3133 21
3133 26
640 26
372 28
52 1958
3125 60
3471 94
1836 124
430 277
3133 616
1817 2
14 125
3732 26
268 79
3464 108
176 268
372 243
1152 1058
3464 1610
3144 6
3143 12
518 26
1158 28
3773 52
1306 94
1547 176
3732 176
243 2328
243 1355
957 640
279 5
5 1177
6 1150
1360 7
173 7
1799 17
3609 26
3144 26
26 176
430 29
243 32
529 34
279 46
430 55
94 361
3773 106
665 124
430 155
2322 177
196 189
243 196
2323 198
1180 243
1059 243
1059 372
3141 0
243 1
26 5
1178 5
5 161
2329 7
2329 26
640 32
3773 55
3609 124
133 597
144 940
144 3778
814 176
597 672
597 3464
2 41
631 23
23 89
25 1034
141 26
87 144
226 89
2329 94
3145 372
616 492
1546 2
2279 2
1360 2
2330 2
285 2
1414 7
1335 24
243 42
563 124
2316 133
390 173
1552 176
563 243
3150 631
2323 0
3142 0
0 1838
0 3147
1549 2
1059 2
2288 14
430 32
1358 41
1181 60
195 79
390 94
1551 430
3464 515
1182 755
0 3140
0 1520
0 3148
20 2
1341 24
1796 28
3149 60
144 3151
1548 430
3132 1175
3773 7
1551 29
72 154
94 1828
1350 550
1839 0
2327 2
32 5
1554 5
5 808
6 3732
7 3568
811 12
598 12
1058 25
2327 26
1178 26
2151 34
197 137
490 195
1058 483
3773 2
430 5
7 6
1151 6
24 7
457 7
41 9
702 23
23 3146
186 55
490 79
94 173
3153 2
640 2
690 2
2 161
3473 6
6 809
3473 7
3473 23
1829 24
87 26
3155 26
26 1361
410 37
69 113
165 176
176 173
838 294
3473 406
3473 1340
816 0
1361 2
241 2
2 196
5 3157
41 16
53 39
243 55
94 2256
644 107
138 2256
1058 243
609 430
1266 0
2333 2
1058 2
2331 2
5 1253
934 9
1183 29
964 60
598 60
598 67
1839 124
450 265
644 314
3156 1040
5 3568
66 9
164 14
3159 644
1059 644
26 25
1145 122
141 644
957 154
957 0
3155 0
189 2
5 817
1528 12
1839 29
176 42
324 133
259 3568
1690 3773
3464 3773
243 2
773 2
3131 2
5 727
202 6
3464 7
2282 12
121 19
620 23
2336 55
3078 123
808 316
3464 322
3464 405
640 609
3464 753
357 2
3154 5
5 7
753 7
1181 12
1830 12
368 21
23 1690
24 243
25 285
26 753
106 31
3160 60
94 103
357 112
112 133
112 169
112 800
644 154
279 243
3464 450
2331 753
92 1
2 2335
809 5
1058 6
640 24
597 34
2337 48
965 69
332 82
1277 94
644 99
171 141
816 159
243 640
2338 816
3161 957
1518 0
2333 0
972 2
1838 2
23 133
1054 26
3163 29
206 29
1793 39
64 52
97 69
597 120
69 6
189 14
2339 15
26 2335
52 109
64 243
279 105
109 522
598 243
528 2315
1057 554
640 2340
0 2337
0 1841
814 5
69 195
554 79
2327 84
213 554
554 450
554 1034
3597 858
3167 1174
3512 3782
0 458
8 3512
29 3782
42 3778
67 3778
67 3512
67 3782
3782 73
243 79
82 3782
84 3782
1841 155
176 3782
178 3782
187 3782
1153 193
3164 644
1536 1181
6 3780
3782 7
8 3780
8 3779
243 29
31 940
42 2077
42 3780
42 3779
42 3776
42 3777
42 3782
46 3782
3519 48
167 55
196 55
241 55
64 3782
67 3780
67 3779
67 3777
67 3776
79 3782
1044 94
94 331
3782 98
3782 100
3782 146
3782 156
1690 164
3782 165
1540 176
176 3776
176 3779
176 3777
178 3780
178 3779
178 3777
178 3776
3782 186
187 3777
187 3512
3782 189
450 241
328 3782
329 3782
329 3778
332 3782
694 450
972 640
1690 3780
3780 3512
3779 3512
3777 3512
3776 3512
3780 3776
3779 3776
3777 3776
3782 3776
3776 3778
3776 3781
3780 3777
3779 3777
3782 3777
3777 3778
3780 3778
3779 3778
3782 3778
3780 3779
3782 3779
3782 3780
3782 3781
0 3166
3464 6
97 6
3158 7
952 14
817 23
972 26
46 3780
46 3777
46 3776
48 72
3165 55
155 72
645 87
3170 92
816 124
3168 154
155 154
590 167
167 3782
554 171
171 3782
3597 645
1690 3779
1690 3777
1690 3776
1690 3782
1185 0
2000 2
645 2
644 6
1555 7
644 26
3165 26
29 113
176 48
3780 52
3779 52
3777 52
3776 52
3782 52
3597 82
243 94
99 3782
129 107
1362 107
142 3782
149 3777
149 3780
149 3779
149 3776
149 3782
183 3782
244 243
1185 244
1843 645
672 1511
3519 0
3138 0
0 3162
1174 2
110 2
1842 2
2 756
2 48
756 48
84 3780
84 3779
84 3777
84 3776
84 3512
110 3780
110 3779
110 3777
110 3776
110 3782
756 112
167 3780
167 3779
167 3777
167 3776
176 243
176 277
368 3782
2342 644
1158 3780
1158 3779
1158 3777
1158 3776
2341 0
261 2
141 2
3687 2
287 2
2262 2
593 17
96 72
72 3773
72 3782
79 3777
79 3776
202 154
197 3782
277 226
226 3782
3773 248
248 3782
3773 3782
0 1842
390 6
82 206
3687 101
197 196
314 198
756 3687
1185 816
5 3782
198 15
3687 24
66 26
26 332
45 3177
189 48
1842 66
3178 94
3597 176
197 184
3773 457
635 0
0 3172
631 5
5 189
5 753
3773 6
38 3782
62 42
202 61
277 94
552 94
261 124
598 126
169 3782
359 3782
2344 508
3773 547
598 1536
1170 3773
636 0
2345 2
3180 2
12 1331
590 26
29 3778
457 124
3181 129
129 2265
135 3782
196 590
251 3782
973 457
1690 3687
3687 3464
1050 0
1362 2
2 1358
6 329
355 7
8 976
3179 12
46 26
94 31
129 66
1362 66
970 80
1362 129
129 3782
1811 177
555 220
275 220
555 275
329 3687
429 3687
860 430
811 753
1158 3782
80 2
91 26
129 38
45 3173
1363 67
975 129
1844 159
189 888
569 237
2319 598
1134 3183
3119 3593
2052 2
8 408
198 26
1613 60
72 82
524 95
1556 177
3174 205
1556 205
217 3782
259 3782
1556 1363
3476 2077
432 2
701 2
2 30
6 3176
1187 28
62 28
60 1051
278 97
973 148
278 697
297 886
3519 326
326 3782
818 524
1187 598
1557 2
346 2
23 2
1541 5
189 23
370 26
885 26
95 26
3475 26
60 3185
114 80
1558 126
325 171
1558 205
974 261
703 279
2346 287
1180 737
1366 2
5 10
599 7
7 553
97 14
3773 28
3190 29
198 44
252 124
598 189
3773 206
598 228
430 261
1185 261
288 1424
288 3645
3189 306
556 306
347 306
966 311
556 347
430 492
599 553
662 819
756 1186
3773 3596
141 0
588 2
1843 2
2 31
2 1848
10 95
25 3780
101 28
32 87
2349 33
47 3782
460 87
1186 87
91 237
646 95
95 647
584 122
1185 141
177 433
187 333
1793 196
816 429
1843 756
1366 1186
3773 1791
2349 2233
887 0
3199 2
3572 2
3202 2
2 29
101 9
306 31
430 44
647 57
1552 95
333 122
2347 144
936 286
820 333
2339 430
3200 430
3597 460
3584 474
820 647
647 3169
2224 1062
1520 1077
3719 1186
3198 1186
3572 1357
55 2
3197 2
1060 2
135 2
975 2
1062 2
453 2
32 2
2 889
2 288
24 700
1350 36
226 55
1846 57
1619 91
177 704
1366 304
357 3782
700 402
1558 459
1366 690
889 700
1555 700
1181 704
704 1558
1846 0
524 2
544 2
171 2
1554 2
3519 2
202 2
15 133
94 3133
2341 171
3204 341
1158 402
524 457
704 459
704 487
643 524
3206 643
1015 704
1850 704
3203 704
811 704
1062 1052
1062 0
2351 0
169 1
459 2
987 2
169 21
130 105
169 271
258 3782
1365 459
644 595
1365 1015
3132 1365
2348 1366
0 3201
0 2350
1357 2
1559 2
3175 5
662 24
122 26
459 72
820 91
647 91
1832 91
1559 91
91 1424
91 3207
91 131
228 92
662 122
1840 176
248 184
228 332
3740 244
459 433
1128 459
2350 1128
3703 1185
3773 1840
3192 0
1173 2
1549 9
692 25
459 46
644 80
139 133
139 2317
153 3782
3692 177
189 195
195 3782
1364 300
300 3782
1837 644
3692 3782
3188 0
2 817
3692 12
34 13
1173 15
3193 15
34 3740
889 80
295 91
1846 91
134 109
1531 126
1851 145
1364 217
3572 473
596 487
1531 598
2 637
32 3782
753 80
91 3453
3211 130
753 453
753 644
1061 1175
1158 3453
1158 7
1816 12
556 26
252 26
1186 26
26 124
60 704
773 177
1158 348
1158 862
3208 1837
3209 0
1063 2
44 10
10 1561
3478 25
25 3782
28 26
584 26
432 124
3152 552
584 3782
3477 1175
1555 1548
0 3210
2355 10
3479 26
1063 31
287 44
1189 57
173 61
94 187
2354 177
968 287
411 715
1158 972
2 2352
2332 7
9 3773
411 10
964 12
3719 432
3132 773
3185 3216
411 1
5 1063
5 1540
5 3191
9 3730
171 26
3073 26
3217 57
133 1849
169 285
3179 3505
0 1364
482 48
1563 57
205 60
2357 94
2992 133
133 3781
133 3782
1852 202
1852 411
1158 784
482 0
3220 2
1183 2
490 8
3692 60
177 60
411 80
95 3773
171 115
1564 177
456 205
287 279
1853 456
3132 456
1564 487
490 3593
1031 889
1051 1061
2357 2355
5 3221
10 46
23 167
3480 26
200 28
1543 57
1273 60
1189 171
390 252
626 288
1854 459
490 10
252 21
490 21
1174 25
1174 44
52 57
196 57
288 124
490 176
288 252
750 432
490 3780
490 3779
490 3777
490 3776
490 3782
3519 643
29 6
252 6
2357 6
2357 25
508 28
29 176
2356 80
130 109
3132 205
1062 432
889 432
597 450
202 4
4 288
167 5
114 5
114 6
974 9
144 14
1563 17
111 25
55 26
109 26
288 48
1559 48
968 55
55 1566
380 144
3474 198
3692 241
1830 3139
1852 2
394 4
265 6
10 3612
10 3223
957 14
25 3692
1062 29
756 29
411 41
3612 57
279 96
640 98
3773 122
411 3464
432 3773
597 2317
3773 881
3177 971
3692 1061
3177 1175
3132 3692
114 0
2334 4
1545 5
5 1559
25 9
24 9
1158 10
46 21
31 24
1567 25
881 29
116 34
245 42
45 978
3225 57
245 94
968 99
319 114
279 114
1559 137
196 161
241 3464
245 306
294 3464
1855 1543
1855 0
1 218
11 2
1490 4
4 432
1535 9
1561 9
1855 23
173 28
241 57
1543 114
196 114
2334 662
2356 1058
1543 1490
1855 1535
0 3214
3568 2
752 2
173 9
122 10
595 48
978 60
3568 114
114 122
3568 373
596 1850
3224 1301
1543 1354
705 4
4 155
1672 9
952 60
304 109
952 126
483 207
1543 459
1567 483
800 3782
3568 3196
2 207
876 26
87 176
3212 114
3612 114
169 1960
196 458
596 1847
5 1184
3740 10
10 3773
1568 30
3740 40
556 80
170 1737
187 3729
750 228
311 3782
838 3020
48 9
10 29
246 11
82 23
23 3740
189 34
246 80
683 82
245 100
412 102
412 124
279 173
1066 246
964 596
1567 3773
3622 3226
