3783 945
7 596
103 47
191 351
1585 1200
18 8
135 33
122 33
103 26
103 48
3378 95
52 84
0 117
6 3746
7 3368
18 87
350 95
280 95
3680 124
144 3680
280 2335
3680 3541
2414 113
389 143
191 2414
0 95
29 3743
234 143
1690 143
3379 221
234 1690
6 29
95 29
1064 94
2405 135
157 135
7 224
498 14
172 25
1367 119
461 143
1367 244
2335 6
291 320
823 2827
172 29
81 3746
95 125
362 172
7 527
385 143
527 320
30 5
21 2335
602 117
3380 125
221 71
374 95
3382 113
221 117
172 1840
1381 602
823 3382
2360 6
7 1067
7 601
190 10
4 157
156 11
95 14
14 1894
18 3372
157 81
823 86
95 93
823 95
249 95
823 125
823 163
823 170
351 1894
823 3239
94 37
1063 6
1209 11
3493 14
119 45
190 344
431 362
1063 11
103 11
86 490
94 102
29 18
172 190
3383 190
375 3127
823 490
1146 490
95 18
102 72
190 84
103 1878
117 114
453 119
3383 144
823 800
14 79
95 30
103 3781
143 1560
3383 1199
7 308
823 8
823 59
122 11
72 18
1369 18
172 42
525 72
103 85
103 191
178 3561
280 490
2335 351
2335 3371
7 648
35 221
527 72
95 94
1 646
84 646
646 187
3681 320
178 29
602 119
148 1071
237 221
249 237
14 2632
110 29
95 110
95 2415
398 362
1352 0
1071 0
7 147
1071 11
52 244
63 2415
117 84
84 398
1352 140
221 172
376 362
398 376
69 14
172 20
52 3464
52 176
117 764
764 705
1146 0
7 706
221 9
72 11
95 490
140 172
373 185
221 81
5 46
11 244
1146 34
3681 81
87 1200
87 172
113 2412
0 376
347 1
2416 14
85 18
162 46
2416 63
72 221
2416 85
2416 86
2416 103
2416 125
2416 191
1889 221
760 1896
2416 823
95 1
4 46
117 26
85 831
178 1
185 14
249 18
347 178
185 229
185 280
756 11
91 11
162 11
179 14
373 14
373 179
179 280
197 4
117 11
34 374
2368 57
103 374
1385 374
3769 81
85 765
109 2418
2417 221
57 309
57 119
57 2418
191 765
221 320
14 557
21 18
57 52
85 1199
178 176
178 3730
178 3781
185 557
57 633
57 81
278 100
765 113
113 557
1569 195
7 1321
983 14
57 28
57 46
374 52
57 94
57 58
84 1321
483 1321
831 2419
2335 3542
249 4
14 191
2417 26
57 87
119 72
958 109
2405 140
191 557
707 550
57 30
140 110
2420 126
463 375
0 3384
57 2
650 11
57 18
57 25
34 557
85 3738
463 94
463 119
221 119
277 176
57 162
57 82
57 285
280 63
162 72
823 103
897 221
280 557
11 1126
11 96
113 3738
390 221
823 957
18 14
96 18
899 103
899 374
897 11
11 287
244 18
244 94
2379 94
95 831
320 140
527 162
1585 162
2335 163
2379 244
373 377
602 374
1585 527
1388 3387
103 377
3738 110
110 3690
350 119
3738 144
3738 350
1071 2335
268 1
7 3690
57 12
140 52
57 95
979 81
3386 95
899 268
3738 320
979 3690
914 1406
14 3495
3738 52
162 3738
497 3738
62 1783
3738 138
494 143
3738 164
7 119
290 11
1783 11
18 320
162 58
162 95
143 757
3385 157
280 1385
84 4
7 208
280 14
1581 57
57 416
287 140
463 1897
31 33
33 140
113 1593
1517 829
1880 0
57 4
3769 26
57 86
113 191
119 1200
285 169
1518 285
1894 3389
57 9
52 3690
1585 221
416 3690
7 117
279 11
279 26
463 52
140 91
14 357
33 26
496 463
3769 525
3769 4
527 4
2379 52
2379 110
1198 458
829 2335
2379 3727
7 173
18 52
1126 26
2335 103
244 119
3388 140
2379 2335
1064 0
84 221
2379 320
7 371
57 761
3390 2335
221 4
1534 4
221 30
57 124
221 149
2335 221
705 285
57 26
26 221
823 179
823 229
3494 4
2335 187
191 831
3769 221
7 400
1378 95
901 1387
7 394
14 144
109 52
57 3391
57 140
140 102
1369 140
497 301
494 348
3769 140
750 140
3769 285
109 18
285 3781
85 3392
3391 0
320 26
140 81
3391 140
140 601
901 2335
280 1
7 287
14 2335
42 1898
52 416
57 84
113 3373
2343 290
374 2335
525 1825
1187 983
6 3778
7 753
173 10
11 1585
14 184
287 94
103 184
259 122
173 3769
173 184
285 752
3769 57
57 2335
416 81
287 18
370 23
81 287
81 18
110 48
113 1201
416 753
52 753
1179 84
416 109
1179 140
278 351
191 34
140 84
113 85
103 113
2324 140
191 280
823 301
2324 707
30 4
30 6
81 30
81 2335
329 395
140 18
140 119
291 140
431 350
3497 0
35 4
7 2343
57 320
57 1
9 3577
94 10
187 10
30 10
97 34
57 205
57 112
97 85
97 191
97 280
97 899
103 278
285 3577
3769 3688
109 4
140 4
377 14
57 29
57 42
57 3692
140 109
377 280
519 416
162 4
58 4
5 18
750 11
11 43
57 14
14 54
34 3593
57 3778
57 3782
320 81
140 92
374 1389
3356 586
2335 3782
163 1
375 14
172 57
57 164
57 348
824 81
93 557
93 375
650 14
57 244
162 119
3710 337
3688 337
4 3688
4 3710
4 3700
4 3701
4 337
4 3722
153 57
3722 57
337 57
57 3700
57 3701
57 3710
57 3688
2335 94
97 351
3701 337
3700 337
646 3710
646 3700
646 3701
646 3722
3722 2335
1893 14
490 14
2335 53
291 57
490 103
490 175
490 219
490 391
81 4
4 3658
4 2335
4 3657
1179 6
823 32
823 54
823 73
3371 85
952 97
823 98
416 411
823 831
3657 2335
490 52
1277 287
2335 490
490 1387
3498 1387
4 415
4 3681
4 3625
57 35
102 84
84 3681
97 278
2335 497
646 3681
18 707
18 301
163 81
237 117
278 1594
370 416
707 497
3769 3393
57 193
490 93
278 95
527 117
278 1202
3600 3769
5 35
85 3394
7 649
490 28
374 42
57 3600
84 2368
85 1203
375 92
2368 94
490 202
258 895
490 683
3769 527
3496 1203
3769 2368
348 4
29 295
1572 0
244 5
319 57
57 750
94 3675
613 140
350 1892
85 3571
94 3782
374 117
3395 124
244 176
244 3778
244 3782
244 3675
1878 3396
1385 1
496 6
29 46
1385 34
103 496
375 244
496 294
490 1621
490 1350
1177 496
1385 3571
6 3769
18 496
97 86
140 117
650 983
1386 1385
527 135
363 179
363 185
373 363
363 697
363 558
558 373
603 374
823 374
833 603
0 350
95 6
124 102
280 113
464 363
464 373
558 464
1 164
124 48
164 113
1008 124
374 57
374 163
373 559
464 559
558 559
14 3738
4 3756
374 3756
374 3769
650 2422
11 374
91 57
374 650
189 6
81 72
189 1390
374 3398
7 35
2335 95
268 113
126 1590
57 6
52 3723
290 57
57 3527
57 3756
57 184
57 3730
86 3769
1899 290
603 431
646 3723
140 48
63 3543
23 189
279 57
189 2423
650 1595
416 6
7 3399
1894 3400
124 4
5 457
416 3769
144 18
1899 57
14 1595
87 124
103 1595
651 464
110 32
94 42
87 244
646 2424
163 11
2292 63
3659 140
189 902
84 30
124 84
84 94
124 117
525 124
525 291
646 613
5 184
162 18
3402 94
1595 1424
102 11
124 81
185 103
103 1387
185 377
3499 880
42 6
81 35
374 35
375 124
899 163
162 374
984 463
1899 0
14 1204
361 71
163 278
650 1204
3368 1204
117 18
558 651
162 102
12 416
94 46
483 124
1900 0
1008 43
81 43
85 3382
103 93
2304 0
3403 95
1 0
1 144
1 10
1 3730
1 3781
14 2292
525 48
113 144
164 3495
6 1
3404 1008
416 110
707 244
244 1889
707 1889
457 140
14 800
81 42
497 103
650 103
2335 399
117 31
1820 126
2335 217
1820 433
57 0
0 1519
12 67
140 95
113 2335
399 179
185 179
229 179
179 377
179 2335
399 185
399 229
2335 229
399 377
248 35
248 102
2335 278
2335 373
2335 1387
2335 3738
14 3406
18 10
124 11
14 3544
3363 18
23 21
124 67
94 124
237 124
124 3545
3407 124
81 48
525 109
373 399
84 287
2292 103
1386 163
191 497
289 287
374 497
2292 497
650 497
2335 2292
160 0
280 34
63 3408
229 280
113 336
278 497
3408 2414
14 336
34 278
84 170
113 3513
2335 1204
2335 3571
1596 34
650 93
823 14
294 21
350 33
823 34
823 63
823 144
163 834
497 3562
6 84
11 26
86 30
280 85
87 163
280 103
496 124
280 163
191 163
1385 163
280 497
1596 103
3178 835
377 229
1008 1
2425 14
57 1588
2425 983
289 48
57 170
57 144
244 3738
259 1368
903 81
903 102
903 157
248 195
229 497
903 289
124 18
278 229
278 374
903 525
1589 823
336 85
1589 0
14 86
525 91
124 95
57 109
268 86
278 1205
87 81
3354 0
11 825
18 163
34 3562
248 84
103 3738
191 2292
287 248
375 3738
14 229
1367 18
92 3411
1072 229
1367 248
1072 280
248 1
483 11
84 18
483 525
650 12
1206 185
185 497
12 4
42 18
3412 376
