3783 3113
1420 1
298 1
147 3
566 3
1620 3
312 3
147 15
15 22
2485 20
108 30
609 36
44 43
148 44
312 47
849 47
323 83
3767 83
174 88
186 105
118 661
312 147
312 174
400 180
506 186
774 292
3767 381
506 3767
608 507
1088 715
715 1942
3767 774
1941 0
715 3
566 15
445 43
661 43
43 419
43 444
43 339
44 88
323 71
180 71
446 71
567 71
444 83
180 108
324 120
443 158
158 1098
158 3767
324 208
1099 323
339 1624
850 441
441 3580
507 443
443 565
443 3767
445 444
507 3767
912 715
850 843
0 3767
1097 1
2498 1
2496 1
1 98
1 250
138 3
1232 3
608 3
3 3767
224 44
536 44
1946 44
1082 44
565 53
609 53
536 62
609 83
149 98
354 105
105 3760
381 107
110 3767
1945 118
506 149
180 3760
849 186
1100 224
1618 224
504 236
912 236
354 298
472 354
609 401
1946 441
442 2495
994 503
1233 661
1220 850
1404 1078
1949 1628
3591 1628
1948 1628
1628 3549
3591 1948
3591 1949
2486 3767
507 1
507 3
108 15
1421 22
107 30
41 3760
568 44
98 49
1627 83
443 98
421 105
1950 107
128 1230
128 1210
128 1079
128 907
128 499
128 1421
128 421
128 1413
128 1092
128 1409
128 909
128 200
128 658
128 1088
128 657
659 139
403 180
568 214
402 224
235 272
507 338
913 338
536 339
442 352
653 381
659 400
535 421
2490 442
562 443
1629 443
715 653
1 262
3 364
62 15
1619 73
128 87
224 105
535 105
998 108
128 1222
128 1078
128 1410
128 251
1950 148
659 148
530 148
472 149
404 180
180 3767
233 224
224 262
224 3591
354 262
1100 352
1100 355
1627 403
568 404
530 404
443 404
440 2500
998 472
1632 530
775 532
1632 567
1629 715
1611 716
1632 849
1 64
653 3
537 3
569 3
3 561
292 22
403 32
49 34
36 1925
715 44
2501 44
569 44
44 1622
44 1942
1235 49
1931 49
262 49
1615 83
995 96
659 98
566 100
100 841
292 118
128 158
128 148
128 1212
128 844
128 400
128 986
128 469
128 771
128 1417
128 1085
128 996
128 712
215 139
298 149
273 166
998 180
271 215
2502 224
441 224
1235 262
1099 262
272 1930
1001 325
1001 340
443 354
423 381
1955 403
660 403
403 423
506 404
536 423
1629 441
537 535
1100 569
843 1233
1404 849
1632 3505
533 3
325 3
340 3
849 15
153 15
174 44
168 47
1234 47
108 47
47 1419
83 62
105 83
908 83
1422 83
338 83
1099 83
608 83
499 83
717 83
128 166
128 845
128 536
128 1095
153 269
153 339
403 174
224 223
504 292
1101 323
908 325
341 325
338 325
915 338
1625 338
341 446
1414 355
467 355
908 403
443 403
1958 403
2505 403
472 403
908 404
467 404
998 446
1101 500
771 999
1959 908
2503 1231
1624 3730
62 1
1956 1
1634 1
1 914
911 41
233 44
849 44
44 1633
381 83
223 83
534 108
340 138
166 138
1082 138
466 153
325 174
193 1954
1404 214
1102 238
570 238
914 238
1952 323
611 323
1943 339
339 1000
567 340
611 364
850 421
1624 444
611 535
772 562
570 1102
1959 849
1103 914
3550 2492
1951 0
1 776
916 3
2510 3
3 500
3 1633
568 9
352 15
340 15
1099 74
137 83
506 83
83 1416
1404 87
108 214
2509 138
2506 138
662 138
166 1963
472 214
849 340
340 1223
352 1101
404 355
538 355
712 364
716 364
1001 381
850 443
1424 499
715 501
1964 535
2509 1104
105 3
2518 9
138 9
718 9
3616 9
15 3616
2519 20
20 915
32 44
403 44
365 44
718 44
1423 44
567 47
403 83
852 83
2520 118
128 1402
153 130
2508 138
2517 138
2513 138
2514 138
138 326
510 149
153 440
1965 180
1425 310
2511 354
1237 440
1236 440
2499 441
501 467
1236 535
851 538
1961 610
2504 610
914 610
610 2516
610 1103
1621 912
2515 1103
1634 1104
180 1
180 3
535 3
917 3
509 9
248 9
1635 9
1966 9
441 15
180 20
36 20
47 474
849 64
1416 74
168 130
130 352
130 606
2521 138
138 717
149 665
364 168
567 181
2522 249
993 251
712 298
663 339
3550 355
1968 364
467 424
1637 611
1637 718
1966 1635
130 3
64 15
15 1639
44 3767
1947 49
215 74
917 74
500 120
128 235
128 503
128 770
128 1080
2525 136
851 136
327 138
424 153
446 168
505 200
297 200
567 200
472 222
919 225
1083 251
1100 327
532 501
1638 538
1092 608
919 917
1106 3
222 15
30 64
41 3616
1106 44
1238 47
1416 49
327 53
567 74
327 108
128 1216
128 1215
128 502
128 3728
719 138
712 138
181 148
659 181
840 181
1920 216
327 216
910 216
367 216
400 216
2524 216
326 3551
920 339
367 366
1637 366
446 1970
567 510
611 510
3616 714
1641 3
1108 3
1427 49
1105 53
1641 98
148 98
714 105
1427 108
128 564
2526 136
843 136
1640 138
366 154
326 154
365 181
3601 238
382 326
1239 326
471 327
910 327
1963 327
435 1418
993 438
2528 528
921 714
1913 910
2527 1427
235 1
1 118
1 3578
36 3
660 3
3 776
186 15
36 96
364 49
367 53
913 53
168 74
327 74
327 105
921 108
168 148
154 148
216 148
174 168
1002 168
667 168
712 181
235 181
528 192
1234 216
1972 216
381 216
234 3578
2531 235
382 235
1972 235
921 235
364 235
528 235
1103 238
446 327
660 327
1234 327
2462 339
381 367
441 1105
1209 528
531 3578
567 656
1643 656
656 2451
3551 667
3686 921
181 1
1976 1
436 3
235 3
366 3
20 44
298 47
1973 49
1647 73
366 73
98 1618
668 108
567 129
216 129
668 130
1643 139
441 181
919 181
216 181
1615 215
235 292
238 1109
342 251
1647 366
382 366
714 382
1646 382
668 436
720 440
441 1636
668 473
667 535
2532 662
2488 1083
1977 1976
3 1397
656 36
1240 49
153 105
667 108
216 174
777 181
366 181
338 297
1000 367
436 1978
1923 656
2533 668
1 1928
909 3
1635 3
87 3
3 1002
778 15
1003 20
668 20
139 30
402 49
1974 49
1003 49
1974 83
508 105
778 108
342 120
1634 129
472 181
381 181
608 181
322 181
322 225
719 225
1644 238
1971 238
1240 322
1003 381
917 381
1979 474
1920 714
1231 1642
1980 1422
1975 1928
1238 3
465 3
1107 3
1982 15
44 15
225 15
129 20
778 30
296 36
43 1428
662 49
144 98
471 105
659 105
382 129
1240 130
149 659
533 180
662 216
612 225
1003 225
3551 225
447 238
1240 298
1107 422
719 436
2536 466
474 473
1000 572
610 664
1107 613
1240 662
1102 664
2526 1400
3551 2535
1 3686
201 3
3 710
120 15
2540 44
44 201
441 49
49 405
1983 64
64 1932
466 74
721 108
321 128
138 571
564 148
3676 153
506 181
721 192
1650 216
216 405
446 340
854 342
1242 367
1234 471
1984 506
2538 512
1977 512
528 1220
1242 608
1614 1217
1242 3686
2539 1621
1984 1983
36 569
41 923
714 43
99 49
89 49
534 101
562 236
567 297
922 447
2537 466
1240 537
1209 920
3453 3
224 9
382 49
2543 64
774 74
101 855
382 105
181 180
1934 297
714 311
1102 447
2545 469
668 573
1973 717
1105 1106
506 0
0 471
90 1
1991 9
1429 9
1987 9
477 9
9 216
780 15
87 15
469 22
612 43
233 53
233 90
90 199
90 468
101 96
1989 101
1004 101
1243 101
1430 108
2548 129
129 2550
129 1429
233 199
233 468
719 251
719 342
342 1990
2546 382
510 402
850 402
402 405
535 405
1430 477
919 477
2547 508
607 994
666 610
779 610
719 717
855 2542
2541 919
2512 1103
3551 1987
663 3
3 1090
2557 9
225 9
2555 15
400 30
225 44
181 49
225 49
720 49
575 49
1429 53
2556 53
216 108
271 128
476 137
539 147
402 149
1646 149
225 180
1993 216
475 216
298 225
1654 225
1957 238
2534 238
720 296
471 352
1991 402
1429 402
441 1217
501 3730
607 503
855 574
719 1978
3627 774
1930 1986
216 1
1997 1
2000 15
2564 15
15 74
44 30
158 41
1920 43
182 44
1656 56
718 74
840 89
3724 90
466 100
539 100
1246 101
181 105
1997 144
477 149
2563 149
1998 149
181 174
1999 180
2565 180
3453 181
448 216
1995 223
383 223
1996 223
1993 223
1398 272
272 281
477 356
1659 475
1110 475
853 538
1658 539
3728 575
3724 719
925 767
1243 925
1999 1221
3453 1246
3724 1653
1998 1657
41 1
472 1
571 3
448 3
3 44
53 9
9 139
448 15
36 139
99 43
3572 49
101 53
225 53
129 64
1661 64
3572 74
780 100
778 100
1247 100
1433 101
2571 129
1658 129
539 129
129 925
3572 136
2567 139
1247 144
147 379
925 148
1968 148
225 148
2544 149
423 182
356 201
985 201
539 201
1920 201
1432 201
2003 201
1652 223
2569 223
1431 225
3702 225
614 225
2552 225
238 2561
1235 282
323 1933
781 356
660 356
1658 422
669 448
926 475
2568 475
2566 475
2559 477
668 504
1431 504
985 539
1006 660
1970 660
660 2570
1638 851
1660 1430
1920 1432
3551 1432
1657 1653
3551 2003
2558 0
0 577
2005 1
448 1
1657 34
36 64
383 39
39 2530
325 44
381 44
168 49
777 49
49 53
448 53
149 56
56 1962
3748 64
1247 64
1650 64
108 83
214 83
1657 98
98 1992
108 669
310 118
118 383
357 129
1436 129
2574 129
856 129
578 129
1209 129
777 129
201 129
776 129
1994 147
1661 152
2573 152
669 152
1664 152
181 168
1209 168
448 174
1436 181
263 182
1650 201
2560 216
577 251
2009 262
924 281
281 918
444 356
357 2014
357 1437
2007 384
3748 384
1665 400
1436 423
471 436
2013 436
3742 442
1003 448
3742 573
1434 574
578 575
3742 575
670 578
2011 777
2010 777
780 927
1209 856
2009 1003
1234 2012
1240 2562
1249 1247
3742 1253
1656 1432
1625 1434
2010 1656
3742 1662
3748 2007
724 0
2001 3
2581 9
1980 9
56 9
724 9
9 129
15 405
578 20
182 32
993 34
2015 38
507 41
100 43
100 49
382 53
663 56
448 64
64 2017
325 74
724 101
214 105
405 105
3742 129
298 129
1438 129
848 129
1254 129
724 129
405 129
214 168
182 168
3742 168
1667 168
671 168
168 1438
3748 182
724 182
448 182
669 182
182 2549
573 201
1010 201
911 214
326 214
322 214
3696 251
405 262
1668 272
477 321
322 2580
3742 382
3748 424
1651 471
1661 476
1956 507
1627 573
724 573
848 574
993 577
1668 611
1440 614
3742 669
2578 724
2006 724
1660 724
1112 724
3742 782
3742 848
1666 848
1651 853
3742 926
3742 1005
1010 1005
1670 1005
3742 1104
3742 1111
3742 1236
1664 1249
3742 1435
3453 1654
3742 1671
2577 1975
3748 3742
34 1
780 3
2000 3
3 1008
382 9
709 9
64 9
100 15
725 27
2021 27
1006 27
27 3572
577 34
44 38
987 44
919 44
1105 44
44 1672
783 49
1666 49
3742 56
322 56
108 56
715 56
56 64
56 406
340 64
2018 98
477 100
1257 101
1012 101
3774 101
1255 101
507 101
101 1645
101 3507
340 129
136 3505
985 166
201 168
168 857
673 182
994 193
405 249
262 2579
340 299
477 322
2460 340
473 356
616 382
3742 405
773 418
1006 447
985 472
1639 476
987 477
857 477
3774 535
725 537
3742 614
2553 614
717 614
619 616
3774 619
619 840
1012 673
725 3742
1007 857
3774 987
3742 1113
2019 1114
2587 1234
3742 1440
3550 2013
3774 3
3774 15
1254 27
2028 27
674 27
579 27
2584 27
49 27
513 27
539 32
2560 34
407 47
3774 49
251 56
993 56
64 925
1940 75
75 239
107 77
1083 90
2579 100
477 108
3702 108
577 120
325 129
129 674
2583 139
776 166
168 239
573 182
1115 182
1013 182
1105 182
674 182
343 201
201 239
209 239
1611 272
1443 310
573 311
321 2012
1014 322
719 322
323 2022
340 325
607 339
3748 340
1105 343
579 382
1110 405
447 1961
607 476
2590 539
2589 560
924 567
726 577
577 2026
1445 615
670 615
1007 615
1676 675
726 711
711 1675
2018 715
3742 1115
1660 3742
1664 3742
3742 3774
1247 0
858 3
422 3
1677 3
1009 3
3 625
366 15
1009 15
1673 27
1448 27
75 41
475 43
1258 73
407 75
910 75
473 77
89 3742
166 105
560 105
539 166
446 166
262 166
381 166
1981 182
182 1446
405 201
3742 239
726 251
321 282
2024 282
3742 298
343 299
3742 299
2582 323
612 384
3742 449
2030 475
3742 477
3742 478
2592 503
2029 513
560 1086
618 578
615 611
1673 674
2591 675
777 1252
1448 910
926 2020
1250 993
3676 1111
3742 1259
3742 1443
3742 1669
1981 1992
3676 3742
3742 3697
1250 0
0 2585
0 1116
0 299
577 3
726 3
326 10
148 15
1663 15
925 15
194 27
129 27
75 27
101 27
2603 27
407 27
130 30
166 32
2595 32
101 47
911 49
442 49
3742 53
861 64
108 64
2036 75
671 75
479 75
75 618
75 677
510 77
618 83
83 262
2042 88
3453 88
368 88
1422 101
166 108
108 406
139 130
653 130
3765 137
182 166
3742 166
1263 166
368 166
618 166
327 166
1637 166
166 540
1244 168
312 182
3765 182
298 182
1967 201
2597 201
2040 216
251 217
223 353
251 1675
574 272
2588 282
614 298
326 298
299 2032
322 312
928 312
615 323
341 327
2600 327
327 669
1679 341
2043 341
662 341
919 341
917 342
407 364
3765 366
2041 368
2033 368
674 368
3742 384
925 384
405 2035
618 407
3765 448
2602 477
1674 477
2037 479
479 1106
509 1678
2036 510
1431 513
1261 540
2025 540
910 540
615 574
2039 574
2038 574
577 859
675 611
861 618
2040 653
1007 675
928 676
1007 676
993 726
1450 783
3742 861
2572 922
1012 1014
1258 1013
3742 1117
2586 1256
2031 1256
1408 2596
3742 1437
1962 1450
3748 1451
2031 1674
1977 1678
1955 1954
311 1
311 3
3 2023
1449 5
407 5
36 9
53 15
3765 15
2002 15
1455 22
1454 27
2601 27
3742 27
405 27
311 36
1627 39
2578 41
41 931
311 44
166 44
194 49
2594 56
56 2551
915 64
785 64
311 73
2045 75
1117 76
3742 77
272 96
480 101
2609 107
1455 107
2004 107
448 108
407 137
152 857
3742 182
674 194
863 194
274 194
540 194
407 194
2605 194
1646 225
407 239
2523 239
2004 239
670 272
3742 274
1682 274
863 274
1120 274
785 281
299 2046
299 480
407 312
1248 312
343 326
1637 326
326 327
1449 327
407 327
1250 342
3742 353
3742 385
1449 406
3742 407
466 407
621 407
513 440
926 443
1013 443
783 443
2047 443
443 1927
1264 447
1626 474
1248 477
3742 479
999 508
2044 513
1223 513
1259 540
2008 619
3742 622
3742 674
924 675
675 918
2049 677
1010 783
783 3742
3742 784
915 785
2598 785
1449 785
3742 852
1117 863
3742 1118
1217 2607
3676 1248
1637 1254
3742 1436
3742 1454
3742 1649
3742 1680
1682 3702
3742 2048
3742 2606
474 1
839 9
1248 27
274 27
2030 27
669 27
1236 27
27 2027
27 88
2006 32
38 923
76 39
44 3742
1604 73
77 76
1248 77
2050 77
108 101
118 321
1452 130
930 152
2608 152
225 152
154 365
166 1654
322 167
367 174
2610 180
236 180
862 180
2011 180
1256 217
222 623
1118 274
678 274
274 1261
2582 281
1265 281
281 723
1121 340
465 355
355 623
355 3742
678 383
619 403
3552 425
1682 443
443 3702
444 3742
1245 449
1118 531
1121 540
3697 540
779 570
920 607
3739 618
1116 619
656 923
861 670
3742 673
929 677
2611 677
677 3505
862 678
1248 862
1256 1011
1011 2599
3742 1245
2053 1602
1683 3453
3742 2042
3739 3453
3550 3742
2016 3
9 3742
253 27
326 27
3739 27
1449 27
676 27
321 27
1119 27
2619 27
400 27
930 27
856 27
3454 34
200 38
3711 38
862 41
607 43
131 44
88 47
253 88
301 88
131 88
2622 88
930 88
1452 88
2032 88
88 3742
101 3742
930 108
282 118
149 3742
168 1681
180 355
619 201
993 217
222 1996
1121 253
321 253
338 253
253 676
253 1119
253 1457
253 2619
386 281
474 281
2051 282
2044 302
562 312
670 338
2061 358
2059 358
2616 358
2060 358
2615 358
2058 358
2057 358
2056 358
2055 358
2054 358
3676 358
2480 383
1120 386
2598 386
2621 405
1248 569
1637 616
1687 618
1119 618
1416 621
1685 677
1686 715
1248 784
3453 930
1260 993
2044 1679
2620 1685
2551 0
2064 0
3 380
3 83
158 9
253 20
20 27
931 22
1266 27
2063 27
1116 27
62 41
864 44
83 64
2625 75
253 75
1257 75
83 75
75 338
862 83
405 88
1266 88
2627 88
2624 88
88 3617
200 131
251 3730
251 3742
653 253
1689 253
1116 253
2063 253
253 3572
253 1266
677 302
667 311
783 311
1936 339
1687 383
784 403
1116 479
3711 479
2064 479
864 579
1659 618
913 676
862 782
1672 852
2628 862
994 1209
1266 1119
1119 3617
1248 3742
2066 1624
2626 1652
3739 2047
355 3
5 3765
130 10
670 27
2069 38
514 38
1956 38
356 56
2636 56
466 64
400 74
1689 88
129 403
2638 152
514 152
2617 180
3676 194
2068 194
934 201
933 235
722 251
2008 253
2068 253
253 3676
253 609
676 281
787 343
479 343
1113 384
934 402
425 514
1256 1250
1401 2634
1436 1450
0 2618
0 2604
1692 1
1457 27
38 784
271 44
44 3698
44 3749
44 3754
1459 64
75 129
784 77
180 129
784 129
862 130
514 149
253 194
302 201
784 201
201 2635
225 1988
2641 238
1687 274
3698 274
402 301
323 2034
402 365
576 476
618 514
2642 535
535 2613
862 539
613 576
1692 576
576 3754
3754 613
613 3749
613 3698
2644 621
779 666
2071 784
2067 862
1123 862
1123 864
1442 1083
1449 2049
2643 1450
2612 1988
3754 3572
3572 3749
3572 3698
3698 3573
3749 3573
3698 3574
3749 3587
3698 3592
3749 3698
3749 3754
152 3
3 1444
5 3593
2507 56
271 64
1938 64
623 78
1691 152
182 2045
225 3697
727 238
613 271
271 2646
676 343
403 2647
2067 613
2645 623
2648 666
2614 727
2068 925
3552 1123
3552 3742
1 766
1 22
1 39
1 112
1 249
1 270
1 470
41 269
44 3573
64 3774
1010 75
98 2623
1460 100
509 180
1442 217
3742 271
271 3774
613 298
784 298
540 364
474 723
1108 503
582 506
2076 514
2067 540
2008 609
2639 621
1125 929
1691 1114
3552 1461
149 1
139 64
1403 64
2070 64
302 75
154 78
449 83
1693 99
720 130
131 2652
670 139
149 580
149 3730
149 234
863 152
356 166
166 2658
1637 365
513 439
2657 513
1688 1011
2661 1685
2064 2659
38 3
776 10
311 32
78 56
1427 77
2662 107
1682 107
299 107
1682 154
2075 238
1459 302
621 302
776 381
676 528
2070 540
3728 1461
2661 3742
1000 38
1235 54
96 924
96 918
98 715
1641 251
611 302
2667 367
1403 367
2081 475
531 2664
1000 579
1695 1095
2505 1665
2665 1697
2081 1697
1460 5
1077 9
1268 19
1268 41
100 41
56 582
264 76
2674 78
1699 78
1696 78
2669 78
1664 90
167 139
154 216
1653 225
2668 274
387 324
1119 446
866 476
679 3742
3457 866
2083 1461
1462 2082
2654 1696
1696 3742
2674 2083
73 1
1701 9
1017 9
481 9
78 17
563 44
1262 73
73 1016
73 1447
1017 78
2085 78
2682 78
2653 78
2677 78
2671 78
2040 105
149 679
2073 215
666 238
675 379
2554 425
3696 425
1268 621
1102 2080
2073 1251
2673 1268
2084 1268
1699 2670
2554 2066
2066 3628
865 17
1702 17
2085 17
613 56
74 56
56 2655
2684 75
96 75
862 78
327 89
2683 120
679 139
225 1251
1445 302
2679 302
2660 327
862 367
776 379
1000 402
1698 478
679 1017
1655 728
728 2086
864 1251
1447 1016
1447 1604
2088 1655
3551 1700
1702 2087
2088 1704
729 19
36 1018
174 64
852 75
2687 78
679 130
540 145
481 152
299 174
729 225
932 225
864 225
386 302
1626 540
1465 561
1017 729
865 729
1255 865
865 1655
10 153
131 27
2629 38
729 78
1703 78
1119 78
225 149
153 152
402 153
238 1463
541 299
783 302
402 302
540 383
1637 540
728 3457
1465 935
2688 1085
2690 1234
1466 1249
2691 1703
10 78
2692 17
728 17
313 27
131 74
313 78
925 78
1110 131
1000 131
1648 139
667 313
354 313
720 405
627 480
627 582
1017 621
627 788
925 667
1700 1234
423 1
582 3
2090 17
1270 17
579 20
78 41
313 75
2090 78
1467 78
379 78
2086 78
2091 78
2693 78
379 130
1702 131
1467 154
667 379
1467 728
2091 865
0 1444
10 186
186 41
225 74
75 74
383 78
225 1272
865 313
865 383
1466 865
1272 1694
36 27
36 313
36 3742
38 136
1270 64
936 78
1272 78
89 88
2093 136
139 3676
144 3506
513 230
230 3506
1270 313
480 313
2663 313
313 3742
714 400
1272 480
3455 626
714 626
853 679
2026 1020
2094 1122
2062 1122
1260 0
75 0
509 3
116 3
3 301
663 9
10 3506
36 3730
36 3549
36 3626
1124 38
38 313
2681 64
436 116
862 149
1122 297
1124 313
862 569
3593 862
1274 935
2072 1460
407 10
17 56
75 38
407 38
2695 75
313 89
1258 98
154 139
139 405
282 1453
985 407
1988 2696
407 32
56 2092
407 76
1704 131
1452 154
313 282
450 313
405 343
1452 407
541 407
932 425
856 573
664 922
1122 670
3506 27
252 88
474 96
503 131
3618 144
271 216
515 216
3506 730
1130 730
3728 937
3618 3506
1128 0
0 2694
1701 3
88 2095
1694 402
402 2698
1707 0
0 1412
1115 10
252 10
859 17
515 47
1707 88
515 88
2096 88
1010 89
1426 131
2700 131
1426 149
679 2093
933 932
1695 1426
0 2686
728 38
3550 47
628 88
99 364
2095 364
2703 663
2476 1225
2675 1463
47 32
64 3750
1439 76
131 89
89 3750
1964 174
580 225
864 273
515 313
2680 579
579 2704
2098 858
1263 3
1129 32
76 43
852 76
659 76
515 76
515 89
1705 96
422 186
1700 681
2702 858
3728 1129
3506 3742
0 2699
1275 38
139 46
149 46
856 76
1637 76
225 513
1694 230
515 16
76 47
541 47
1453 54
402 76
2037 89
1275 541
858 572
1275 663
711 0
76 16
1988 16
579 16
679 16
1690 16
38 273
2666 76
76 139
1131 78
2100 78
437 120
1131 131
252 136
711 193
136 1
64 154
76 75
1275 78
2529 78
78 1132
2099 664
938 681
1439 1128
239 38
38 3758
542 77
2707 78
342 1011
725 789
2100 3630
3630 3629
216 38
1131 77
579 78
404 78
78 2705
865 108
1684 149
852 154
731 385
656 628
1693 656
937 681
731 681
3 25
3 2708
2709 17
230 25
25 154
38 230
130 76
731 78
937 130
230 153
2101 230
731 540
987 628
1226 3579
76 10
131 25
1020 25
131 76
937 76
569 89
130 89
1020 131
131 383
71 131
230 76
1403 130
230 131
937 131
731 446
230 3
230 47
1132 77
1464 77
174 89
404 89
130 790
628 2087
790 3592
790 3574
790 3587
790 3573
790 3749
790 3698
0 2101
76 71
663 76
2098 78
89 78
1462 149
790 3742
2711 1260
0 542
2104 16
76 38
2104 38
1002 78
271 149
1002 271
843 2710
230 0
139 1
2105 17
2105 56
75 78
402 77
2067 78
78 2103
1132 230
1132 356
541 628
939 628
1132 939
1 38
628 47
2676 47
731 47
77 75
720 77
139 78
271 78
254 78
1707 131
131 250
2713 154
2714 681
1709 1260
112 0
154 0
3 3505
32 14
681 14
354 16
154 41
154 112
933 129
475 139
680 254
2103 506
1709 629
2107 681
2715 1709
214 3
852 14
32 2104
2082 77
112 77
671 1
583 568
1267 583
3677 681
2100 1693
2108 0
0 2712
154 14
230 19
65 47
65 1241
1683 75
139 87
2719 99
572 187
665 211
853 230
2718 680
2720 681
2108 681
2108 731
1693 3629
1708 1
39 3
136 14
1470 14
154 621
728 339
2721 660
2721 681
136 89
2716 136
542 252
154 76
925 76
2722 78
254 131
99 89
112 354
2109 1009
3 76
402 154
583 201
1471 78
791 78
541 78
791 542
2723 791
2028 791
1471 1470
0 2724
1 861
15 310
139 16
180 41
153 77
1704 78
1659 78
1711 211
1471 356
356 3781
1471 791
2725 939
19 869
54 384
1637 77
252 209
869 209
1439 209
1637 541
1637 791
933 791
2110 869
14 1
19 5
38 9
659 16
659 112
187 250
1267 211
2640 791
791 3631
3781 1470
74 38
144 41
136 869
211 666
2727 791
3781 1263
3781 2111
0 3735
1 271
252 32
2110 38
1469 38
47 139
1690 136
154 544
252 3735
541 3735
679 2111
931 2074
89 41
250 209
2728 252
154 19
139 21
76 32
201 47
149 211
2731 209
580 211
1692 365
1108 1109
1456 0
0 2730
2630 1
621 16
541 16
1472 47
1715 47
1713 78
96 344
209 174
541 209
868 254
3781 451
562 0
78 1
21 22
679 38
3728 38
2106 56
56 2097
1472 65
252 151
1616 211
225 211
1712 250
2732 251
2097 1011
0 2706
732 3
1696 10
731 10
47 38
38 78
1716 39
252 65
1472 77
314 131
1020 211
543 250
3781 1472
136 16
144 16
2733 47
840 131
2630 131
252 152
791 152
1714 251
1712 791
78 1129
356 89
250 211
2735 252
2734 1715
139 3
65 16
867 17
32 17
2726 34
783 38
1716 47
47 1093
65 481
671 151
543 154
10 65
47 14
1717 39
481 47
2113 47
1919 47
679 47
1717 71
77 2738
77 1020
1717 152
1717 422
3 310
913 9
47 9
732 17
385 17
451 39
913 47
385 78
3781 151
385 254
1719 0
89 0
543 1
840 32
89 47
151 47
1718 56
1719 65
139 543
1719 681
1011 2729
3 2739
612 21
130 47
612 47
2740 47
151 511
2116 0
16 2737
273 17
209 21
47 34
2115 47
74 47
136 47
2116 2736
2741 0
130 19
385 47
1471 679
385 3
1715 10
543 10
543 925
938 621
2114 1009
1917 3730
1464 0
478 3
152 10
422 10
211 16
1278 39
54 282
506 152
1464 152
3781 201
3781 273
1715 583
1278 663
3781 1448
10 733
89 38
1278 47
71 1278
422 274
938 402
500 435
938 567
56 0
1922 0
0 2107
0 2742
1131 21
1131 39
39 89
78 96
858 254
1470 16
151 21
2117 120
868 152
1684 254
2575 56
299 78
89 144
152 144
1279 733
850 3781
733 0
0 2743
728 19
47 41
3781 47
401 89
2065 299
709 0
47 16
3725 19
1126 19
2118 21
314 211
271 3749
271 3754
271 3735
271 3750
3725 543
0 1474
131 8
209 47
628 77
2065 120
254 144
1917 271
628 3742
2654 1637
1714 0
343 16
78 16
47 20
38 20
131 38
2748 78
543 271
1922 711
3781 2747
585 0
0 2746
0 2118
8 544
39 14
3728 209
436 236
629 388
2745 0
612 8
869 10
543 32
0 17
733 5
850 21
538 21
1475 32
32 585
32 869
2119 56
482 65
1475 71
853 74
154 3725
1602 211
2752 585
1 1474
74 21
254 129
400 211
1720 1475
0 2751
0 2749
5 38
1476 17
25 17
153 17
25 19
254 38
38 1279
1476 254
17 10
869 39
1473 570
1456 939
8 32
1441 17
2096 17
17 629
19 365
733 545
1476 1456
21 451
211 74
1721 211
2754 541
629 792
1473 664
585 19
2637 21
2078 21
21 1217
451 131
3781 1474
16 21
1277 21
43 545
96 365
1476 2756
3458 0
211 25
283 25
25 612
422 1276
728 515
54 16
791 39
612 365
2078 734
3728 2120
303 0
1281 0
74 16
1710 25
2121 32
3550 32
209 74
303 388
3550 734
3550 17
2757 17
541 17
613 38
151 74
1284 254
562 543
1284 0
612 0
0 2753
0 2755
2121 8
8 1720
612 17
211 19
38 3781
3781 39
734 223
506 71
211 78
192 167
263 0
680 16
271 211
1456 263
71 0
273 3
71 10
96 1
2759 8
41 32
1283 96
1283 0
71 3
78 8
71 17
383 17
49 17
1283 17
1474 71
112 71
2761 71
631 71
283 71
283 480
1917 2750
0 2092
21 734
1283 49
2760 71
8 1471
21 868
1279 32
283 96
283 625
39 17
3781 481
1283 8
2124 16
1279 49
734 39
545 71
0 159
8 1713
735 17
2117 17
631 39
136 734
2764 734
0 2763
0 2762
271 8
21 19
21 625
2478 34
273 8
2125 39
263 254
2125 263
263 14
210 96
283 211
500 793
2126 0
0 2766
202 8
621 8
628 32
56 34
283 34
1441 56
56 2765
2126 134
3781 210
545 8
734 10
545 3781
1477 8
299 8
734 32
218 134
1477 218
218 2685
201 8
1477 39
383 76
3565 8
8 218
8 3728
56 159
56 1134
238 664
3728 3565
134 10
134 544
8 1724
210 16
218 16
303 100
218 1710
303 3452
1710 728
8 1725
388 234
2768 1725
466 8
542 17
97 939
629 299
1725 732
388 468
3781 938
8 512
1282 0
388 1
1282 8
1135 32
36 478
388 56
388 378
388 438
388 1076
15 1285
20 16
1282 32
1135 96
1135 0
174 8
8 112
10 941
112 129
1135 174
2122 388
388 3578
3 73
631 8
8 96
1640 1239
174 0
8 34
8 2123
436 34
1021 77
0 2770
853 8
680 10
680 3742
3781 3602
2127 8
8 3742
283 44
1282 585
1475 8
8 97
8 682
1242 39
41 0
0 74
2769 8
283 8
187 16
682 21
283 21
21 383
25 1136
942 187
682 210
195 8
8 1469
25 34
682 0
732 8
121 16
271 19
2772 21
314 74
732 121
2767 283
2127 283
2128 0
2128 9
436 17
21 100
436 56
121 2773
271 187
0 2771
8 314
680 14
314 16
680 21
38 21
2767 71
16 8
8 233
3741 10
3741 21
3 8
8 2776
2777 9
210 14
2775 680
14 0
0 2774
0 345
932 21
680 3781
870 16
1637 21
3781 145
1281 254
1286 8
273 14
3743 17
3743 21
3743 97
1726 254
3743 682
2528 794
3743 943
2778 0
304 0
943 0
17 2689
631 43
43 1728
345 56
871 56
56 303
345 941
2779 0
345 303
943 304
2780 8
120 17
17 871
211 34
3743 345
870 1
8 680
25 21
21 1137
682 25
314 25
941 25
942 25
16 14
304 25
614 66
0 586
0 2782
586 1
192 25
941 231
231 273
586 304
