3783 877
1 401
9 969
9 270
112 53
118 1
118 53
118 470
118 270
167 73
270 1
270 53
270 112
270 470
473 36
53 36
112 36
167 9
167 438
98 9
1631 36
1126 112
9 1
1126 1
112 3
1 167
0 112
1631 1
0 1
504 120
470 1
3 98
3602 504
90 3
3602 90
90 296
73 311
9 3
2472 98
237 98
120 39
120 118
120 3
36 30
118 90
3578 36
3578 53
709 1
118 3
624 0
0 743
438 3
624 90
36 379
39 1400
1208 3
3 311
916 44
1126 73
3578 292
511 1
511 22
39 22
624 73
916 1
39 36
44 250
624 438
2890 39
43 39
3730 624
743 39
743 711
167 90
743 248
500 3
1114 401
1468 624
743 401
435 1
767 435
767 22
90 36
39 988
1086 22
1114 916
531 3
916 39
39 378
73 3
445 3
388 44
388 22
388 125
388 292
531 90
768 90
112 768
767 1
767 3
22 709
1086 43
1086 73
125 292
1208 1
1 53
1 73
292 1
1908 3
292 73
292 90
292 112
292 438
292 401
30 378
44 39
130 73
144 130
560 130
147 53
511 120
438 147
248 401
445 1
767 147
269 147
2102 3
2102 39
767 44
767 445
3 22
3 236
147 118
511 147
1408 147
269 236
378 1
465 53
465 147
378 222
465 378
378 1208
147 108
1400 147
378 269
2697 1
22 1918
1225 39
459 53
1918 39
43 710
378 53
378 108
147 130
839 147
147 3505
1627 151
511 151
1229 378
3505 1400
709 3
1599 39
151 147
768 1
934 22
147 39
1269 3
768 118
768 151
511 459
768 459
147 43
3 1
850 39
151 53
1599 147
250 222
530 53
3505 530
233 39
378 43
2437 22
22 43
39 1076
530 44
296 105
530 130
1912 147
839 530
3 530
1269 108
296 1211
1920 1269
1400 1
108 107
625 151
3730 1400
1 311
1225 22
839 53
222 108
773 530
1098 108
147 138
222 144
1098 144
1098 147
192 3
511 3
250 3
465 44
249 3
1907 3
1815 3
1075 43
511 108
1130 43
130 43
378 3
138 22
105 43
222 164
22 107
3 0
2438 3
1600 22
1397 22
1600 107
98 22
22 1130
3730 2439
839 3
1077 22
22 83
467 3
147 83
3 3728
767 15
465 22
22 2440
653 465
1600 605
1400 3
840 3
1400 22
605 418
467 3730
2441 3
22 152
465 222
3 418
151 152
561 3
3 248
467 9
1909 15
151 43
841 3
841 15
841 22
1910 22
841 98
841 147
151 3730
841 152
233 1909
435 269
0 378
222 62
144 297
710 222
710 15
151 90
144 3505
1209 297
1076 388
907 22
1079 22
98 561
1211 352
352 378
1211 2443
22 1
98 1
985 1
1602 1
1 468
1 147
1211 15
22 499
90 53
352 98
1602 152
22 297
22 400
1602 296
1401 22
22 137
1907 1077
249 1
43 1
1601 3
98 105
1213 418
1399 22
986 418
310 3
364 3
43 15
2444 15
1913 15
437 44
437 90
987 151
44 1
53 3
3 3730
3 39
3 379
144 15
655 22
53 22
144 53
53 3730
53 292
222 90
1401 353
770 418
3730 1399
845 0
2445 1
1 199
709 15
15 606
843 22
606 22
250 151
353 250
3728 250
709 768
1605 0
846 22
22 502
223 62
379 118
606 199
846 199
530 418
436 22
2446 22
3451 711
502 1
986 1
222 3
502 15
500 22
2442 22
22 128
500 43
502 98
418 148
502 199
843 850
44 352
1606 112
1915 1606
503 1
1 3579
3 3579
770 15
73 1604
606 130
148 710
606 768
908 840
2447 0
236 15
235 22
769 22
22 842
236 39
654 62
844 62
501 112
235 151
655 236
772 654
1920 1
1 531
44 3
710 3
15 137
22 772
310 105
654 105
223 233
1921 1
3 436
503 22
22 292
22 166
73 1401
654 365
236 1
208 1
772 3
654 15
1081 22
712 22
654 44
108 710
352 118
236 148
1080 149
236 166
1218 236
352 531
654 418
3 770
3 847
469 15
1082 15
1916 15
71 2448
418 98
2450 148
655 208
214 321
989 418
3 2453
1609 15
269 15
118 22
128 43
1077 43
2452 62
499 105
499 108
499 128
128 655
128 769
144 1610
907 151
2449 199
504 352
1 419
989 36
223 44
137 435
208 168
1401 438
990 844
3728 1610
365 3
771 3
3 144
1921 15
98 20
1612 22
992 44
128 98
98 2454
2455 144
167 771
1612 440
992 504
773 1
844 22
989 108
321 118
1926 418
2456 989
2457 989
3 235
418 15
22 468
98 71
98 83
208 98
271 105
128 208
128 1081
3728 208
401 233
3728 562
3760 989
563 1
2458 1
3728 15
20 234
563 22
418 166
3 1084
3 223
22 15
39 1213
234 118
1084 128
208 1086
234 3730
296 3615
296 1914
563 654
352 3
2464 3
400 3
1086 3
3730 15
533 15
3730 20
657 22
1403 44
1927 44
1221 62
128 1218
1927 208
2463 223
1220 296
654 297
656 321
3730 563
3730 714
3730 847
30 3
419 3
564 15
1924 15
562 98
658 98
98 3452
128 1214
128 1607
1914 144
564 208
2465 208
1087 251
1077 352
437 438
2459 533
1087 564
502 0
3 36
297 15
439 22
564 62
128 501
128 1608
128 214
235 174
2461 223
437 352
435 3615
1221 3728
3730 1610
20 1
3760 3
15 3
2467 3
1221 15
1089 15
1925 36
39 1223
174 41
44 41
108 41
2468 144
847 236
1408 1
1221 1
2466 3
3 269
1408 15
15 36
41 20
442 22
1219 22
771 22
108 1929
128 118
442 128
251 128
128 606
149 144
2470 223
504 234
352 442
847 996
1082 1926
1089 1
167 3
1090 3
3 465
99 15
1090 15
769 39
716 39
39 128
440 90
716 128
128 168
167 151
167 995
2471 223
3730 223
400 1610
1610 419
2469 1089
993 0
249 15
1092 15
847 22
39 605
717 62
3730 98
354 107
352 112
1219 128
128 321
714 249
1929 251
2475 271
352 995
2473 533
1605 715
1412 716
380 3
1087 3
534 3
3 138
3452 15
565 30
560 36
36 311
839 41
608 41
1082 62
251 105
1227 128
128 1226
128 997
565 137
534 200
200 505
909 222
1412 222
534 223
1223 235
235 1213
2481 250
381 251
471 269
1931 269
472 292
1095 310
1088 310
2479 471
534 506
608 506
3452 534
3452 535
1412 562
910 565
1088 608
1219 715
2477 716
1094 1082
1223 3452
1225 2476
381 1
354 1
1 237
1229 3
322 3
1610 3
3747 3
1415 22
1617 41
1089 43
322 43
151 44
532 44
44 1932
83 53
1094 62
380 83
3747 83
774 83
1618 83
83 137
1215 128
128 439
128 193
128 1415
128 1920
1097 149
380 250
1915 352
534 421
504 437
774 440
657 465
997 472
565 506
3549 535
1617 563
3747 605
3747 657
997 774
1913 3505
222 0
2471 0
149 3
2484 3
108 3
992 15
41 15
991 41
441 43
62 2482
1082 83
1098 107
128 990
128 1405
128 533
128 1613
910 148
292 148
1093 148
3452 174
292 174
1093 214
1916 250
560 292
1937 296
2483 338
437 401
3549 506
991 528
1094 530
991 535
608 1092
3549 715
1094 991
1097 991
3549 1097
1929 1934
1929 3747
1934 3747
352 1
108 1
2487 1
1935 1
1217 3
1085 3
3760 15
536 22
714 41
128 988
128 3760
128 271
1917 192
352 215
440 215
1094 237
323 297
657 323
323 3747
421 381
401 990
1925 419
528 420
653 534
717 653
1917 653
2474 773
1419 992
2486 1620
533 0
0 41
657 1
1614 3
533 20
1398 36
83 41
298 83
1097 83
2480 83
847 83
418 83
83 609
2489 99
421 108
128 1224
535 148
713 237
354 237
1623 237
1941 251
421 273
1614 310
1939 323
1930 323
713 402
771 419
536 441
1226 469
1087 536
1930 717
1614 995
1226 3730
1935 1231
1623 1418
1614 1917
1231 0
1224 1
1231 1
2491 3
536 15
608 47
3549 47
3580 47
269 47
3689 47
3689 118
1095 128
128 842
128 422
128 1411
128 563
466 148
1233 158
3580 158
3767 174
1934 208
1930 272
296 3730
609 310
3580 339
1919 421
466 421
441 3689
565 443
535 534
535 1622
715 565
1605 766
2493 774
3689 3580
110 3
1414 3
717 3
3549 36
562 44
112 83
535 83
565 108
128 1096
128 1091
128 772
128 846
128 297
128 1407
381 180
1228 251
534 338
499 339
339 1944
1937 340
506 421
1418 421
1418 435
911 533
533 3760
911 534
2494 715
1622 911
1097 3767
1617 1225
